200 1000
0 18
320 164 113 844 18 309 270 381 404 410 433 970 452 935 491 639 587 855 
12
29 43 109 118 137 153 165 173 182 184 188 193 
1 21
951 948 844 757 17 612 254 184 677 10 59 688 355 238 423 419 444 707 448 625 685 
25
8 12 16 42 65 76 79 80 88 90 93 105 112 113 115 119 122 129 131 150 164 175 178 183 185 
2 16
746 446 511 273 957 923 753 719 294 587 434 220 975 788 346 284 
19
15 17 18 24 34 47 52 59 65 74 80 85 87 97 111 150 151 160 173 
3 16
987 920 542 463 447 662 407 165 748 17 340 966 405 218 28 317 
20
13 20 23 24 27 35 40 44 53 70 80 85 101 105 120 141 165 166 175 198 
4 17
993 163 124 634 70 801 886 17 203 104 289 363 657 381 603 862 950 
16
5 25 32 41 58 91 110 113 119 136 160 170 175 178 189 196 
5 18
914 910 210 380 254 177 704 234 370 206 767 178 340 344 406 702 412 745 
20
4 11 20 27 37 38 52 66 69 87 91 102 114 116 129 138 158 175 178 192 
6 22
982 908 880 866 801 223 238 682 220 146 18 477 309 581 799 22 429 239 535 557 643 796 
14
17 20 31 46 66 92 102 106 108 133 138 140 167 170 
7 31
910 864 856 997 775 770 747 632 245 367 418 29 705 631 187 68 391 112 408 773 662 33 951 803 285 343 444 535 976 569 575 
15
33 37 40 51 62 78 89 97 103 110 129 139 168 189 199 
8 16
590 884 527 520 895 504 473 603 127 939 21 294 347 763 185 440 
19
1 11 22 27 44 45 50 55 61 72 119 129 131 135 140 145 155 157 161 
9 22
987 996 959 874 350 775 343 290 103 397 877 766 174 871 456 847 488 523 536 665 1000 852 
21
29 40 41 42 45 48 51 52 72 76 80 99 107 120 128 162 167 168 169 170 190 
10 15
869 652 774 689 621 568 54 34 630 613 103 69 266 535 484 
19
21 23 35 38 54 72 90 95 97 106 118 124 125 126 130 163 170 180 186 
11 26
975 871 828 804 788 761 435 19 91 329 163 348 207 429 734 438 867 719 275 608 505 560 932 155 488 562 
24
5 8 15 16 17 24 26 32 44 47 59 86 93 95 113 118 130 131 157 161 165 181 186 193 
12 22
992 894 731 291 206 843 325 234 319 202 128 655 163 952 656 707 938 309 403 405 482 685 
13
1 22 33 35 46 90 101 104 125 133 138 139 187 
13 15
963 791 605 577 568 836 173 48 818 631 461 812 183 191 280 
17
3 14 15 18 31 37 55 59 64 65 85 92 98 117 137 146 178 
14 22
929 867 854 819 434 140 616 852 667 321 791 125 516 604 12 298 113 354 379 455 540 563 
15
13 31 33 55 68 81 90 123 128 138 140 156 162 182 187 
15 19
983 909 260 259 247 298 59 65 145 626 307 339 803 359 437 479 971 416 527 
23
2 11 13 21 22 23 24 47 52 57 71 83 115 121 124 126 129 134 136 148 160 171 180 
16 18
905 427 347 29 687 539 30 123 345 863 467 841 527 561 560 951 544 618 
18
1 11 32 38 40 41 57 62 63 72 73 88 91 111 129 191 198 199 
17 25
943 885 702 694 667 659 142 886 701 516 103 307 62 538 77 689 393 488 532 235 383 568 306 602 653 
23
2 6 11 19 23 28 32 33 41 52 54 56 88 94 96 98 127 129 160 170 176 178 191 
18 22
964 993 919 936 825 213 502 91 30 64 218 155 444 970 563 716 226 374 802 256 811 824 
20
2 13 54 66 82 90 104 114 117 118 121 138 142 156 158 181 182 184 189 191 
19 24
857 752 701 676 344 203 646 424 299 61 435 659 104 371 389 984 392 115 448 476 864 568 434 619 
18
17 40 51 61 65 66 70 121 125 129 145 156 162 163 174 180 184 189 
20 22
956 881 844 840 731 136 658 823 157 73 199 532 441 526 508 545 234 419 530 715 272 605 
17
3 5 6 36 48 62 63 76 96 120 140 146 152 162 164 165 192 
21 13
983 826 649 528 454 227 297 395 563 461 444 41 253 
28
10 15 22 24 39 54 61 67 70 71 80 81 94 103 107 109 128 130 137 140 141 144 148 154 179 185 189 195 
22 19
887 861 68 238 663 61 299 91 21 155 22 532 368 930 449 806 462 637 681 
26
8 12 15 21 27 37 38 45 47 49 75 76 90 96 98 100 107 109 112 127 147 153 155 158 177 185 
23 24
898 878 872 814 786 674 211 245 235 513 207 244 300 31 623 486 515 442 590 890 76 594 776 665 
27
3 10 15 17 30 42 46 56 60 66 79 81 86 98 99 106 107 111 112 116 120 139 142 153 156 165 173 
24 12
688 562 743 471 108 192 693 47 644 304 355 446 
22
2 3 11 15 21 25 36 38 51 63 69 73 88 89 98 105 131 142 144 156 163 182 
25 19
853 273 63 93 23 363 982 94 279 364 288 46 416 379 527 629 855 559 818 
25
4 24 30 36 43 45 79 82 100 101 102 118 121 122 127 129 138 139 158 159 164 174 175 189 194 
26 19
978 886 854 507 524 449 513 772 145 179 580 835 629 675 753 806 251 769 807 
20
11 51 62 74 76 94 98 103 104 112 116 121 122 135 155 156 166 192 195 199 
27 17
968 184 7 636 68 47 880 900 12 726 418 649 273 754 101 804 905 
21
3 5 8 22 34 57 61 62 81 109 112 114 119 125 126 141 159 164 169 172 185 
28 14
990 956 905 724 640 915 252 322 209 646 306 578 976 619 
16
17 37 42 43 47 52 59 64 114 127 139 153 169 182 187 193 
29 17
860 172 150 101 832 75 840 20 34 558 595 210 346 236 418 571 549 
13
0 9 46 54 63 64 74 106 138 143 155 160 177 
30 18
860 904 386 794 372 220 6 11 391 510 393 519 320 616 586 531 642 649 
14
23 25 35 49 67 75 77 114 118 132 135 148 156 192 
31 20
723 650 40 380 98 900 86 477 79 67 108 145 422 592 899 344 201 497 359 631 
21
6 13 14 35 36 40 43 62 74 76 79 85 87 124 126 136 139 144 157 180 191 
32 17
996 431 372 695 865 995 161 544 334 583 685 636 891 434 730 893 819 
16
4 11 16 17 40 78 81 82 107 113 132 134 165 173 187 199 
33 20
813 687 339 441 370 347 421 168 508 829 200 644 722 463 486 499 529 188 558 595 
21
7 12 14 17 39 42 44 62 67 84 106 114 119 123 144 155 172 180 182 185 190 
34 28
921 824 908 760 686 50 841 101 138 89 480 806 29 241 826 530 245 733 696 289 363 997 960 183 516 192 303 562 
23
2 27 41 47 52 64 66 67 75 78 83 85 101 111 112 116 123 129 143 154 166 167 190 
35 16
686 487 605 469 435 378 102 949 354 19 651 583 124 254 649 309 
16
3 10 12 30 31 37 79 91 101 103 105 109 130 146 180 188 
36 18
947 147 131 931 43 434 519 689 209 753 923 377 118 285 241 537 633 888 
18
20 24 25 31 38 109 111 114 120 127 129 136 165 172 176 185 187 197 
37 17
951 162 417 485 893 231 775 70 223 356 132 489 863 361 497 572 683 
25
5 7 13 22 28 35 42 43 53 81 83 88 94 103 105 112 123 141 161 168 181 186 187 191 198 
38 26
998 939 847 762 752 719 701 156 683 700 111 43 502 940 163 15 806 732 29 224 335 172 260 263 337 657 
18
5 10 16 22 24 36 41 57 59 64 71 91 108 132 147 159 167 177 
39 20
862 835 967 782 448 154 105 20 50 160 328 498 108 71 367 490 484 595 599 778 
18
21 33 41 42 45 99 101 106 109 135 139 145 146 150 151 161 189 192 
40 20
932 716 221 112 684 166 26 520 298 108 222 250 454 590 608 164 423 461 492 569 
26
3 7 9 16 19 31 32 68 78 85 96 103 117 120 121 132 138 142 143 149 156 157 171 185 186 191 
41 17
359 937 242 378 136 349 940 237 713 849 505 402 895 216 660 707 843 
29
4 9 16 17 34 38 39 57 61 73 85 99 100 108 109 111 117 125 127 130 148 163 168 170 175 185 187 191 197 
42 21
930 792 779 778 211 147 146 82 136 946 391 307 327 377 538 649 148 481 744 460 756 
25
1 9 23 28 33 37 39 46 52 78 81 89 90 114 116 118 130 143 146 154 155 157 163 177 190 
43 22
897 743 78 435 143 674 526 31 55 840 174 215 236 958 292 836 392 101 545 58 576 539 
19
0 25 28 31 37 58 82 93 129 133 136 143 171 174 176 182 184 185 198 
44 22
977 878 798 794 769 103 113 538 43 92 166 735 32 457 119 153 361 30 548 537 660 666 
16
3 8 11 33 68 83 84 94 104 105 116 121 169 174 175 189 
45 24
889 752 726 710 701 639 631 265 19 381 196 952 175 311 481 292 386 105 438 472 262 521 544 596 
18
8 9 22 25 39 54 60 67 68 73 75 109 116 122 153 159 161 198 
46 23
965 953 885 843 934 823 128 264 100 746 763 2 146 48 677 159 212 73 628 851 407 629 691 
27
6 12 23 29 42 59 63 67 92 104 107 108 110 127 131 132 137 144 147 152 156 158 181 182 184 186 187 
47 20
986 977 931 133 278 253 3 982 649 478 818 578 421 717 680 286 434 619 789 732 
16
2 11 15 22 28 34 66 80 81 83 84 89 125 126 162 175 
48 16
920 725 800 630 462 485 434 498 362 285 24 92 97 271 59 280 
16
9 20 55 62 76 83 87 109 112 124 132 139 154 188 190 195 
49 24
991 975 973 865 734 721 246 76 359 996 219 185 318 539 361 445 683 451 672 538 664 776 369 702 
21
22 30 66 68 71 72 73 76 79 84 88 95 140 150 156 158 162 173 178 179 193 
50 24
856 797 760 697 836 651 272 534 907 93 450 916 28 177 29 277 345 447 282 219 293 622 548 322 
14
8 68 73 76 78 103 117 127 133 143 146 180 186 192 
51 20
862 840 402 204 165 562 732 968 783 371 21 782 523 602 906 18 721 678 705 791 
22
7 9 19 24 26 63 75 84 89 94 96 100 105 111 122 125 144 160 168 183 191 192 
52 23
969 916 842 840 798 754 720 233 147 144 263 200 179 638 343 462 479 641 345 59 392 661 690 
22
2 5 9 15 17 28 34 42 68 74 80 92 109 120 149 151 161 170 174 175 188 198 
53 20
975 908 858 396 174 837 30 421 292 564 288 103 409 802 432 461 835 994 624 626 
21
3 37 57 66 74 90 97 104 112 113 117 118 121 128 136 159 165 171 178 181 196 
54 26
959 672 852 630 269 198 986 98 520 739 221 554 617 284 966 670 411 522 317 95 539 566 307 54 313 534 
26
10 17 18 21 29 45 60 67 70 72 73 74 75 78 79 82 100 132 133 135 143 144 156 178 183 184 
55 27
946 914 858 813 754 707 690 652 130 487 937 382 9 76 298 252 84 656 360 70 440 331 627 466 774 515 630 
18
8 13 14 48 61 63 66 90 106 107 116 124 139 160 173 175 179 183 
56 27
995 985 887 865 827 729 209 152 45 166 18 32 250 693 471 741 297 867 312 746 376 533 496 935 602 885 663 
10
17 23 70 72 127 134 169 180 186 194 
57 19
970 948 860 176 244 1 312 201 152 195 47 225 332 406 440 498 589 658 782 
23
15 16 27 38 41 53 61 70 88 93 96 97 119 121 135 157 163 175 177 180 195 196 198 
58 20
950 867 209 166 642 157 792 126 228 63 318 299 673 107 329 567 559 993 734 759 
15
4 43 72 87 105 107 108 114 116 124 133 140 163 184 189 
59 28
964 866 856 824 918 770 749 734 732 344 616 738 331 688 329 652 287 576 243 376 854 262 410 580 556 982 501 612 
20
2 11 13 28 38 46 87 102 111 129 148 150 162 163 165 167 170 180 188 192 
60 14
918 631 960 552 486 579 239 972 496 20 319 328 294 430 
15
23 45 54 62 85 97 100 105 112 135 136 146 153 185 189 
61 23
983 901 899 817 736 658 951 211 633 83 34 425 193 60 349 247 543 377 237 496 401 72 405 
24
8 19 21 27 41 55 57 64 69 71 76 88 102 104 110 113 114 129 135 164 172 174 185 196 
62 11
817 791 761 835 376 651 362 425 474 518 541 
22
7 16 20 26 27 31 33 48 60 65 78 88 100 104 120 139 143 154 168 173 191 192 
63 21
968 922 863 825 127 144 126 802 62 708 37 60 149 676 165 214 452 235 252 545 546 
20
16 20 24 29 46 51 55 64 78 82 89 101 109 122 131 141 165 167 177 194 
64 19
852 847 779 124 243 71 84 203 777 239 426 257 427 559 14 569 174 63 655 
29
13 28 29 34 38 61 63 79 86 92 95 97 107 108 110 116 132 135 137 138 145 146 159 164 169 183 190 192 195 
65 22
947 923 838 820 798 219 91 771 157 226 50 272 299 52 348 439 365 739 999 370 82 674 
14
1 2 13 19 62 66 74 131 137 160 169 184 185 199 
66 19
749 223 163 401 452 124 389 84 927 668 298 604 319 421 66 584 585 250 657 
19
5 6 18 19 23 34 47 49 53 55 65 72 77 97 101 142 161 162 192 
67 26
1000 958 875 983 946 835 722 656 739 184 168 66 103 256 5 122 632 971 268 368 425 544 452 456 604 620 
17
21 30 33 34 45 46 54 68 71 118 128 130 135 136 182 198 199 
68 20
981 944 922 526 976 458 377 63 371 551 687 738 575 908 657 758 825 893 387 868 
22
14 40 44 45 49 50 52 67 74 88 89 106 120 128 129 138 149 157 175 184 189 194 
69 21
470 867 90 73 945 464 838 971 416 263 4 864 87 884 366 403 437 475 232 602 656 
15
5 24 61 100 101 124 133 156 162 170 177 181 185 189 195 
70 25
995 897 852 805 787 661 606 347 466 876 321 284 31 826 456 711 792 163 300 707 733 363 463 553 679 
19
3 19 21 54 56 57 91 102 108 125 133 136 152 156 165 180 183 191 197 
71 21
999 978 923 885 765 115 30 302 60 246 218 255 424 14 458 82 526 747 546 650 758 
12
15 21 38 49 61 67 83 90 120 124 160 189 
72 26
799 526 521 549 253 49 531 457 861 343 596 411 172 773 403 350 122 418 358 400 502 823 46 416 908 464 
26
8 9 10 16 49 54 56 58 66 88 92 95 108 116 119 121 133 134 142 144 151 164 173 188 189 196 
73 20
869 307 292 977 496 841 212 45 436 49 356 801 764 359 302 413 548 629 743 754 
17
16 24 41 45 49 50 54 97 124 130 140 149 160 165 167 176 182 
74 20
995 921 912 903 17 252 235 31 306 417 453 480 482 503 573 695 797 641 863 900 
26
2 26 29 31 52 53 54 65 68 81 84 87 93 120 136 139 144 145 154 156 157 158 174 181 186 189 
75 19
767 842 657 234 77 274 261 113 276 338 167 426 528 630 591 517 527 561 651 
15
22 30 34 45 51 54 76 93 102 106 140 158 166 181 185 
76 21
870 840 797 709 299 129 690 255 136 985 97 102 324 328 345 668 380 385 424 553 638 
31
1 9 20 22 26 31 48 49 50 61 75 84 111 113 118 121 127 128 129 144 145 149 156 163 172 175 184 186 187 188 189 
77 29
824 796 671 865 643 594 592 755 533 550 172 968 746 376 1 477 33 235 109 405 917 843 732 251 210 173 395 549 554 
14
30 66 80 85 116 123 143 150 158 167 184 186 187 188 
78 18
979 397 924 396 342 251 404 160 220 673 652 541 911 691 743 927 853 901 
23
7 32 34 40 42 50 54 62 63 79 88 91 99 101 110 116 118 125 146 169 172 183 185 
79 20
960 935 909 291 240 976 236 112 435 382 390 420 204 426 453 313 572 489 744 751 
24
1 23 25 31 35 49 54 64 78 80 83 86 101 109 126 156 158 160 167 176 186 189 190 192 
80 18
886 222 153 85 330 993 364 64 387 78 451 575 536 610 644 616 786 768 
17
1 2 3 9 21 47 52 77 79 84 109 113 115 150 177 188 193 
81 19
908 793 658 103 226 381 250 65 398 45 415 198 568 986 653 789 678 502 724 
18
14 21 23 27 32 37 42 47 74 97 100 112 127 134 146 181 184 192 
82 27
972 948 877 856 829 592 122 109 58 831 313 513 106 887 591 480 70 16 927 187 656 323 219 457 260 265 558 
14
18 25 32 43 54 63 85 93 95 120 137 149 171 189 
83 19
909 895 234 318 540 203 163 894 43 137 596 868 437 659 326 416 550 691 852 
21
15 34 37 44 47 48 71 79 86 103 106 121 122 124 125 129 138 147 161 163 175 
84 15
973 926 920 902 884 629 590 571 94 67 839 261 406 228 517 
21
33 44 47 49 51 74 76 80 94 110 117 120 124 140 158 159 161 165 166 179 195 
85 14
934 995 774 820 735 676 263 256 274 377 915 643 708 436 
15
2 3 13 31 34 40 41 60 77 82 109 120 148 165 184 
86 25
975 968 965 667 601 591 454 104 335 76 24 793 201 422 345 481 515 402 465 958 662 33 514 507 544 
14
11 23 64 79 83 92 100 118 119 153 167 176 178 190 
87 23
868 765 638 600 357 215 149 200 147 591 187 2 410 4 412 867 497 953 546 324 845 364 451 
23
2 5 31 48 58 59 74 93 100 109 110 135 137 142 158 163 165 168 169 175 187 188 199 
88 9
784 689 431 163 58 175 306 340 402 
24
1 16 17 24 37 49 57 61 62 68 72 78 112 117 119 121 124 127 134 166 172 174 179 195 
89 22
896 845 702 639 603 186 237 229 486 5 515 484 77 21 272 403 809 180 439 481 444 547 
13
7 24 42 47 51 63 68 105 116 119 142 152 182 
90 20
922 915 806 852 297 416 235 137 77 230 308 784 398 424 104 437 465 703 660 623 
23
1 10 12 14 18 22 42 53 55 71 92 107 122 131 141 149 158 165 177 180 185 186 193 
91 25
946 921 873 140 138 308 712 342 261 150 73 447 92 969 895 636 945 464 353 842 472 659 407 994 624 
17
4 5 16 35 38 70 78 95 110 111 126 163 165 185 192 195 196 
92 23
871 830 748 717 704 685 308 512 219 957 32 116 451 373 366 514 325 547 666 99 469 617 635 
18
6 13 46 52 64 72 86 90 100 103 116 124 126 137 148 154 165 180 
93 22
993 882 834 784 777 225 361 102 578 149 160 83 232 235 422 263 314 682 386 409 204 537 
20
1 11 43 57 74 75 82 87 99 111 112 113 118 137 144 145 148 162 171 195 
94 25
957 785 773 751 733 720 642 297 314 19 46 12 633 189 41 428 621 436 512 364 475 553 582 616 618 
16
17 21 26 37 44 51 84 102 124 128 133 145 156 164 165 166 
95 19
924 870 845 243 225 176 363 413 154 69 300 528 343 137 581 774 751 825 831 
20
10 11 49 64 72 82 91 97 106 107 122 134 139 144 161 164 174 187 192 198 
96 25
859 783 656 608 128 186 29 781 189 7 736 551 293 463 480 876 839 321 363 846 365 421 46 453 504 
17
17 20 22 40 51 57 110 118 121 125 133 147 160 171 176 177 197 
97 19
854 715 120 202 276 206 45 879 102 297 501 500 566 446 668 376 450 302 672 
23
2 7 10 53 57 60 64 66 73 81 95 98 105 142 149 152 170 174 176 178 179 185 199 
98 20
865 778 290 142 669 719 293 863 752 907 56 167 132 317 333 605 527 597 672 692 
16
13 17 22 23 24 26 97 109 114 137 150 152 153 170 182 191 
99 27
938 777 892 707 650 762 318 267 275 72 654 617 62 320 340 846 698 661 365 535 387 480 443 40 373 447 464 
14
9 23 39 41 78 93 104 123 133 138 150 160 171 196 
100 10
982 727 80 1 713 526 91 138 820 310 
21
22 25 41 51 54 60 62 69 81 86 87 92 102 129 137 139 141 152 154 164 197 
101 18
884 998 110 59 484 106 446 11 283 234 286 312 703 822 361 509 781 612 
21
3 12 25 34 35 39 63 66 69 78 79 121 128 145 150 161 174 178 180 190 198 
102 18
997 270 95 435 358 963 1 8 3 649 683 403 429 568 823 592 863 931 
18
5 6 25 59 61 70 75 94 100 121 136 138 142 146 147 164 169 189 
103 20
738 245 242 599 240 309 343 113 334 555 782 708 227 766 322 348 654 438 468 680 
16
7 21 26 35 37 40 50 83 92 108 129 156 170 180 186 190 
104 18
997 933 776 293 17 247 30 455 536 462 581 673 732 68 438 845 385 866 
18
12 18 26 44 46 53 61 62 99 109 127 131 145 152 163 181 185 189 
105 21
959 911 755 690 115 625 144 518 102 204 49 508 244 69 550 344 683 461 43 598 602 
20
1 3 24 35 37 44 51 58 60 89 97 119 125 132 141 153 176 186 188 195 
106 22
969 934 911 877 253 218 148 106 960 35 930 79 436 404 341 452 707 721 751 853 656 841 
25
6 10 23 29 33 39 55 68 75 83 95 121 122 125 145 146 151 153 158 168 170 174 186 191 195 
107 24
928 889 744 989 619 362 308 104 161 970 193 550 88 597 375 422 490 873 503 536 594 912 394 616 
21
9 21 22 23 32 46 55 58 64 90 95 110 115 127 139 143 154 175 178 192 194 
108 18
968 976 384 62 463 552 246 468 621 369 961 475 720 300 818 748 785 933 
15
6 38 41 46 58 64 70 72 103 115 118 126 145 153 165 
109 25
982 896 893 874 790 781 742 735 317 285 470 273 51 954 29 641 43 451 536 506 395 422 330 552 700 
31
0 21 22 27 35 36 39 41 45 48 52 63 79 80 85 87 98 104 118 127 132 133 140 145 159 168 171 173 191 193 195 
110 18
883 686 135 662 195 467 55 633 346 17 224 445 6 598 250 580 86 678 
19
4 7 46 61 64 78 84 87 91 96 107 120 141 151 152 157 165 168 181 
111 13
770 808 740 696 684 176 274 950 117 245 574 581 326 
18
2 16 23 34 36 41 51 59 76 91 93 123 151 163 167 178 188 190 
112 21
959 863 846 221 208 127 6 224 105 287 962 814 333 909 465 724 506 545 727 579 696 
22
1 22 23 26 27 34 37 48 53 60 81 88 93 117 119 122 130 135 139 144 172 196 
113 20
997 990 956 114 955 178 444 85 26 186 305 22 207 513 313 650 797 87 864 949 
17
1 4 11 32 53 61 76 80 93 151 154 164 167 178 184 190 192 
114 17
930 144 552 926 167 212 101 509 332 359 709 561 674 244 318 725 749 
21
5 18 27 28 30 33 36 42 58 61 98 119 122 127 130 132 145 147 149 188 194 
115 25
998 881 872 931 857 970 82 286 211 568 772 114 44 74 941 571 349 945 723 408 459 921 218 477 764 
11
1 15 80 107 108 123 124 145 147 154 160 
116 24
936 933 870 827 928 336 47 506 857 709 376 427 699 129 411 683 354 132 687 893 449 560 579 681 
18
5 23 26 34 42 44 45 55 58 64 72 77 78 89 92 129 160 167 
117 19
993 987 144 172 376 170 925 629 229 44 404 531 32 846 513 772 840 674 896 
13
13 18 40 41 50 53 84 88 112 149 175 182 196 
118 21
932 816 808 772 764 405 569 87 185 444 614 699 122 547 482 669 591 306 195 676 692 
25
0 10 11 18 25 30 42 53 67 76 78 86 93 96 108 109 119 123 143 147 164 172 189 195 199 
119 18
196 672 369 199 166 115 10 531 650 578 956 697 895 636 704 785 804 817 
25
1 4 8 27 33 57 72 86 88 89 105 112 114 118 123 128 145 146 147 160 161 189 192 193 197 
120 12
815 766 871 718 581 434 117 2 149 68 289 221 
24
3 9 20 23 36 40 52 62 68 71 74 82 84 85 110 129 158 163 165 168 175 180 188 196 
121 21
994 701 684 210 154 130 89 344 582 88 236 671 301 995 144 403 337 490 914 359 655 
26
15 18 19 25 26 40 44 53 57 72 76 83 88 96 101 102 106 122 123 126 129 131 141 160 167 191 
122 19
993 956 937 832 156 48 220 109 688 39 532 25 617 404 593 698 369 850 924 
18
1 25 26 45 51 63 83 90 95 106 112 114 121 129 163 180 191 195 
123 19
975 323 319 974 419 487 44 128 842 703 755 941 756 209 764 848 884 736 921 
21
14 33 34 37 77 99 111 115 118 119 121 124 129 135 138 143 154 171 182 187 191 
124 17
272 4 138 33 294 268 416 501 58 428 462 972 618 969 673 996 811 
23
10 15 31 48 55 58 69 71 73 83 84 88 92 94 115 123 126 130 132 136 146 151 163 
125 12
978 939 933 862 544 953 120 290 324 173 377 518 
21
10 12 19 27 41 47 51 70 78 83 96 105 106 139 151 157 158 161 163 185 188 
126 22
977 909 773 848 663 123 102 629 32 491 542 154 112 262 347 675 453 572 35 479 522 611 
20
10 15 27 31 47 79 91 92 108 121 124 137 156 165 168 174 175 191 193 194 
127 15
969 790 695 648 445 395 167 181 528 18 962 571 180 346 380 
25
17 22 25 28 36 41 46 50 56 76 81 88 104 107 109 114 134 138 140 152 164 168 172 178 197 
128 15
920 828 676 630 611 825 94 58 226 711 609 116 459 683 377 
12
9 14 21 53 67 68 76 94 101 119 149 165 
129 22
977 971 879 994 809 161 119 92 58 752 123 53 281 295 336 492 475 734 555 589 479 590 
32
1 5 7 8 15 16 17 19 25 34 36 43 59 61 68 76 83 100 103 116 120 121 122 123 135 152 156 157 159 160 169 172 
130 17
942 244 210 584 890 105 101 50 781 82 279 344 396 872 610 620 726 
21
10 11 21 35 41 42 67 73 112 114 124 132 135 144 147 156 161 162 167 183 198 
131 21
958 940 930 853 194 894 228 262 18 164 38 310 531 175 286 728 506 821 155 747 774 
17
1 8 11 24 46 63 65 90 104 121 136 141 164 166 170 189 190 
132 16
691 562 514 620 501 407 360 355 332 281 126 114 148 218 155 172 
19
30 32 38 40 46 48 54 64 105 109 114 124 130 135 136 156 160 192 196 
133 18
862 827 311 306 221 295 169 798 314 319 337 360 69 513 514 657 759 746 
19
6 12 43 50 54 58 69 70 72 94 96 99 109 136 142 145 147 153 191 
134 23
913 719 1000 593 222 185 787 454 862 196 70 125 278 243 246 266 368 165 350 425 544 924 591 
16
15 32 56 72 81 88 95 127 145 147 168 176 182 183 186 192 
135 15
946 932 913 594 735 565 178 59 720 244 257 910 740 451 298 
20
8 26 30 39 54 57 60 61 64 67 87 112 123 129 130 132 158 166 196 199 
136 18
843 125 894 191 210 136 102 11 217 414 525 611 645 660 343 417 750 767 
24
4 15 31 36 43 53 60 67 70 74 102 124 131 132 133 161 164 169 172 174 177 179 194 198 
137 22
979 876 694 651 889 630 159 23 516 153 167 130 52 192 345 326 564 362 399 261 483 526 
21
0 13 21 46 64 65 82 87 92 93 98 100 126 152 155 157 166 172 180 187 188 
138 19
899 451 774 360 139 321 51 947 503 741 584 647 979 868 668 772 117 857 854 
22
5 6 12 14 18 25 29 40 64 68 83 99 102 123 127 162 165 166 170 174 190 194 
139 20
996 922 866 932 525 780 423 164 135 84 88 479 35 452 641 675 721 740 522 855 
26
7 12 23 25 28 31 39 48 55 62 74 95 100 107 112 125 140 142 144 145 148 155 156 167 180 198 
140 14
980 977 897 800 607 547 434 327 24 7 51 248 95 202 
18
6 8 14 20 21 49 58 73 75 84 109 127 139 146 160 168 188 191 
141 22
986 978 972 125 108 11 194 364 68 994 920 476 331 258 406 262 558 694 574 911 689 733 
22
3 21 27 37 63 90 100 105 110 121 131 144 145 150 154 155 173 176 177 182 191 197 
142 20
748 830 719 685 69 126 205 279 101 67 288 116 306 493 505 307 529 540 586 654 
14
18 23 24 40 66 72 87 89 97 102 133 139 163 170 
143 17
924 222 52 72 13 339 428 418 751 529 869 669 856 830 616 875 910 
20
29 34 40 42 43 50 54 62 77 107 118 123 146 150 154 156 171 179 197 199 
144 15
866 876 808 584 538 467 461 65 38 865 593 134 171 137 420 
20
21 24 31 33 46 51 54 72 74 76 93 95 112 130 139 141 146 148 152 181 
145 22
997 658 576 69 188 67 122 85 64 134 376 265 684 277 833 19 278 606 310 366 570 420 
26
8 19 39 64 74 76 93 94 101 104 106 108 109 114 115 119 133 134 139 141 167 170 174 177 179 191 
146 27
980 945 950 876 839 719 47 455 881 659 378 650 921 107 144 70 870 389 947 910 503 209 653 743 887 776 819 
20
13 20 35 39 42 50 60 64 78 81 102 106 119 124 140 143 144 154 168 181 
147 22
976 952 607 579 91 83 287 678 123 38 39 192 19 179 888 222 275 442 470 133 281 540 
18
22 38 46 83 96 102 114 115 118 119 130 133 134 156 162 181 195 196 
148 16
609 886 529 635 397 595 51 453 351 45 110 893 264 768 292 267 
16
15 21 30 41 59 85 92 93 139 144 160 181 182 184 188 198 
149 21
886 712 631 619 153 178 102 435 554 193 482 179 10 343 547 795 351 402 578 504 606 
13
40 52 68 73 76 82 90 97 114 117 128 151 178 
150 23
973 952 901 972 898 324 237 811 441 144 586 63 416 675 82 945 353 427 468 665 517 673 799 
12
1 2 39 49 59 77 80 98 99 101 141 143 
151 19
949 896 274 478 176 169 31 850 153 634 500 722 346 790 900 715 654 876 880 
13
2 39 52 72 106 110 111 113 124 125 149 155 164 
152 22
891 831 785 560 684 240 169 58 444 296 330 837 60 816 187 483 261 352 231 601 675 593 
17
20 46 70 89 97 98 100 104 110 127 129 137 144 153 166 171 184 
153 20
912 853 757 311 158 807 585 133 558 501 53 665 177 436 448 42 560 629 666 710 
18
0 22 23 28 45 60 86 98 105 106 108 133 152 154 155 159 167 199 
154 21
925 837 795 308 291 716 248 588 79 824 417 577 66 473 533 350 424 683 950 321 765 
21
21 34 42 48 62 74 92 100 107 113 115 123 141 143 146 153 167 173 181 186 198 
155 20
961 983 946 367 504 301 913 864 4 980 18 579 902 530 201 756 829 884 899 917 
12
8 22 26 29 33 42 137 139 141 151 153 187 
156 18
971 926 136 258 417 5 27 775 71 145 293 310 304 423 317 319 567 677 
31
14 18 19 23 24 26 30 40 46 49 54 69 70 74 76 79 94 103 126 129 130 132 139 143 147 164 178 191 195 196 197 
157 23
973 922 942 868 661 593 561 213 285 395 25 78 295 312 306 194 379 405 409 123 419 475 495 
17
8 11 31 40 42 57 68 74 110 125 129 137 163 178 184 194 198 
158 14
805 502 461 245 58 510 170 756 212 360 20 362 192 218 
21
5 18 22 25 46 49 74 75 77 79 84 87 90 106 120 125 135 165 169 177 180 
159 11
889 821 683 848 151 622 61 558 288 353 573 
14
25 27 38 45 53 64 84 109 129 153 170 173 177 191 
160 14
882 729 565 912 351 296 188 251 44 136 949 609 48 150 
23
2 4 15 17 29 51 55 65 71 73 79 96 99 115 116 119 121 129 132 140 148 187 196 
161 23
954 765 733 236 786 83 182 420 3 107 287 583 745 634 545 923 849 553 673 156 600 674 688 
16
8 11 37 39 45 52 66 83 84 95 101 119 125 130 136 191 
162 17
926 318 743 338 15 246 106 684 390 582 434 546 352 574 596 822 844 
18
9 14 19 20 47 49 59 66 69 93 130 138 147 166 173 183 188 197 
163 19
859 444 223 580 385 292 947 22 685 483 534 806 622 632 743 949 172 579 764 
23
10 19 24 41 42 57 58 59 76 83 87 91 104 111 120 122 124 125 142 157 170 184 185 
164 23
998 853 783 405 810 366 264 570 826 345 465 489 101 138 693 753 494 454 528 647 780 521 667 
21
1 20 25 27 61 64 72 94 95 100 102 113 118 127 131 136 151 156 169 186 196 
165 23
969 961 799 763 530 793 127 518 80 194 379 400 126 570 976 902 421 439 173 25 469 545 669 
31
0 3 11 20 23 32 36 53 59 63 70 73 84 85 87 90 91 92 94 108 110 120 126 128 138 158 166 178 180 191 193 
166 16
927 920 781 914 710 606 141 739 705 8 255 904 343 378 556 352 
20
3 26 34 75 84 88 94 131 135 137 138 152 162 165 176 183 184 186 189 198 
167 24
984 786 760 706 605 229 215 572 190 156 186 163 243 885 293 480 302 333 370 653 320 645 386 604 
23
6 9 34 38 59 63 73 77 79 86 111 113 116 121 130 139 145 153 154 177 181 186 191 
168 17
937 385 378 582 286 219 491 916 92 925 180 455 931 516 580 800 836 
17
7 9 37 41 51 62 87 106 109 110 120 126 127 134 140 146 169 
169 25
888 879 841 828 737 733 120 106 20 200 72 220 368 53 423 505 197 641 998 702 517 958 551 568 603 
18
9 27 28 44 56 64 65 78 87 102 129 136 158 164 168 180 189 197 
170 20
996 954 943 858 322 763 221 157 57 79 236 606 810 337 417 740 461 651 687 715 
23
4 6 9 10 17 41 52 59 69 97 98 103 106 131 138 142 145 159 163 174 176 184 195 
171 17
984 234 278 346 238 71 225 564 453 511 549 673 692 319 578 763 773 
13
15 40 43 53 82 93 96 99 109 123 143 152 197 
172 17
961 386 137 26 153 765 83 445 535 585 641 123 789 594 679 755 866 
13
27 33 36 61 76 78 88 112 118 127 129 136 137 
173 13
338 573 437 284 279 275 34 6 59 87 259 838 260 
15
0 2 23 32 49 55 62 72 109 141 154 159 162 191 193 
174 20
968 925 919 887 284 337 864 190 479 61 93 637 356 417 311 385 570 482 807 548 
21
19 25 43 44 52 61 74 88 95 97 101 106 126 136 138 145 170 180 181 182 188 
175 23
957 906 904 788 603 817 558 112 95 10 163 123 36 2 495 156 185 289 323 396 399 537 426 
21
1 3 4 5 25 41 44 47 52 55 57 68 76 83 87 107 117 120 126 184 193 
176 10
378 374 984 168 716 189 364 131 341 362 
14
17 36 43 73 79 86 96 97 105 134 141 166 170 184 
177 23
930 883 816 810 249 759 812 220 209 317 613 65 105 297 205 501 873 466 251 806 706 948 763 
17
22 29 38 42 57 63 69 80 90 96 136 141 145 158 159 167 181 
178 16
666 665 573 782 85 975 23 89 396 243 766 188 876 672 502 213 
20
1 4 5 13 17 49 53 54 86 97 101 107 111 113 127 149 156 157 165 183 
179 22
955 936 989 101 874 60 9 930 264 485 146 72 35 898 269 343 387 402 476 549 635 801 
13
21 49 55 84 88 97 136 143 145 180 188 196 197 
180 24
809 673 96 436 709 80 39 617 789 86 999 37 620 139 686 168 338 230 677 492 495 107 514 588 
24
10 15 19 31 33 35 50 56 57 59 70 90 92 101 103 120 122 137 139 158 165 169 174 179 
181 27
903 988 692 686 679 665 633 193 177 693 360 499 462 632 62 419 784 118 361 920 735 143 365 535 569 418 515 
21
11 18 37 46 53 69 74 75 81 104 110 144 146 147 148 154 167 174 177 185 193 
182 21
852 800 862 788 287 158 634 736 117 524 261 303 44 420 624 675 535 548 896 563 666 
20
0 14 18 24 28 33 43 46 67 73 89 98 117 123 134 141 148 174 185 199 
183 24
955 772 751 737 681 164 623 148 222 37 19 325 893 227 802 173 247 383 672 316 730 323 388 551 
16
1 51 54 55 64 70 78 130 134 162 166 178 184 188 189 199 
184 17
357 349 317 827 878 842 250 5 379 239 936 529 366 588 948 541 615 
24
0 18 19 43 46 54 58 65 68 76 77 81 85 113 148 152 157 163 166 170 175 176 183 188 
185 11
911 806 935 119 154 60 981 913 165 141 507 
24
1 21 22 27 33 36 40 41 43 60 61 65 69 75 78 90 91 97 104 125 163 181 182 199 
186 29
991 833 794 719 616 554 504 122 971 564 46 182 301 437 403 33 390 1 835 21 192 481 257 672 265 869 388 587 402 
21
10 11 37 40 46 50 56 74 76 77 79 90 103 105 106 134 154 164 166 167 187 
187 24
962 888 823 725 715 122 162 213 737 367 18 169 202 485 78 559 153 412 921 514 957 439 1 704 
18
12 14 28 32 36 37 41 46 76 77 87 95 123 137 155 160 186 188 
188 18
985 835 45 181 107 260 365 86 44 93 537 36 184 592 224 483 505 781 
25
0 35 48 52 59 72 76 77 80 87 105 111 114 120 125 137 140 148 162 174 179 183 184 187 192 
189 18
982 859 174 361 320 388 292 96 555 23 652 430 714 301 597 747 561 857 
28
4 7 18 19 21 25 39 44 58 60 68 69 71 72 74 76 79 82 102 104 118 119 131 166 169 183 195 198 
190 18
993 903 125 71 3 2 546 192 294 280 637 790 19 315 406 116 708 877 
15
9 33 34 42 48 64 79 86 101 103 111 113 131 138 194 
191 19
909 885 77 43 315 129 66 17 139 768 398 197 419 528 565 970 711 455 862 
30
16 17 18 31 37 40 41 51 62 70 98 106 109 121 122 123 126 133 140 141 145 156 159 161 165 167 173 192 193 198 
192 16
701 884 697 628 519 359 589 317 214 938 54 13 74 175 137 205 
23
5 20 26 30 39 50 51 59 62 64 66 79 81 91 95 107 113 119 132 134 188 191 197 
193 16
783 757 680 530 479 348 974 124 641 131 250 712 49 200 602 262 
14
0 11 28 49 80 90 109 119 126 165 173 175 181 191 
194 22
994 934 855 803 339 118 878 360 159 788 75 61 737 404 484 565 650 578 627 797 20 723 
11
25 56 63 68 107 114 126 136 138 157 190 
195 23
994 915 566 559 535 184 218 114 420 90 481 76 362 399 214 503 81 728 580 395 297 408 495 
20
21 26 48 57 64 69 84 88 91 93 105 106 109 118 122 147 156 170 189 198 
196 22
993 947 836 816 714 193 210 227 397 17 121 140 325 653 996 219 58 280 583 607 590 664 
18
4 53 57 61 72 91 99 112 117 120 132 135 147 156 160 164 179 197 
197 20
995 917 855 170 158 8 480 249 64 582 667 632 610 988 618 327 660 154 598 672 
16
36 41 70 96 100 119 127 141 143 156 162 169 171 179 192 196 
198 14
945 933 807 769 677 806 670 294 476 985 526 604 318 607 
20
3 16 37 43 45 52 57 67 95 101 130 136 139 148 154 157 166 189 191 195 
199 22
978 837 773 758 151 124 260 94 36 320 404 414 618 894 635 703 483 775 738 27 545 708 
15
7 16 26 32 65 67 87 97 118 135 143 153 182 183 185 
