200 1000
74 1 15 14 5 11 94 22 9 56 19 80 38 9 44 29 75 81 17 53 
46 59 64 46 4 79 52 62 25 71 3 98 72 17 64 28 79 57 1 39 
64 72 18 2 32 13 82 7 93 99 11 91 57 74 36 60 52 39 73 29 
62 75 78 85 43 41 64 22 97 64 60 13 87 30 14 19 42 47 77 87 
45 87 77 1 12 64 12 64 2 36 44 15 10 21 99 5 62 62 26 10 
78 37 22 64 66 87 34 60 34 62 46 78 48 74 31 12 89 94 75 42 
30 18 57 91 90 55 95 51 17 72 13 46 9 34 9 74 73 95 85 6 
56 82 35 56 55 17 67 43 11 93 37 92 62 93 34 51 99 29 2 67 
52 14 12 60 99 73 86 71 67 70 28 22 52 15 77 58 31 43 53 93 
87 89 36 48 33 70 99 31 50 100 98 1 65 61 61 15 33 98 86 99 
67 65 21 70 79 49 28 62 44 80 54 30 20 90 78 52 59 28 82 60 
79 31 60 43 92 72 57 24 69 94 75 36 11 47 5 89 47 84 50 90 
15 56 72 34 45 1 37 55 28 71 14 6 1 25 100 44 97 8 20 65 
54 94 100 64 92 57 4 38 92 6 28 7 13 51 40 57 51 77 63 30 
47 28 87 99 52 86 95 48 45 14 13 50 59 64 65 50 72 69 87 64 
26 66 22 38 16 13 46 66 89 60 47 87 87 33 38 90 70 32 38 15 
97 2 16 55 17 81 4 41 49 90 56 26 8 77 63 23 89 60 41 30 
19 87 68 5 72 5 94 41 88 83 7 84 36 23 90 5 3 93 45 3 
35 100 80 42 76 42 16 16 1 56 45 71 43 13 75 66 69 20 6 9 
55 65 92 90 39 82 94 41 26 38 95 12 89 74 53 16 67 21 32 19 
76 28 89 70 92 15 35 13 34 93 21 88 57 12 30 95 45 23 87 71 
13 33 34 53 6 39 69 24 59 52 42 34 31 30 4 23 44 90 35 29 
82 55 69 38 18 98 84 63 20 70 85 84 54 18 37 59 56 57 34 66 
60 75 100 90 56 55 64 51 44 50 80 78 4 100 67 74 97 51 88 68 
72 24 52 26 93 40 36 1 48 70 66 7 44 65 96 52 71 12 2 67 
61 33 44 17 32 10 90 80 60 29 48 84 52 51 9 44 42 96 44 89 
65 10 47 61 26 94 12 97 5 65 63 66 50 6 34 81 15 23 13 27 
3 12 10 54 14 70 97 55 65 93 95 30 2 41 42 79 34 5 75 39 
69 89 56 18 94 89 51 61 63 15 39 65 26 100 70 39 69 18 45 33 
10 39 14 63 79 7 42 64 11 68 2 32 57 9 49 2 49 51 14 11 
65 52 27 90 3 48 80 71 66 24 56 27 62 21 90 92 28 83 56 90 
50 9 21 58 70 22 12 18 72 25 81 89 29 59 30 31 7 10 54 72 
33 61 98 47 81 39 90 60 73 45 50 23 6 22 32 75 43 43 92 67 
20 24 55 48 83 84 30 89 45 35 12 30 95 61 76 76 100 65 87 72 
62 36 46 19 10 30 93 52 72 36 18 91 60 24 90 94 8 72 82 4 
6 93 33 53 53 8 28 4 25 66 28 38 54 73 56 63 54 100 14 26 
87 84 68 46 7 10 39 66 81 72 70 38 16 54 90 21 14 69 76 38 
35 3 27 88 28 34 50 81 33 15 6 19 50 26 17 9 35 7 74 67 
31 95 56 46 49 98 66 62 66 42 51 52 96 29 39 23 62 40 56 46 
7 13 64 56 38 80 64 24 39 90 90 69 36 98 14 36 95 32 49 12 
25 51 64 20 79 54 95 40 94 50 85 52 62 1 59 100 32 23 75 70 
64 17 90 51 14 56 87 60 87 35 71 63 86 34 34 16 88 28 8 33 
77 44 84 91 44 42 42 28 16 16 49 31 32 39 82 97 94 20 56 32 
6 27 94 91 12 27 59 99 55 66 31 83 9 66 73 5 60 66 32 27 
82 80 10 65 18 91 14 11 62 69 94 67 47 87 10 59 14 68 57 20 
33 40 54 93 57 79 97 68 44 28 95 77 8 56 42 77 46 55 40 59 
75 33 25 22 20 34 80 85 1 88 4 85 79 9 78 88 87 74 55 31 
54 1 7 61 56 100 89 53 6 28 11 81 13 36 54 32 21 85 68 74 
24 23 58 3 31 35 90 18 61 44 100 14 97 6 26 52 58 14 5 63 
94 15 95 6 2 100 89 75 84 56 48 60 30 5 62 60 92 3 29 4 
86 62 1 49 76 83 100 40 21 21 39 18 37 53 63 20 12 84 7 4 
79 32 56 84 58 15 40 64 20 99 81 5 60 33 6 88 16 57 27 36 
29 18 5 17 22 20 37 85 55 95 40 86 26 96 69 83 62 8 46 81 
58 79 38 69 11 95 56 26 3 35 13 31 52 70 47 25 89 83 10 43 
29 49 80 54 96 48 88 10 7 86 42 64 64 79 33 26 25 40 4 27 
74 16 9 77 37 56 2 25 90 63 20 71 11 99 24 59 99 64 68 5 
49 9 69 12 40 53 37 64 92 40 43 18 8 51 94 44 58 47 21 100 
9 92 70 20 90 45 30 88 8 97 93 56 5 13 19 44 17 56 60 60 
47 2 77 6 4 23 2 62 69 74 13 78 65 34 49 54 78 78 94 38 
74 38 45 78 2 64 74 70 71 33 29 17 34 6 75 89 28 28 50 48 
1 14 25 65 47 73 70 77 2 15 14 75 52 58 5 5 21 30 74 91 
62 3 60 47 60 86 35 39 13 37 86 65 50 63 81 97 35 50 73 37 
17 38 63 68 95 19 25 68 48 98 58 9 52 69 7 11 54 42 1 18 
78 87 82 79 49 14 27 35 16 51 23 32 88 38 51 35 56 75 2 4 
73 11 64 24 80 71 87 85 12 87 55 41 25 88 71 73 2 98 60 17 
100 82 48 88 19 98 22 27 25 75 30 97 85 93 72 16 15 58 53 26 
97 7 18 21 46 41 46 99 38 5 15 37 38 14 76 9 64 49 35 88 
23 64 36 8 8 7 75 23 17 27 100 13 85 70 33 31 10 30 29 99 
34 96 35 72 61 63 80 24 11 14 63 86 29 98 45 36 57 19 10 73 
98 10 37 82 79 21 64 40 51 45 38 36 92 24 7 52 86 38 28 49 
3 90 34 31 88 78 19 96 48 80 20 45 41 56 79 19 28 94 10 78 
90 47 14 81 71 72 33 56 10 60 56 64 1 89 47 88 18 17 35 18 
96 54 62 37 9 92 7 89 86 17 66 75 63 31 8 85 55 92 93 16 
3 48 79 3 89 25 43 58 93 77 75 89 31 89 77 91 80 35 79 17 
3 97 44 66 27 51 2 81 42 94 96 44 42 27 46 82 3 40 39 96 
17 14 36 47 2 12 89 33 46 68 50 1 64 45 66 42 95 19 23 88 
13 70 83 6 48 80 87 51 20 25 46 36 90 81 34 43 44 22 76 41 
41 77 41 4 73 58 46 67 77 20 6 89 41 88 46 89 67 32 39 38 
8 36 25 50 68 58 92 11 32 19 51 72 47 44 28 19 1 73 37 77 
44 42 17 84 81 62 72 48 45 62 37 5 49 62 54 16 19 97 26 2 
16 29 74 14 72 53 33 72 25 69 1 68 63 69 3 43 83 27 42 27 
88 79 83 89 40 36 4 10 85 82 64 100 10 89 13 33 41 97 56 65 
18 8 84 80 77 86 74 59 12 68 37 52 46 72 40 37 7 95 98 43 
76 61 42 37 49 7 69 89 55 77 5 72 84 88 3 12 26 77 70 89 
96 59 92 41 30 31 29 88 26 26 31 53 39 24 90 87 82 10 76 37 
86 32 60 22 20 63 33 97 91 55 85 86 65 77 78 46 59 58 33 36 
83 15 89 21 91 30 60 72 39 87 60 77 18 20 98 89 34 82 85 76 
36 22 13 52 50 90 97 8 47 82 96 81 96 84 54 86 13 65 10 3 
51 21 79 20 92 28 9 25 10 45 52 97 18 64 49 67 5 97 27 3 
78 74 36 74 9 89 11 73 5 72 75 55 93 6 26 84 33 34 61 94 
31 12 43 48 28 43 67 32 39 45 35 17 18 22 42 26 10 4 98 66 
76 24 20 20 29 45 55 14 31 15 59 13 79 1 60 6 43 78 89 82 
74 75 50 91 96 91 68 57 94 17 22 21 41 93 40 21 90 95 86 20 
61 45 32 91 97 43 48 92 73 89 25 46 63 74 89 11 64 56 67 57 
25 41 78 17 33 69 37 22 15 75 93 28 71 76 18 67 71 18 10 95 
6 34 40 20 7 28 30 22 36 97 79 60 89 8 76 21 28 64 95 43 
38 39 70 8 67 39 27 89 56 88 83 13 22 74 33 80 2 62 2 37 
10 32 48 98 39 23 71 66 86 17 60 76 7 29 35 25 20 61 13 27 
1 47 40 22 21 72 1 74 85 2 62 95 33 9 44 23 83 66 41 20 
34 100 95 41 81 82 17 100 94 82 78 94 28 17 15 100 40 68 73 25 

0 17
416 518 289 230 567 91 720 214 928 488 491 351 721 735 753 990 768 
23
13 14 15 21 33 39 40 54 55 66 67 70 80 106 137 143 157 159 167 175 180 191 197 
1 18
970 930 322 628 22 736 99 299 47 192 340 663 796 500 619 640 844 709 
20
2 16 29 30 43 55 109 110 125 134 136 142 157 164 165 166 182 183 191 195 
2 26
849 800 793 757 673 636 635 228 151 929 115 56 160 345 2 873 614 629 37 178 182 607 388 587 218 588 
19
1 27 45 50 57 71 74 80 89 91 97 125 146 157 158 162 169 183 192 
3 15
781 559 697 391 909 790 93 733 2 703 125 328 402 334 337 
23
16 19 28 54 55 61 73 74 85 89 91 92 108 126 129 134 143 146 163 170 174 177 185 
4 23
978 884 715 712 653 85 165 290 81 353 802 506 540 261 557 18 277 280 590 331 116 338 400 
18
7 10 11 36 47 99 104 117 123 130 135 149 174 175 176 186 188 197 
5 17
988 712 200 78 830 317 578 332 236 14 51 495 701 790 822 469 839 
14
7 20 23 39 61 73 115 119 129 130 159 165 188 189 
6 19
999 954 459 512 648 491 983 576 916 435 78 129 548 551 640 643 813 652 948 
20
10 14 15 25 32 44 47 48 51 52 86 112 114 125 133 152 155 164 168 182 
7 17
935 379 120 276 150 507 770 437 493 389 278 537 568 908 608 710 621 
22
4 5 8 14 20 37 39 74 84 98 99 124 130 139 144 153 156 157 173 177 182 193 
8 19
949 886 139 258 632 758 178 59 136 880 214 288 307 655 476 328 735 53 793 
15
7 18 58 65 74 84 90 98 112 117 118 125 147 151 159 
9 18
889 144 64 101 3 104 6 635 942 276 180 402 538 422 600 638 694 731 
14
51 60 94 104 112 113 124 126 128 136 141 148 154 169 
10 16
964 751 688 634 674 555 883 118 576 66 255 669 278 434 480 463 
24
4 6 17 26 42 46 50 58 60 74 75 96 101 102 107 110 116 117 124 144 147 149 158 191 
11 22
835 779 660 612 74 800 60 659 400 29 318 45 232 3 24 117 136 371 162 421 433 460 
22
4 33 50 54 57 58 77 88 89 97 99 100 108 115 122 137 142 163 166 186 189 197 
12 11
789 778 702 136 14 385 546 831 389 970 426 
11
21 31 67 94 131 142 149 168 170 190 197 
13 15
693 642 638 858 569 543 609 99 68 205 836 275 364 559 423 
18
0 23 26 31 38 40 70 110 112 118 131 133 135 152 155 159 170 198 
14 24
972 960 874 827 818 808 228 814 185 49 436 149 127 332 903 570 426 437 375 486 181 514 594 601 
22
0 6 7 15 21 24 28 88 92 95 99 111 115 121 130 132 141 145 166 182 186 193 
15 18
865 852 418 405 365 86 242 565 684 354 428 547 598 449 652 682 780 829 
14
0 6 14 31 45 59 94 102 129 140 152 176 188 190 
16 25
930 804 680 654 801 172 180 33 390 526 709 6 115 17 202 891 743 595 225 297 298 451 317 528 547 
20
1 3 21 25 33 36 37 45 68 74 75 92 96 104 107 109 122 129 144 184 
17 19
845 841 146 807 622 162 460 681 122 98 394 1 445 80 328 414 501 589 691 
20
10 19 20 29 39 47 49 51 75 97 113 117 120 129 132 135 141 142 172 180 
18 14
989 785 421 454 97 746 15 253 843 605 112 175 715 324 
13
8 29 57 60 73 95 117 120 153 154 164 189 199 
19 17
219 185 195 399 36 125 273 681 969 303 371 583 400 622 144 625 726 
23
3 17 32 39 41 54 69 70 74 87 90 114 115 118 122 126 130 137 138 148 152 161 195 
20 11
804 678 580 109 673 44 897 149 125 187 456 
19
5 7 17 37 41 49 85 90 93 111 117 127 128 137 167 173 177 179 199 
21 19
753 682 629 172 158 294 267 80 287 313 57 390 116 338 560 401 492 455 476 
16
0 12 14 16 30 39 83 93 95 100 126 133 154 166 177 197 
22 20
931 847 752 681 85 67 16 305 560 63 439 19 631 429 82 452 620 371 630 647 
12
30 54 64 84 90 92 98 129 148 149 171 188 
23 30
991 983 993 956 852 690 641 636 198 598 487 832 129 141 396 180 106 110 227 725 244 915 397 777 629 370 213 472 410 500 
22
5 13 24 40 41 55 65 77 87 109 128 146 148 150 155 156 161 172 183 186 193 199 
24 25
984 937 931 880 855 707 148 471 164 936 159 122 209 747 377 118 470 322 183 883 365 73 517 660 667 
19
14 23 27 31 36 47 64 67 115 126 129 134 145 148 173 183 188 191 198 
25 17
973 188 52 330 165 147 28 317 323 782 468 808 531 177 325 695 736 
16
6 16 28 29 64 74 89 112 128 138 148 170 174 182 184 187 
26 18
951 839 312 194 585 138 784 339 315 352 556 510 680 294 35 627 671 724 
23
10 13 33 36 53 66 67 73 81 84 103 105 119 120 129 140 142 153 154 172 174 180 186 
27 15
992 871 821 757 644 687 551 279 307 12 625 302 603 450 478 
19
2 24 37 43 46 54 59 63 69 79 107 110 136 151 157 160 173 179 182 
28 20
909 99 70 935 861 713 106 32 34 612 160 67 585 450 756 460 479 533 618 674 
21
3 14 25 29 30 60 61 75 78 82 119 123 124 142 143 155 157 160 170 191 199 
29 21
986 268 115 523 608 276 928 854 71 924 258 916 768 921 366 859 111 518 636 668 728 
26
1 17 18 25 28 30 40 56 59 71 77 79 83 99 101 111 112 120 133 145 147 177 182 191 195 198 
30 18
937 197 904 571 141 447 702 121 376 266 11 48 694 131 279 568 874 865 
17
1 21 22 28 29 32 33 66 80 89 113 164 165 169 170 180 191 
31 29
786 771 732 730 904 645 585 569 566 84 322 37 982 390 20 132 746 302 557 1 358 163 776 184 419 905 17 535 553 
22
12 13 15 24 39 51 54 60 66 71 77 81 84 94 107 111 137 151 155 170 186 194 
32 17
398 181 96 914 470 606 623 246 155 412 446 707 11 714 814 556 889 
17
6 19 30 36 40 56 60 81 104 110 118 125 134 142 145 174 182 
33 12
869 736 603 542 500 666 275 135 499 278 335 402 
26
0 11 16 26 30 39 43 60 61 68 74 82 84 93 106 113 118 142 154 161 166 172 183 189 192 197 
34 25
989 961 959 954 831 722 238 345 39 651 205 198 899 640 647 536 968 43 672 365 620 405 865 421 474 
18
44 53 54 56 58 64 68 79 80 81 83 86 99 137 142 149 185 191 
35 21
952 700 673 867 16 224 210 990 324 311 447 35 664 442 279 353 612 115 485 481 555 
19
37 63 65 68 69 70 91 98 101 104 105 126 127 140 141 152 158 167 196 
36 25
871 863 846 924 776 768 761 751 251 310 463 296 198 91 155 819 708 597 372 610 462 580 543 600 748 
18
4 16 24 26 32 37 53 54 56 69 70 80 84 110 132 160 174 182 
37 24
958 839 742 685 619 948 245 228 98 301 242 67 281 966 374 869 388 443 63 248 470 606 336 484 
27
7 16 20 27 35 36 38 41 49 65 73 76 87 89 107 108 112 113 132 135 141 161 171 181 187 191 194 
38 30
947 936 885 956 882 871 820 753 883 735 238 459 777 370 199 137 239 8 331 527 83 559 918 844 252 776 295 652 234 345 
15
13 37 43 65 66 83 103 118 131 136 149 150 156 187 199 
39 29
984 967 952 880 942 868 800 664 657 648 80 195 637 811 145 206 291 320 926 334 216 623 530 44 377 414 742 557 629 
28
0 5 7 17 19 21 31 33 45 56 57 72 80 90 100 103 107 118 121 126 128 131 155 170 173 178 182 199 
40 23
962 977 940 773 762 72 276 38 307 502 95 317 691 46 342 808 364 399 645 800 652 145 700 
20
0 13 23 29 32 58 65 70 108 124 129 131 149 157 159 168 174 180 183 185 
41 15
962 799 692 652 898 558 484 467 699 121 258 837 344 222 358 
17
19 20 23 37 50 61 88 103 145 148 149 160 174 181 182 183 191 
42 22
821 820 774 332 77 325 346 124 381 986 653 453 691 921 477 513 837 578 627 590 185 592 
15
10 69 77 81 82 88 105 116 142 150 152 161 173 174 177 
43 19
935 199 66 873 355 35 198 107 413 44 342 250 398 755 863 456 535 841 632 
16
1 27 33 38 55 75 89 104 112 127 143 151 157 168 171 191 
44 24
939 949 875 821 759 712 709 330 925 296 687 18 681 378 633 161 586 406 466 170 577 651 655 706 
20
6 34 52 59 62 75 78 82 88 94 111 118 136 145 146 152 157 167 182 187 
45 20
985 864 836 163 248 313 19 206 823 342 122 411 445 530 454 728 579 575 612 629 
24
2 15 16 39 53 57 60 61 64 68 72 73 80 82 87 89 110 112 125 132 138 150 166 194 
46 23
968 867 840 809 240 844 770 733 627 236 125 14 743 367 494 749 862 455 603 29 621 186 667 
19
10 27 52 61 74 85 91 99 105 130 133 136 139 145 159 161 166 168 169 
47 13
958 937 786 777 619 838 226 345 961 77 315 321 389 
17
4 6 17 24 56 89 92 93 103 105 117 143 144 147 155 157 176 
48 21
990 968 949 892 734 721 201 235 13 404 297 66 355 409 347 495 597 607 726 656 683 
16
6 50 53 55 57 74 77 78 86 95 127 156 161 170 175 188 
49 21
997 967 921 870 318 46 299 291 877 359 869 176 584 228 339 357 835 502 777 740 654 
21
17 20 37 53 58 61 66 67 89 108 116 119 123 140 141 144 147 166 184 192 193 
50 21
858 833 795 415 746 191 21 531 158 194 83 717 199 200 404 220 247 123 419 618 699 
15
2 10 11 41 48 51 52 63 103 124 151 156 176 184 193 
51 22
753 558 219 440 212 382 535 167 178 252 966 855 670 78 982 131 259 429 319 341 512 536 
21
6 9 17 31 50 52 53 63 65 83 99 100 105 122 138 177 187 189 193 194 199 
52 20
987 827 116 388 524 154 105 20 768 209 379 992 30 294 220 223 927 483 687 748 
17
6 44 46 50 51 68 73 103 112 125 150 154 156 158 159 174 177 
53 19
991 822 778 263 158 739 702 120 125 122 496 700 296 319 154 339 568 457 597 
27
26 34 36 45 48 49 51 61 68 70 76 80 84 91 93 125 126 138 144 149 154 156 169 180 186 194 197 
54 15
903 961 723 687 662 392 122 911 877 61 1000 320 323 362 379 
22
0 3 11 19 22 27 31 34 36 60 63 66 68 76 83 87 126 137 164 167 196 199 
55 24
968 914 872 854 830 828 794 130 266 171 108 227 163 89 641 78 411 417 390 649 501 973 233 714 
18
0 1 3 23 43 48 65 99 103 106 118 125 136 165 179 186 193 198 
56 19
881 414 431 408 387 744 247 116 199 573 564 598 910 836 650 927 742 329 810 
17
29 32 34 36 39 47 75 108 117 120 121 128 148 165 174 177 183 
57 18
785 780 271 650 442 144 470 776 675 490 208 541 536 250 546 127 682 659 
17
2 11 18 39 45 48 77 90 99 106 114 118 127 165 180 187 197 
58 18
982 958 208 718 351 589 85 151 546 591 710 271 604 651 770 343 787 722 
19
8 10 11 34 40 49 74 87 106 114 120 125 133 146 148 150 151 182 185 
59 27
981 958 825 753 742 726 792 718 274 502 296 967 597 449 254 766 26 100 399 425 558 572 749 231 601 659 701 
19
15 27 29 44 72 86 93 96 103 109 143 144 146 149 153 166 171 178 194 
60 23
800 653 633 627 585 451 229 365 444 13 21 606 14 558 262 381 870 19 389 179 364 475 509 
22
9 10 18 28 31 32 33 45 54 61 72 77 92 93 98 133 141 144 162 173 188 191 
61 19
931 823 257 140 425 312 90 101 509 153 560 335 454 740 370 470 686 538 576 
20
3 5 28 33 41 45 46 49 53 60 63 82 84 107 127 162 185 190 195 196 
62 26
996 895 976 828 798 720 644 973 381 551 210 584 579 180 47 82 648 241 349 982 427 211 137 470 561 627 
17
44 81 85 86 90 115 118 121 133 142 143 158 173 174 190 192 197 
63 17
964 148 318 760 147 138 72 514 163 639 128 202 950 934 437 30 955 
19
27 35 50 51 54 61 68 76 104 107 110 117 120 123 150 152 167 172 179 
64 29
986 963 938 987 876 851 849 774 695 799 96 67 424 90 53 8 14 524 854 188 234 369 488 988 951 692 374 354 576 
20
22 24 25 34 45 93 103 104 105 115 119 127 128 134 137 149 161 168 170 198 
65 25
966 890 871 848 788 336 815 186 80 340 628 36 920 624 439 541 463 500 984 503 285 581 942 17 720 
15
8 23 35 37 38 40 51 55 80 81 102 103 104 113 158 
66 15
947 850 707 588 571 422 158 892 382 929 793 28 259 308 213 
21
0 26 30 31 38 49 54 78 102 108 111 118 122 130 133 134 159 160 167 190 197 
67 30
983 971 958 866 849 819 783 740 647 127 28 619 249 436 60 649 353 364 796 500 221 517 454 528 579 966 78 559 895 599 
18
0 12 24 26 49 79 84 90 101 105 118 121 122 135 169 175 185 199 
68 16
992 802 790 696 565 546 505 490 693 200 103 313 287 923 243 345 
32
16 33 34 35 45 52 53 54 63 77 83 95 106 109 112 120 122 125 128 130 135 138 140 141 143 156 168 169 171 172 180 188 
69 17
969 207 168 66 163 363 737 55 388 830 531 864 712 416 641 816 920 
18
19 27 35 36 42 84 97 98 107 111 116 119 130 147 153 155 193 195 
70 21
920 787 699 126 542 226 152 297 307 851 185 333 401 43 561 891 447 595 279 649 686 
20
0 13 19 35 36 40 53 94 98 111 125 139 140 148 150 152 156 165 183 185 
71 13
922 562 525 473 468 466 648 308 433 98 13 115 402 
16
2 29 31 72 75 96 102 111 122 135 139 142 157 167 172 178 
72 14
947 927 562 476 278 619 534 330 814 661 338 259 21 395 
16
39 45 59 60 71 75 90 97 119 146 163 165 189 193 194 198 
73 14
961 872 866 846 710 680 725 249 52 853 360 274 673 576 
16
3 5 18 26 37 45 52 78 82 104 110 111 135 159 181 191 
74 18
903 929 300 269 123 1 30 506 613 391 503 660 549 705 79 412 782 893 
26
2 3 7 8 10 16 19 25 33 46 48 58 75 103 104 112 114 123 133 142 143 151 165 180 193 196 
75 25
972 958 835 727 723 828 51 50 509 29 114 148 1 869 721 18 160 261 4 448 903 274 326 603 711 
19
10 16 17 28 43 44 56 71 72 74 113 149 154 164 165 189 190 191 197 
76 24
991 859 771 720 810 662 328 345 798 317 115 910 207 18 331 332 383 356 492 569 384 386 302 524 
16
37 53 54 63 85 86 87 104 112 116 129 136 156 184 191 197 
77 17
282 45 708 810 357 7 32 831 359 444 122 455 749 756 820 909 872 
18
11 23 29 31 42 48 57 60 68 95 99 117 130 155 158 192 193 197 
78 20
882 809 255 92 174 582 167 40 669 393 427 461 452 13 494 835 539 607 703 555 
13
28 44 48 66 73 84 95 119 132 133 136 163 198 
79 25
838 745 685 747 673 587 289 110 691 62 968 487 467 504 270 368 109 330 350 435 359 267 378 584 473 
17
27 29 34 67 80 87 108 112 118 124 128 152 156 157 170 172 178 
80 22
998 864 840 756 541 293 582 72 701 759 204 320 24 25 417 994 587 475 677 492 563 666 
23
0 2 30 34 36 39 45 53 65 79 83 90 97 103 132 147 151 161 170 174 179 182 191 
81 21
988 987 880 768 266 79 385 744 268 9 672 24 147 295 501 604 530 556 902 532 643 
15
26 31 32 34 42 62 65 85 90 95 103 118 120 126 147 
82 15
995 944 925 850 807 767 673 605 921 122 89 209 269 422 443 
19
28 33 42 44 45 61 73 113 115 126 127 129 131 141 153 154 157 160 178 
83 18
922 252 185 719 547 47 266 563 597 753 13 605 846 698 704 73 258 739 
16
21 29 34 38 51 54 68 80 121 132 133 142 154 175 197 198 
84 26
975 878 755 761 724 709 740 296 92 845 364 216 988 729 248 61 362 421 94 427 446 377 599 490 628 661 
19
7 8 22 26 31 33 36 53 61 67 69 78 85 92 97 98 143 152 178 
85 23
936 809 727 654 631 263 893 5 267 403 642 124 420 350 220 516 305 564 585 149 593 31 623 
21
3 20 46 62 76 81 84 101 106 112 114 118 119 123 149 150 157 171 173 186 197 
86 20
937 924 876 402 436 353 951 396 685 275 564 355 836 528 535 841 193 711 801 835 
18
6 34 48 59 62 76 92 98 101 112 115 147 154 156 163 171 182 195 
87 27
811 810 788 670 586 525 143 42 79 912 98 209 538 131 242 850 295 349 58 391 251 510 491 494 820 598 524 
14
19 23 37 45 54 58 76 79 106 110 115 131 138 197 
88 18
856 179 270 122 20 434 360 866 274 682 30 659 87 420 424 425 484 754 
11
11 14 41 42 44 104 136 149 150 184 195 
89 20
990 927 548 752 794 239 259 148 193 45 58 322 543 713 982 464 540 570 697 775 
15
2 3 11 25 30 37 43 45 47 49 100 108 115 145 167 
90 16
793 747 722 661 497 472 913 403 74 177 927 247 923 328 54 360 
21
8 19 20 22 39 57 62 67 72 80 81 98 114 116 125 127 144 147 172 175 186 
91 15
836 771 380 314 28 976 857 772 7 918 238 577 152 192 256 
25
2 3 35 46 53 98 113 116 130 134 136 138 144 147 150 154 162 170 173 184 189 191 193 195 198 
92 18
894 856 685 277 240 129 66 290 189 411 632 452 489 507 108 552 620 773 
21
3 14 16 22 47 60 84 86 101 107 117 121 133 136 143 161 164 178 189 191 199 
93 19
945 928 792 219 93 10 707 82 267 434 450 43 672 368 458 549 581 761 789 
16
20 21 33 47 53 59 60 64 99 114 159 161 164 165 185 197 
94 19
937 341 945 834 312 6 161 84 401 443 406 41 559 490 778 854 980 869 870 
14
9 12 15 31 44 70 112 113 128 154 165 168 178 181 
95 23
995 921 911 888 176 936 159 6 227 86 932 44 537 877 977 237 274 411 542 586 158 676 786 
19
14 18 21 48 68 77 78 81 112 116 126 133 145 159 166 169 172 180 183 
96 20
888 875 872 219 207 355 93 859 82 558 13 63 284 403 288 375 647 834 408 482 
11
10 16 59 71 105 116 119 137 149 154 158 
97 17
529 519 674 514 786 521 3 606 569 248 618 998 813 917 982 549 993 
24
2 11 17 69 72 80 84 103 107 116 118 120 125 131 133 139 142 143 144 154 180 191 192 197 
98 24
948 940 903 656 335 295 108 465 950 99 388 966 448 115 368 392 511 729 433 888 444 345 493 571 
24
7 8 22 35 60 69 70 84 86 90 91 107 110 123 127 130 135 137 143 158 165 174 195 198 
99 25
933 896 765 755 724 720 906 684 150 286 599 266 98 19 902 495 400 476 191 561 628 75 630 930 634 
24
4 7 11 14 29 34 46 51 55 57 77 93 106 117 121 133 135 136 137 144 154 161 186 188 
100 23
941 899 844 832 388 935 306 222 50 452 485 183 812 516 686 865 236 754 771 942 535 620 821 
10
11 21 39 51 89 133 164 168 172 173 
101 29
996 912 778 674 597 590 577 618 211 719 127 161 944 463 4 189 91 239 350 723 242 390 509 610 388 425 471 798 539 
21
10 29 35 67 85 86 92 108 120 123 124 126 128 130 136 137 150 178 181 183 187 
102 13
960 889 779 477 451 435 737 142 415 81 190 203 301 
20
10 15 65 66 71 104 106 115 122 131 137 139 157 162 163 166 171 177 189 195 
103 18
920 907 304 406 245 218 29 293 111 502 306 411 751 557 594 618 721 906 
23
26 38 39 41 47 50 52 55 59 64 65 74 80 81 97 110 115 131 142 179 183 188 192 
104 20
959 929 203 179 124 79 148 971 231 860 106 439 456 593 653 879 768 947 799 824 
22
4 9 16 32 35 43 63 64 65 73 74 76 88 102 112 129 140 141 148 169 179 185 
105 20
959 900 975 864 181 640 462 82 498 80 287 139 324 303 414 510 5 671 801 837 
15
26 35 42 46 47 51 64 67 96 143 149 158 165 174 198 
106 29
905 850 842 802 728 799 688 679 182 769 103 1 116 79 311 273 347 687 428 955 844 474 627 501 550 857 191 413 635 
25
0 33 55 57 58 68 85 87 99 102 110 113 115 132 134 141 147 155 161 168 172 187 196 198 199 
107 19
919 855 140 118 90 71 909 428 496 309 457 780 490 516 2 113 557 689 782 
21
10 16 27 31 37 39 61 63 69 92 97 98 115 119 134 172 187 189 190 195 197 
108 23
939 803 785 689 297 260 186 184 991 473 9 638 96 555 333 788 640 381 602 420 624 459 580 
17
3 11 37 40 49 56 66 79 89 101 111 145 151 156 166 171 172 
109 23
801 772 708 707 81 149 76 2 136 948 393 578 891 3 202 440 203 347 354 369 894 413 686 
14
1 16 23 59 68 114 120 154 156 157 158 172 179 199 
110 20
997 969 149 260 668 120 876 62 84 356 620 687 650 699 262 743 811 882 845 809 
22
1 10 13 27 32 36 45 63 73 87 98 103 106 112 118 123 126 135 149 172 183 198 
111 14
891 845 597 751 377 241 232 48 159 166 175 510 51 204 
19
14 20 29 31 44 66 69 70 71 73 108 118 123 125 138 141 174 181 192 
112 17
976 295 142 516 839 281 519 297 164 589 89 769 803 320 341 407 641 
23
6 8 9 13 25 29 37 43 45 52 68 74 76 79 85 86 94 95 104 110 132 140 141 
113 15
654 604 784 648 461 67 972 836 275 88 66 78 90 693 132 
16
9 17 30 33 37 65 75 82 91 94 106 119 150 167 185 187 
114 20
910 311 827 161 671 276 91 567 137 359 485 561 862 714 911 319 726 738 465 798 
19
6 19 57 58 74 85 90 93 109 118 145 154 158 160 168 172 173 174 194 
115 19
969 806 280 57 123 139 361 330 689 393 791 680 495 196 566 153 634 608 692 
25
5 11 14 19 24 62 64 82 86 87 89 102 103 106 107 128 130 142 143 154 180 182 183 184 194 
116 26
928 968 820 704 693 162 205 846 32 155 229 798 650 243 395 153 412 959 404 438 213 472 407 971 601 641 
15
10 42 49 69 76 90 91 95 96 97 122 127 132 181 198 
117 18
815 107 95 226 4 29 848 811 856 375 562 237 607 570 791 608 648 822 
23
4 8 10 17 18 20 47 56 63 77 92 99 123 145 153 160 165 166 169 178 179 181 187 
118 18
936 903 441 186 509 69 221 262 447 769 218 588 565 750 585 807 500 870 
26
8 13 19 32 33 38 39 44 55 57 62 66 67 79 81 85 97 110 111 114 130 141 149 167 171 197 
119 16
993 688 774 366 310 659 540 302 20 919 188 215 413 226 169 254 
21
5 26 28 49 64 69 72 78 85 96 107 113 129 140 149 152 159 165 170 181 183 
120 19
790 146 137 52 152 187 802 247 33 366 266 277 16 312 342 88 347 967 412 
23
17 18 26 29 56 58 63 68 81 97 101 109 129 137 140 154 162 170 177 184 191 195 196 
121 25
944 943 928 913 901 842 776 260 566 76 612 133 875 283 320 970 711 17 424 35 553 339 598 511 622 
17
14 39 56 62 67 83 92 99 134 139 146 148 167 178 180 188 197 
122 16
920 880 754 584 760 556 705 144 102 604 196 343 458 237 367 248 
18
11 16 19 51 66 67 68 71 102 116 128 134 135 155 176 178 183 186 
123 20
888 856 827 525 107 736 403 624 298 249 640 123 411 700 805 287 768 802 577 758 
22
4 28 49 63 74 85 98 101 110 111 117 126 127 133 135 138 160 165 169 171 178 198 
124 22
986 926 829 146 881 104 83 367 34 287 65 218 989 286 794 239 318 603 637 744 197 752 
18
7 9 10 28 40 50 79 101 135 140 146 160 167 175 176 186 191 195 
125 21
950 933 433 983 280 430 234 106 684 885 182 620 879 460 575 954 584 754 622 873 799 
20
1 2 6 8 32 45 52 53 55 58 68 70 90 97 111 132 147 153 171 181 
126 20
857 160 212 249 323 940 459 646 356 579 892 633 484 151 854 233 677 916 28 805 
24
3 9 19 21 24 35 39 53 54 81 82 95 101 110 123 135 150 175 180 183 185 187 188 194 
127 27
993 841 592 514 505 422 722 56 277 160 34 451 340 556 38 344 412 3 30 180 282 205 672 376 547 399 406 
18
20 35 43 48 57 61 64 82 90 98 116 123 134 145 159 166 174 182 
128 21
917 914 822 787 236 946 280 552 147 11 136 567 303 568 690 727 57 316 390 464 760 
17
9 20 23 25 39 56 64 68 79 94 101 115 122 149 165 171 177 
129 21
974 890 191 140 174 581 59 765 136 206 269 156 711 290 630 788 418 420 985 504 710 
24
3 5 15 16 17 22 24 26 40 76 82 104 119 120 132 136 154 156 158 164 165 167 174 184 
130 25
943 934 933 865 853 829 819 788 747 339 356 407 195 739 317 472 361 331 183 405 474 512 545 75 741 
25
4 5 7 14 19 46 66 68 69 77 91 98 101 115 118 133 136 137 139 143 147 163 175 194 196 
131 15
709 589 570 684 497 907 465 389 69 47 241 360 707 367 260 
17
12 13 38 39 40 82 87 97 102 103 148 155 170 172 173 184 197 
132 20
988 745 737 694 329 340 499 277 171 605 376 527 453 27 582 603 649 683 10 676 
24
14 17 36 37 45 78 80 83 106 112 116 125 129 134 136 137 143 148 159 162 165 187 192 196 
133 15
715 699 616 584 832 730 237 377 978 77 388 959 449 906 498 
24
6 13 21 29 46 58 60 62 66 74 78 83 92 95 97 99 100 123 130 137 155 167 174 175 
134 20
938 864 863 401 61 950 395 85 250 743 77 689 453 403 477 526 750 613 835 762 
19
1 3 24 32 64 66 91 106 107 121 122 127 132 148 153 160 171 172 197 
135 22
983 941 880 686 122 32 491 79 752 123 137 664 150 541 117 43 302 901 346 414 324 398 
23
4 13 17 37 67 68 71 73 98 99 110 122 123 124 126 137 141 163 165 166 178 180 185 
136 18
983 517 536 94 193 187 112 843 572 642 812 567 863 914 840 692 913 762 
22
1 9 27 38 44 46 55 76 78 88 91 92 99 101 129 130 132 150 153 159 170 192 
137 21
965 844 695 236 303 909 354 212 2 308 119 366 404 642 953 509 565 597 634 647 690 
22
0 11 19 20 31 34 54 64 96 98 99 101 102 120 130 132 133 135 145 150 160 163 
138 15
684 665 748 680 527 520 515 507 777 369 453 77 117 321 380 
13
19 25 45 51 53 68 87 91 111 123 157 196 199 
139 16
873 772 854 565 437 478 274 338 49 319 81 583 124 31 82 201 
17
7 46 70 71 97 102 121 130 142 161 162 165 172 174 185 198 199 
140 29
915 811 776 710 661 679 605 592 123 927 779 187 909 391 159 511 141 289 363 255 33 947 59 240 250 268 438 489 445 
17
15 26 35 49 68 70 104 112 119 120 124 150 168 176 185 190 197 
141 20
969 953 951 396 872 929 300 164 9 150 346 420 424 639 792 666 665 739 699 884 
24
9 14 17 35 37 49 60 68 82 104 106 111 112 118 135 147 148 158 164 172 183 184 186 195 
142 23
984 819 707 128 57 668 261 329 473 524 792 126 123 49 692 137 256 404 462 882 475 48 640 
28
1 11 12 17 26 28 32 33 34 42 62 71 74 83 97 103 115 139 143 144 152 153 158 171 173 178 186 189 
143 17
514 650 786 905 803 433 415 684 92 60 505 651 685 959 663 935 745 
24
0 3 28 43 47 59 62 68 74 84 92 97 98 105 115 130 132 142 146 164 185 188 189 199 
144 17
985 181 146 126 100 26 434 621 80 346 441 671 660 697 935 751 974 
19
7 10 16 47 49 53 59 60 90 91 97 99 142 145 146 171 179 187 196 
145 26
889 759 746 713 930 671 272 591 221 358 218 15 518 282 540 59 318 349 786 490 379 575 205 353 464 526 
21
14 24 29 32 41 44 46 89 95 108 114 117 127 137 144 156 157 172 182 186 191 
146 24
813 764 618 584 275 292 445 247 964 298 750 158 627 294 119 59 382 552 106 354 373 708 375 401 
16
2 3 23 44 58 59 72 121 124 143 144 151 156 172 181 193 
147 11
858 576 966 677 218 46 680 221 410 394 553 
20
8 10 29 47 49 69 80 81 86 90 91 106 125 130 141 155 173 188 190 191 
148 17
952 261 839 186 50 339 208 344 769 922 68 266 314 702 190 375 893 
23
9 19 22 23 24 25 41 56 58 70 104 121 131 132 134 141 149 150 157 178 186 189 198 
149 19
979 971 966 348 241 156 57 147 924 400 474 629 884 798 146 923 812 515 922 
28
4 10 12 22 34 38 40 41 53 59 64 75 85 88 96 105 110 118 119 128 148 150 160 161 164 167 177 183 
150 24
838 702 691 645 633 575 145 720 128 513 28 265 270 237 274 289 125 88 310 352 58 539 671 375 
27
23 38 42 45 52 58 63 70 85 88 91 101 113 126 136 137 140 148 149 155 156 169 172 176 179 195 198 
151 21
972 847 789 308 39 430 346 945 94 323 434 433 636 738 776 480 517 628 658 724 761 
14
8 27 31 43 50 58 74 80 108 146 154 155 159 187 
152 25
985 807 757 665 635 150 126 188 168 205 27 107 243 189 244 584 597 264 729 655 285 833 574 357 368 
19
6 13 15 19 35 42 44 63 70 79 84 119 142 163 175 182 188 195 198 
153 22
912 906 857 840 226 192 294 170 3 88 309 274 500 446 520 637 119 526 535 843 621 626 
13
7 18 26 59 69 82 117 125 134 136 142 177 179 
154 22
966 926 905 854 791 435 288 307 174 133 422 423 525 886 479 615 86 493 586 686 367 737 
26
9 18 21 26 33 52 53 75 82 83 86 91 94 96 97 99 109 114 115 120 129 151 180 186 187 199 
155 20
987 960 894 389 232 152 703 129 398 472 860 83 490 643 511 631 769 623 142 845 
25
6 13 23 28 31 39 47 69 77 106 122 131 133 147 150 151 164 165 167 172 177 193 195 197 198 
156 18
177 167 881 46 987 173 117 983 798 647 392 503 994 328 587 373 669 941 
21
7 23 38 48 50 52 53 68 70 76 79 86 108 109 129 145 146 150 163 185 196 
157 17
984 380 295 386 246 722 116 493 145 663 513 405 701 747 795 575 908 
26
0 1 2 7 27 28 40 43 44 47 71 79 82 85 102 109 138 145 148 166 168 173 174 176 189 196 
158 22
920 809 755 159 211 939 162 110 244 688 823 268 744 275 785 378 461 33 477 508 542 575 
17
2 10 35 52 62 65 77 96 98 105 109 114 129 141 142 179 197 
159 24
994 947 812 826 789 118 2 138 889 223 580 5 233 248 280 911 837 134 615 721 304 45 748 771 
17
0 5 8 13 40 46 52 66 73 93 95 119 127 132 136 151 173 
160 18
272 510 185 678 763 397 661 550 166 932 81 973 455 154 612 649 791 903 
20
27 28 36 41 66 82 114 117 123 124 134 137 149 161 163 178 186 189 192 196 
161 14
989 936 829 757 672 653 895 215 124 229 845 471 573 575 
22
19 23 33 37 42 46 48 64 80 92 93 99 106 139 149 160 163 170 181 184 186 189 
162 22
985 890 842 805 279 307 529 716 784 80 71 189 448 962 703 491 806 510 54 609 708 803 
10
2 60 61 91 102 120 132 139 177 188 
163 23
985 973 959 904 817 804 226 70 858 7 14 338 745 348 180 365 408 480 505 567 664 749 676 
16
3 11 72 78 86 102 130 135 137 152 156 160 161 175 183 188 
164 19
931 885 854 77 757 58 619 180 69 136 62 309 368 479 662 688 384 236 828 
18
1 6 18 30 54 75 92 93 100 129 141 143 149 155 165 166 172 182 
165 18
967 963 236 49 164 487 122 343 77 399 535 443 398 546 13 716 675 696 
24
1 5 30 55 56 57 70 72 74 75 93 94 98 105 117 119 123 128 129 132 135 139 155 164 
166 23
960 754 825 751 695 372 190 95 47 16 689 23 253 327 378 341 348 897 416 555 604 663 685 
19
1 11 14 21 33 45 46 49 59 95 102 108 117 127 135 157 164 174 190 
167 22
492 838 394 547 881 844 548 974 752 952 138 665 938 494 276 165 532 694 745 742 744 824 
21
0 20 35 44 54 63 66 71 89 113 118 121 124 129 133 149 155 175 183 188 190 
168 18
935 923 353 659 284 471 236 23 231 126 364 535 616 735 699 751 856 819 
16
6 12 40 43 46 64 68 94 100 106 114 140 157 170 195 197 
169 13
962 909 892 869 34 804 22 519 939 888 871 497 509 
17
2 9 30 46 53 67 68 95 104 117 123 150 184 194 195 196 198 
170 19
989 986 958 321 159 310 412 58 398 130 555 60 348 459 544 600 927 631 937 
21
3 12 13 25 28 30 31 39 48 64 79 80 91 119 120 131 136 161 168 171 192 
171 17
877 220 70 247 180 587 309 87 827 68 364 334 630 684 207 725 873 
20
22 37 43 59 68 85 86 102 108 118 123 125 128 134 142 144 170 191 195 199 
172 19
961 277 263 161 837 979 128 537 604 826 995 329 338 466 496 157 564 146 849 
29
17 23 26 33 63 68 71 79 90 95 100 106 107 108 109 110 114 131 134 139 141 145 146 150 155 164 177 183 184 
173 12
975 949 846 752 743 426 790 433 340 509 576 700 
17
7 20 24 27 39 42 60 62 85 91 100 114 131 142 147 157 159 
174 25
904 972 898 821 807 735 87 847 70 68 160 4 25 122 979 905 461 165 58 539 169 462 536 538 708 
25
3 4 25 26 32 36 40 41 42 52 56 62 80 98 105 111 114 127 129 133 139 157 166 193 196 
175 22
971 925 904 940 866 521 554 44 781 224 208 556 566 882 586 651 688 597 288 621 647 766 
15
0 4 48 67 83 90 124 126 130 133 152 163 167 178 198 
176 15
915 889 794 836 768 756 249 854 123 44 920 206 145 162 230 
12
4 15 47 50 122 124 140 150 157 183 186 188 
177 19
984 982 957 239 443 240 852 109 61 153 97 267 506 555 659 844 206 946 941 
20
3 7 20 21 29 42 51 52 56 102 120 128 149 153 155 162 172 178 185 194 
178 24
960 903 874 810 784 764 758 721 238 251 174 143 548 400 417 485 169 317 486 145 515 268 564 709 
22
39 59 71 79 82 84 92 94 101 117 121 122 123 135 142 148 160 175 177 179 193 197 
179 28
936 904 867 863 855 848 833 845 808 743 168 83 187 199 711 45 228 704 291 444 457 309 343 5 486 690 773 662 
21
20 27 55 63 80 103 104 109 117 144 150 153 158 178 182 183 187 191 194 195 197 
180 16
851 965 846 667 503 399 46 2 101 958 550 227 912 504 283 313 
18
0 17 26 30 40 53 57 68 74 95 97 115 121 126 135 154 189 192 
181 14
799 649 671 518 515 48 349 475 817 613 409 763 253 423 
14
37 41 73 94 101 111 116 117 119 125 146 161 184 191 
182 20
1000 785 378 701 938 124 470 742 784 81 389 537 545 602 603 628 760 22 725 762 
25
1 6 7 14 25 27 29 32 36 39 41 44 58 80 86 115 127 145 152 164 179 192 193 195 197 
183 22
996 980 974 963 471 997 590 321 746 190 326 632 785 124 144 575 707 717 754 764 953 842 
27
1 2 23 24 33 40 41 56 70 95 101 103 110 115 119 122 126 141 149 163 167 172 176 179 187 189 192 
184 18
978 258 144 807 154 84 342 31 660 438 504 304 674 26 544 656 880 806 
17
16 25 49 50 76 88 91 115 120 129 131 141 161 169 172 181 196 
185 14
935 763 789 738 735 698 556 376 955 139 394 758 10 588 
18
3 34 40 58 61 67 70 93 104 113 126 135 139 140 143 156 177 187 
186 18
928 922 393 461 529 886 294 770 158 787 269 888 784 451 525 89 533 560 
22
4 11 14 23 26 31 53 55 85 90 99 122 124 141 142 145 148 154 160 161 176 193 
187 28
890 878 840 690 659 572 549 527 251 217 180 827 235 130 271 501 316 390 970 896 8 341 429 355 398 333 259 444 
19
25 37 38 44 51 57 101 106 107 113 117 126 132 144 151 154 179 183 185 
188 17
838 502 383 43 380 522 743 593 577 614 659 434 693 666 768 237 681 
20
4 5 15 22 24 48 60 68 99 103 121 126 143 147 152 162 163 167 176 193 
189 17
911 399 314 824 366 672 237 407 596 1 630 227 640 731 784 611 870 
22
5 11 18 33 51 72 75 91 92 102 107 142 143 148 157 160 161 180 183 190 193 194 
190 21
913 818 759 696 260 311 201 609 108 23 77 55 357 364 883 365 416 603 492 631 657 
13
12 15 61 62 66 75 107 140 147 166 167 189 196 
191 20
967 938 847 299 294 158 127 25 45 376 392 613 421 557 564 881 585 618 808 837 
26
0 1 10 24 28 29 30 34 37 41 43 60 73 75 76 80 91 92 97 120 124 145 147 171 179 181 
192 21
982 876 801 755 864 383 275 226 151 288 176 347 230 415 738 650 537 660 671 446 742 
15
2 33 49 62 77 97 103 111 132 136 160 170 180 182 183 
193 19
986 875 136 198 750 138 64 578 319 192 685 264 338 808 586 238 756 598 675 
20
7 14 23 49 50 51 55 69 72 74 77 91 146 155 174 178 182 186 188 189 
194 19
932 927 123 358 851 175 515 566 770 119 436 43 413 487 369 591 975 716 722 
16
31 37 45 51 53 59 72 114 115 126 130 169 177 179 189 198 
195 28
865 835 861 787 767 735 708 609 781 596 266 470 1 538 57 278 847 329 107 345 159 270 910 281 222 296 452 509 
22
1 19 29 61 69 86 88 91 98 102 107 120 124 141 150 152 155 168 169 171 179 182 
196 16
999 863 887 853 606 384 361 966 31 970 69 15 100 117 501 229 
18
35 54 61 74 106 120 130 132 138 144 156 157 160 169 174 184 190 197 
197 16
977 723 617 460 423 388 874 194 768 292 486 265 713 254 356 308 
31
0 4 11 12 21 33 53 57 62 66 75 76 77 83 85 87 93 97 107 118 121 131 134 140 155 158 168 178 179 182 196 
198 27
992 943 984 910 848 948 800 752 751 88 79 329 855 744 78 1 100 15 644 102 732 510 210 432 568 40 558 
23
13 24 29 55 64 72 78 83 91 98 105 106 110 116 123 139 148 150 152 155 169 175 194 
199 17
272 459 89 36 478 939 236 166 957 328 417 797 723 484 860 123 900 
17
18 20 23 28 38 39 51 54 67 92 106 109 138 139 143 154 171 
