200 1000
85 25 23 70 40 18 39 75 96 74 66 20 36 53 42 92 82 99 58 10 
63 68 9 41 78 92 56 62 25 8 34 61 85 8 30 24 25 20 99 21 
46 16 92 81 68 33 73 1 31 82 10 46 1 18 38 78 61 94 92 38 
53 25 50 37 84 32 61 8 51 11 28 96 26 19 77 46 3 1 46 86 
82 8 31 34 77 68 63 38 13 54 27 66 30 76 54 13 7 14 73 58 
76 100 5 54 71 33 99 25 33 96 10 66 3 40 99 80 60 62 69 72 
67 47 89 49 22 43 13 81 8 85 90 84 37 94 89 59 27 39 83 11 
34 93 77 37 32 27 68 43 40 88 15 59 34 55 7 7 97 71 87 5 
56 28 40 44 74 28 2 100 66 84 62 51 76 38 87 60 17 6 2 56 
93 68 14 26 23 72 85 71 95 71 75 2 51 66 45 24 45 46 75 62 
29 36 13 57 26 51 68 42 57 69 49 1 89 15 79 63 86 63 33 32 
85 60 33 35 25 77 58 22 22 32 83 3 20 47 11 45 98 78 86 6 
98 86 58 86 100 36 100 38 50 33 69 35 44 2 21 20 78 79 41 52 
62 76 6 81 22 16 77 71 93 14 76 42 100 86 80 99 21 79 36 23 
63 5 57 6 6 29 26 35 7 66 38 21 41 43 53 15 10 30 85 54 
43 13 96 42 98 75 41 70 5 28 92 68 32 100 73 89 29 98 76 87 
16 13 7 56 8 12 70 69 41 7 23 35 19 70 29 16 96 21 85 100 
48 77 67 32 76 40 20 4 89 47 91 4 12 49 60 19 60 81 87 52 
87 61 39 57 30 67 72 77 39 57 77 86 85 43 17 12 34 89 16 23 
35 58 26 46 58 37 16 70 70 55 73 8 67 11 65 49 29 36 25 67 
44 1 5 80 96 73 92 81 61 59 3 48 68 81 45 25 69 61 46 38 
67 19 98 33 29 62 81 10 49 58 76 45 58 32 76 5 5 67 86 17 
77 40 64 44 72 9 21 41 21 66 30 39 84 27 71 13 40 4 74 41 
61 49 85 70 33 60 27 37 79 64 53 55 3 17 99 75 77 19 67 49 
84 96 87 20 75 9 32 14 64 5 54 76 5 90 46 37 2 24 25 80 
87 78 34 89 46 84 15 74 54 33 22 38 81 60 57 55 68 40 20 84 
96 26 59 52 67 56 41 68 79 65 47 65 94 33 6 39 68 72 64 22 
5 85 11 37 96 19 43 16 58 14 99 5 39 57 8 58 13 100 25 43 
65 24 8 10 8 65 49 75 36 64 96 92 49 6 28 96 24 22 11 33 
36 9 89 74 18 49 83 82 48 8 24 12 83 31 74 90 95 74 16 83 
37 12 26 37 69 54 33 45 75 43 77 10 4 18 36 21 66 70 2 13 
77 25 77 11 8 50 52 54 23 68 88 11 31 14 48 99 19 80 43 45 
22 72 7 25 41 42 97 6 63 50 70 92 27 98 2 34 47 54 39 21 
73 27 32 3 92 31 53 10 10 48 54 83 71 60 8 11 53 56 68 16 
6 37 7 32 35 60 17 33 13 7 6 37 85 89 39 76 19 44 85 28 
91 91 10 61 2 69 23 55 77 90 22 82 78 80 65 64 39 33 97 4 
39 54 40 24 42 31 99 12 74 36 91 64 78 52 76 79 21 98 85 49 
39 6 30 16 85 46 80 76 78 28 79 16 33 18 39 26 48 90 37 21 
77 27 36 54 78 63 84 50 60 69 98 98 26 79 66 63 24 45 38 53 
24 16 69 56 85 59 81 85 100 17 57 28 95 93 33 24 55 17 26 67 
37 75 16 62 54 81 24 29 25 61 34 100 28 54 55 13 64 35 97 64 
3 53 43 49 97 76 73 4 92 98 70 28 24 85 41 77 66 65 58 42 
77 43 42 57 96 96 69 59 83 17 22 37 21 65 86 18 92 58 21 83 
7 90 62 82 26 54 11 91 18 68 85 47 10 26 3 57 73 23 15 7 
39 89 44 59 5 81 28 96 90 48 30 48 89 43 29 67 96 39 57 66 
58 93 12 19 70 66 75 95 88 90 1 78 78 96 36 82 76 16 77 65 
15 6 12 4 48 93 70 43 31 78 8 89 71 71 7 92 36 82 86 23 
71 87 52 48 34 88 81 62 55 57 26 69 14 90 72 13 34 93 7 64 
23 67 4 45 37 11 36 73 44 22 47 14 60 99 13 93 38 93 54 44 
1 32 12 14 73 36 78 6 28 84 21 2 50 25 46 87 87 82 11 30 
86 62 1 49 76 83 100 40 21 21 39 18 37 53 63 20 12 84 7 4 
79 32 56 84 58 15 40 64 20 99 81 5 60 33 6 88 16 57 27 36 
29 18 5 17 22 20 37 85 55 95 40 86 26 96 69 83 62 8 46 81 
58 79 38 69 11 95 56 26 3 35 13 31 52 70 47 25 89 83 10 43 
29 49 80 54 96 48 88 10 7 86 42 64 64 79 33 26 25 40 4 27 
74 16 9 77 37 56 2 25 90 63 20 71 11 99 24 59 99 64 68 5 
49 9 69 12 40 53 37 64 92 40 43 18 8 51 94 44 58 47 21 100 
9 92 70 20 90 45 30 88 8 97 93 56 5 13 19 44 17 56 60 60 
47 2 77 6 4 23 2 62 69 74 13 78 65 34 49 54 78 78 94 38 
74 38 45 78 2 64 74 70 71 33 29 17 34 6 75 89 28 28 50 48 
1 14 25 65 47 73 70 77 2 15 14 75 52 58 5 5 21 30 74 91 
62 3 60 47 60 86 35 39 13 37 86 65 50 63 81 97 35 50 73 37 
17 38 63 68 95 19 25 68 48 98 58 9 52 69 7 11 54 42 1 18 
78 87 82 79 49 14 27 35 16 51 23 32 88 38 51 35 56 75 2 4 
73 11 64 24 80 71 87 85 12 87 55 41 25 88 71 73 2 98 60 17 
100 82 48 88 19 98 22 27 25 75 30 97 85 93 72 16 15 58 53 26 
97 7 18 21 46 41 46 99 38 5 15 37 38 14 76 9 64 49 35 88 
23 64 36 8 8 7 75 23 17 27 100 13 85 70 33 31 10 30 29 99 
34 96 35 72 61 63 80 24 11 14 63 86 29 98 45 36 57 19 10 73 
98 10 37 82 79 21 64 40 51 45 38 36 92 24 7 52 86 38 28 49 
3 90 34 31 88 78 19 96 48 80 20 45 41 56 79 19 28 94 10 78 
90 47 14 81 71 72 33 56 10 60 56 64 1 89 47 88 18 17 35 18 
96 54 62 37 9 92 7 89 86 17 66 75 63 31 8 85 55 92 93 16 
3 48 79 3 89 25 43 58 93 77 75 89 31 89 77 91 80 35 79 17 
3 97 44 66 27 51 2 81 42 94 96 44 42 27 46 82 3 40 39 96 
17 14 36 47 2 12 89 33 46 68 50 1 64 45 66 42 95 19 23 88 
13 70 83 6 48 80 87 51 20 25 46 36 90 81 34 43 44 22 76 41 
41 77 41 4 73 58 46 67 77 20 6 89 41 88 46 89 67 32 39 38 
8 36 25 50 68 58 92 11 32 19 51 72 47 44 28 19 1 73 37 77 
44 42 17 84 81 62 72 48 45 62 37 5 49 62 54 16 19 97 26 2 
16 29 74 14 72 53 33 72 25 69 1 68 63 69 3 43 83 27 42 27 
88 79 83 89 40 36 4 10 85 82 64 100 10 89 13 33 41 97 56 65 
18 8 84 80 77 86 74 59 12 68 37 52 46 72 40 37 7 95 98 43 
76 61 42 37 49 7 69 89 55 77 5 72 84 88 3 12 26 77 70 89 
96 59 92 41 30 31 29 88 26 26 31 53 39 24 90 87 82 10 76 37 
86 32 60 22 20 63 33 97 91 55 85 86 65 77 78 46 59 58 33 36 
83 15 89 21 91 30 60 72 39 87 60 77 18 20 98 89 34 82 85 76 
36 22 13 52 50 90 97 8 47 82 96 81 96 84 54 86 13 65 10 3 
51 21 79 20 92 28 9 25 10 45 52 97 18 64 49 67 5 97 27 3 
78 74 36 74 9 89 11 73 5 72 75 55 93 6 26 84 33 34 61 94 
31 12 43 48 28 43 67 32 39 45 35 17 18 22 42 26 10 4 98 66 
76 24 20 20 29 45 55 14 31 15 59 13 79 1 60 6 43 78 89 82 
74 75 50 91 96 91 68 57 94 17 22 21 41 93 40 21 90 95 86 20 
61 45 32 91 97 43 48 92 73 89 25 46 63 74 89 11 64 56 67 57 
25 41 78 17 33 69 37 22 15 75 93 28 71 76 18 67 71 18 10 95 
6 34 40 20 7 28 30 22 36 97 79 60 89 8 76 21 28 64 95 43 
38 39 70 8 67 39 27 89 56 88 83 13 22 74 33 80 2 62 2 37 
10 32 48 98 39 23 71 66 86 17 60 76 7 29 35 25 20 61 13 27 
1 47 40 22 21 72 1 74 85 2 62 95 33 9 44 23 83 66 41 20 
34 100 95 41 81 82 17 100 94 82 78 94 28 17 15 100 40 68 73 25 

0 19
998 818 222 307 647 287 98 216 590 624 20 872 95 350 417 430 467 747 769 
18
2 27 30 47 49 72 85 110 119 120 122 124 135 136 145 156 186 197 
1 15
849 509 743 403 672 400 49 168 110 872 328 226 721 7 296 
18
21 22 23 42 49 77 78 84 93 103 104 105 118 152 173 183 192 194 
2 24
904 899 888 865 861 68 595 130 7 21 930 856 153 560 412 101 175 413 850 258 731 768 533 831 
17
0 33 37 50 61 68 69 75 80 81 115 134 157 164 166 186 189 
3 11
978 904 849 806 382 431 634 813 269 629 778 
16
11 12 14 18 27 29 49 83 93 101 102 119 122 133 139 183 
4 20
911 844 311 214 775 900 826 440 928 780 663 278 204 315 261 557 83 564 711 784 
18
11 15 21 22 45 54 58 68 70 71 87 88 101 105 125 145 168 195 
5 17
224 836 200 87 972 121 222 296 449 418 834 501 689 706 798 879 907 
17
44 51 57 63 70 71 85 88 96 117 134 141 155 167 185 189 195 
6 20
767 756 719 367 197 160 986 209 24 89 255 213 370 380 669 433 51 421 458 708 
17
11 39 42 46 59 65 67 77 78 90 93 102 109 123 124 135 197 
7 22
996 981 914 831 786 186 436 140 21 242 514 616 7 299 227 338 417 978 164 682 152 744 
17
20 24 38 77 78 84 96 98 107 138 142 148 151 173 188 193 198 
8 27
958 953 938 857 626 874 763 726 541 467 368 438 105 143 32 202 406 170 25 210 271 446 113 298 303 132 354 
15
10 15 28 52 66 67 71 87 96 100 116 122 135 140 199 
9 22
962 949 923 261 187 595 351 8 749 358 432 441 929 781 472 917 473 125 88 532 937 826 
17
21 42 50 69 76 87 88 90 98 116 152 155 161 162 170 178 194 
10 23
925 843 829 792 230 383 915 212 42 652 154 336 979 276 776 36 369 210 432 234 493 549 768 
21
8 18 23 26 38 47 48 49 62 70 82 88 97 99 112 115 137 157 163 173 179 
11 26
771 694 675 674 604 936 566 137 52 959 774 256 77 451 16 278 764 209 431 659 326 369 517 43 524 572 
25
3 4 6 38 52 53 54 59 63 75 77 84 87 112 117 124 129 132 134 150 155 161 182 183 186 
12 25
985 955 943 927 884 882 793 737 268 244 74 720 778 704 173 635 376 383 211 359 433 82 637 459 624 
22
3 27 30 31 36 45 50 60 64 66 77 83 88 106 123 136 144 149 169 174 176 192 
13 14
965 557 553 503 486 408 915 65 198 947 29 173 326 364 
17
27 61 62 93 99 101 102 103 116 123 145 161 162 164 165 179 199 
14 21
850 720 900 234 336 122 718 52 596 4 248 257 391 716 420 218 440 458 893 5 671 
15
3 26 49 56 60 76 106 111 115 140 142 164 165 171 179 
15 19
919 886 871 225 26 162 273 66 746 296 300 112 334 827 282 726 811 483 779 
21
4 8 40 46 50 70 74 80 93 111 135 145 154 159 162 174 176 193 194 195 197 
16 20
806 334 572 945 205 647 210 851 74 703 7 392 429 336 484 391 428 502 870 796 
19
22 45 58 65 70 74 76 90 98 101 102 104 105 106 107 122 134 151 186 
17 24
983 948 936 914 810 364 296 407 158 102 857 6 769 29 658 522 300 308 377 496 721 203 388 537 
16
28 31 38 79 98 110 115 127 131 134 139 144 148 156 164 182 
18 19
994 990 396 991 362 110 688 960 183 710 465 548 253 956 623 626 964 212 989 
25
3 10 23 38 41 43 45 59 61 83 88 93 103 109 115 124 141 143 147 160 171 172 174 189 194 
19 15
785 737 723 654 466 447 284 609 354 852 19 322 622 367 419 
18
51 53 54 56 57 60 63 76 86 93 99 103 120 121 124 134 183 192 
20 20
760 648 622 151 784 525 16 143 466 551 80 73 430 479 103 547 555 341 563 565 
20
7 24 37 40 43 46 55 62 66 90 100 112 148 165 174 178 181 183 191 196 
21 24
978 727 660 155 133 111 502 558 3 187 9 453 231 563 267 943 277 319 745 79 449 963 482 501 
24
1 4 9 29 43 49 51 53 59 66 67 76 85 91 93 109 119 127 134 152 153 164 179 196 
22 19
846 821 897 342 223 38 818 4 173 394 131 267 26 349 774 367 516 518 731 
15
1 4 16 37 42 43 57 69 108 124 157 185 186 188 197 
23 26
970 914 765 714 671 597 163 186 768 102 510 74 71 898 343 868 202 559 760 353 292 366 22 392 558 568 
22
1 10 18 44 48 58 73 78 80 81 85 87 90 95 107 114 135 140 143 162 185 197 
24 22
762 702 656 262 191 71 238 63 400 401 409 416 871 20 501 604 456 973 529 620 472 583 
16
7 20 58 63 65 67 92 120 123 130 137 142 154 165 172 199 
25 18
940 341 282 981 537 416 288 560 832 162 559 661 580 801 17 720 752 813 
15
38 45 62 80 89 91 99 138 166 168 172 176 189 198 199 
26 33
952 824 765 740 672 667 832 795 647 818 559 557 122 106 140 104 63 5 153 749 527 347 645 534 921 736 144 477 494 72 516 591 554 
18
10 14 27 34 41 42 52 53 57 68 78 109 111 116 153 161 166 184 
27 18
912 333 196 604 138 75 321 457 90 702 436 540 635 694 923 701 883 884 
25
0 3 12 13 26 28 29 34 57 60 72 80 86 90 95 100 103 104 127 128 150 157 184 192 195 
28 20
844 703 802 136 899 233 590 565 121 242 20 428 83 264 313 655 396 441 448 681 
17
8 17 27 31 48 49 74 85 89 94 101 135 138 152 191 192 197 
29 17
203 218 286 200 163 2 51 561 930 116 819 345 343 528 568 805 837 
20
3 21 27 35 40 52 53 62 88 94 100 102 107 118 151 152 157 160 165 196 
30 26
938 929 821 816 738 657 548 208 165 142 6 312 662 181 877 211 466 580 321 362 52 274 422 444 518 523 
17
0 12 36 39 40 65 68 98 103 108 112 125 127 134 135 153 171 
31 22
992 872 825 772 781 337 82 298 638 146 20 24 339 507 359 499 802 506 642 518 756 769 
25
12 17 28 34 41 43 44 58 82 99 108 112 120 126 133 137 141 143 146 170 172 173 176 182 196 
32 21
914 808 792 177 172 154 528 132 693 753 50 73 219 238 244 807 400 520 575 469 691 
12
35 46 58 73 97 101 131 137 151 155 173 179 
33 17
293 125 882 771 381 50 77 372 593 499 351 92 388 728 498 702 581 
11
2 36 51 69 87 110 111 136 143 152 192 
34 13
979 903 704 542 986 850 204 225 351 722 110 243 277 
16
26 27 31 38 56 64 84 126 129 130 133 147 160 178 182 194 
35 18
980 352 930 208 185 938 272 27 376 831 535 174 470 766 455 788 836 847 
22
29 32 46 49 50 51 52 56 69 82 87 95 105 111 132 138 143 144 154 158 162 183 
36 29
994 972 935 923 818 769 763 685 799 281 179 274 237 951 322 979 683 424 199 309 302 173 321 296 370 333 567 493 515 
18
12 30 33 37 39 45 51 78 90 92 99 119 133 135 137 140 185 194 
37 26
924 880 852 841 744 156 996 71 172 394 202 128 754 14 235 837 393 541 709 974 789 419 608 648 352 722 
29
2 20 22 36 38 41 53 60 73 76 86 97 109 119 126 129 138 141 145 154 157 158 159 160 161 165 166 194 199 
38 18
335 172 881 141 396 86 17 54 428 808 697 734 501 518 524 550 591 712 
23
7 10 11 17 18 25 34 37 39 48 52 83 90 124 139 140 141 143 156 157 174 193 198 
39 20
961 932 894 845 159 108 255 45 314 49 301 556 291 624 333 818 411 161 642 689 
20
6 30 36 38 52 64 70 72 93 100 103 110 111 117 161 182 189 192 194 196 
40 23
827 696 672 735 661 873 614 320 490 507 314 147 319 609 387 270 491 347 290 364 440 403 479 
18
15 20 29 30 54 58 61 82 85 117 121 137 155 173 176 184 195 199 
41 23
963 918 851 718 647 292 960 331 59 247 434 106 603 344 39 885 515 387 489 473 558 527 544 
24
18 26 31 37 61 64 78 89 91 105 109 119 120 121 133 139 152 155 160 174 182 195 198 199 
42 14
955 818 786 763 719 653 201 145 300 890 414 448 625 472 
32
1 6 9 22 26 43 44 47 53 73 79 86 92 93 98 101 103 107 108 110 113 114 135 136 146 147 152 157 163 178 186 196 
43 24
929 853 730 180 976 384 142 104 965 151 36 406 768 102 193 230 793 349 233 984 392 543 564 636 
13
18 20 21 22 31 42 86 102 150 160 165 173 192 
44 17
133 779 922 108 907 20 751 114 794 51 884 285 761 650 109 701 826 
17
5 23 31 42 50 52 63 65 72 82 89 107 115 124 127 176 193 
45 17
931 315 808 498 192 155 597 67 321 814 865 51 443 32 513 640 795 
23
4 12 16 18 25 36 63 80 83 89 100 101 108 111 130 132 136 148 156 168 183 187 188 
46 27
982 918 970 896 741 707 633 216 85 87 187 2 234 249 812 35 331 857 450 361 833 463 373 503 666 592 615 
20
6 15 20 32 35 51 72 74 86 102 106 110 119 124 125 126 140 144 181 182 
47 20
916 600 123 15 779 372 474 26 332 485 236 14 269 360 778 408 469 182 515 560 
18
0 10 42 50 57 84 87 91 94 98 102 104 115 152 159 161 174 175 
48 21
942 820 715 131 556 110 120 268 30 927 39 864 309 981 389 440 508 422 475 798 673 
19
10 23 28 38 50 53 63 65 75 77 91 131 132 139 140 161 168 174 191 
49 24
940 922 906 872 768 745 234 195 259 577 162 340 50 272 346 516 635 504 767 175 656 660 818 670 
17
0 1 3 10 14 21 28 35 69 77 84 104 115 122 131 137 175 
50 18
971 140 327 142 98 242 353 659 14 71 479 768 853 528 587 757 892 781 
29
2 9 12 15 35 44 47 48 53 60 65 68 71 82 91 95 103 118 119 122 130 155 160 173 174 179 187 191 195 
51 19
958 941 905 184 235 174 122 228 279 81 659 582 730 520 556 84 824 845 882 
19
5 19 21 33 35 36 46 52 86 91 104 106 116 119 122 123 146 160 169 
52 18
993 283 921 810 886 27 502 724 638 194 83 376 746 533 795 819 902 905 
25
8 11 26 29 35 38 39 44 51 54 57 59 70 83 88 92 93 115 121 140 148 153 168 180 187 
53 20
999 931 890 281 331 212 144 61 83 362 377 398 536 425 781 448 478 497 674 778 
20
11 19 21 26 29 37 42 48 50 60 96 100 112 115 129 158 177 178 192 194 
54 20
978 887 771 239 732 285 47 307 85 323 355 763 439 481 594 229 636 931 709 760 
23
4 11 19 40 52 66 72 74 75 83 84 99 100 101 103 104 105 146 170 171 172 176 188 
55 20
647 616 304 301 874 245 466 483 33 310 226 408 493 492 455 516 316 538 991 547 
20
20 60 61 63 65 74 77 80 100 105 116 134 138 166 176 178 179 190 195 198 
56 16
604 526 631 512 539 420 371 430 260 61 180 602 143 49 185 190 
17
14 19 34 35 78 82 87 98 114 119 120 132 136 150 153 189 196 
57 22
917 905 978 830 657 827 416 603 114 470 63 994 624 31 532 992 622 331 664 750 600 822 
22
5 19 22 26 27 47 52 78 88 93 95 99 116 117 122 129 137 146 147 152 171 191 
58 26
883 823 805 779 732 722 141 738 72 42 637 787 10 571 797 131 40 829 533 200 506 203 228 653 440 519 
17
4 16 23 24 31 32 40 80 99 106 121 123 124 127 131 142 159 
59 18
892 860 281 196 18 294 70 655 322 360 534 558 256 626 718 741 843 759 
17
6 11 18 21 52 64 73 95 113 134 143 147 175 178 187 191 195 
60 22
955 936 794 682 819 671 135 390 94 162 112 21 113 198 92 151 302 395 506 157 490 496 
21
12 14 19 27 37 50 53 55 65 72 83 87 90 99 108 111 114 121 131 137 163 
61 19
882 242 244 125 8 110 250 471 780 743 413 736 426 579 765 469 622 544 629 
21
2 13 18 40 41 55 72 76 81 87 95 102 104 114 137 139 161 163 173 174 183 
62 30
993 983 904 851 801 748 624 573 559 103 729 137 358 14 856 745 116 13 112 299 56 117 266 825 48 344 961 480 471 530 
16
10 13 20 25 29 103 111 112 122 124 130 139 144 149 183 196 
63 25
997 847 909 798 772 771 679 85 57 289 30 885 145 536 12 641 675 14 225 397 249 674 593 820 598 
25
5 11 19 24 44 45 48 55 70 76 85 87 109 110 113 119 122 131 132 149 164 167 168 180 188 
64 21
946 940 933 914 371 575 376 207 615 64 557 220 178 342 416 888 481 549 583 735 791 
19
12 34 39 41 59 70 84 86 89 130 136 142 151 163 166 167 169 178 181 
65 29
820 770 585 804 545 532 495 764 468 255 156 959 478 293 71 428 445 83 389 406 60 288 997 294 719 312 276 387 444 
25
6 16 24 30 44 48 50 55 60 73 85 95 104 115 117 118 123 146 148 149 167 170 172 193 199 
66 21
907 869 862 327 123 514 178 904 127 13 1000 445 522 692 617 582 804 195 750 831 834 
22
8 12 20 21 54 72 73 89 90 108 112 122 124 128 130 142 162 171 179 187 191 195 
67 26
951 937 905 820 973 751 809 365 358 136 96 723 390 478 697 105 512 854 40 558 565 585 625 952 508 693 
14
6 8 21 24 71 79 83 100 103 121 135 141 180 187 
68 13
991 800 780 592 348 622 418 509 920 291 564 778 540 
20
2 4 26 30 50 79 87 100 109 110 124 137 147 152 166 167 187 193 194 195 
69 25
985 958 812 804 719 785 230 117 406 457 63 488 807 141 71 980 462 364 407 786 490 677 242 538 569 
18
2 9 22 33 35 49 77 82 87 94 114 115 117 123 152 162 172 197 
70 19
853 854 817 314 53 325 67 322 161 679 477 749 184 517 525 550 146 590 646 
19
4 5 10 15 16 39 52 63 64 100 129 132 140 152 157 173 179 189 198 
71 21
953 906 135 492 165 790 87 15 78 221 992 844 696 326 347 130 500 524 575 651 710 
17
4 5 8 50 67 84 102 127 133 140 143 144 146 167 172 178 198 
72 17
416 722 219 85 153 942 165 709 496 853 702 778 791 801 837 340 895 
23
0 27 39 44 46 54 60 61 66 78 83 88 127 131 137 147 149 157 171 172 182 197 199 
73 18
893 863 361 574 320 353 131 219 182 700 522 596 496 681 434 656 682 771 
21
23 32 37 42 59 65 66 77 78 87 88 94 97 115 123 157 174 175 185 188 196 
74 23
937 916 915 799 868 794 362 56 634 166 835 354 46 743 53 793 554 504 578 714 376 635 701 
23
15 16 28 46 54 55 90 107 121 127 131 137 139 150 158 159 161 169 173 177 187 192 196 
75 17
994 653 334 260 205 81 914 111 502 567 364 660 677 779 915 854 904 
19
2 11 48 54 77 79 80 102 105 106 117 119 120 130 143 168 174 178 180 
76 22
855 819 745 63 403 735 624 177 713 602 23 192 260 150 970 45 203 240 682 497 511 654 
21
9 14 16 19 21 37 61 63 78 106 116 120 127 141 142 152 161 176 180 186 192 
77 18
902 400 994 365 270 131 896 132 574 897 510 628 781 324 657 694 719 894 
23
1 6 7 11 12 48 49 55 69 73 75 79 105 116 126 131 148 156 161 163 178 187 199 
78 19
991 964 264 842 910 172 371 105 415 785 870 132 433 959 552 739 514 599 715 
19
1 6 7 23 26 36 41 56 57 72 73 76 99 128 141 143 163 178 195 
79 19
960 127 483 931 265 860 188 681 91 363 266 471 967 930 92 55 536 714 900 
18
17 42 67 68 75 77 81 103 108 114 122 127 130 132 137 156 195 199 
80 16
971 747 831 712 893 502 981 301 159 344 442 885 783 562 477 345 
19
2 15 23 25 27 45 55 58 75 83 84 88 111 124 148 149 158 171 191 
81 16
908 889 871 710 737 652 122 85 148 286 749 630 613 307 776 419 
14
2 23 61 79 90 113 126 144 159 164 165 175 177 193 
82 23
987 875 860 768 761 660 288 701 220 16 75 34 289 612 308 356 393 332 429 457 192 525 522 
17
10 31 35 40 44 50 56 69 100 114 118 119 120 139 157 166 188 
83 23
996 897 849 826 805 949 172 767 169 58 236 187 378 426 110 443 551 625 871 649 672 671 708 
20
3 12 18 38 45 52 54 60 67 72 80 91 99 140 149 154 155 175 181 188 
84 19
965 957 335 811 845 915 286 175 281 96 708 158 602 611 733 886 683 682 867 
26
1 7 11 34 47 49 54 64 71 80 91 98 109 124 134 142 146 150 155 157 174 183 185 191 194 198 
85 20
831 969 155 95 175 554 702 63 76 688 271 864 309 649 344 176 398 423 746 524 
18
0 5 21 23 28 40 63 65 95 101 102 142 146 158 167 175 191 193 
86 25
988 906 800 369 365 671 349 876 839 247 52 579 168 444 852 445 873 466 995 773 551 526 384 643 710 
21
19 27 37 42 43 46 51 64 90 91 98 102 103 106 120 121 125 127 180 192 196 
87 29
898 725 685 640 959 552 606 495 115 73 390 44 724 243 58 706 151 119 304 240 297 805 768 731 361 366 67 400 490 
23
4 8 9 11 23 33 35 47 56 60 61 63 68 69 73 93 97 115 118 140 159 177 198 
88 20
984 948 835 982 131 66 27 30 275 380 433 185 518 220 442 572 623 742 616 735 
24
4 5 9 10 12 18 29 52 57 72 73 80 94 97 109 115 131 134 135 151 165 178 186 194 
89 13
831 648 570 548 507 460 222 146 370 261 951 424 445 
10
25 28 41 44 45 64 66 108 119 196 
90 24
949 883 833 610 535 717 199 189 121 183 251 524 228 245 327 429 480 967 5 338 39 409 213 435 
25
6 9 16 20 23 27 36 38 60 66 74 81 86 98 131 139 143 147 153 157 164 171 186 194 195 
91 22
969 935 750 922 182 801 283 143 109 430 138 348 595 540 604 243 613 649 510 695 897 712 
21
21 25 41 47 48 50 51 83 84 86 116 125 133 146 148 155 162 164 174 183 188 
92 26
919 852 834 797 774 695 671 270 232 158 368 294 157 82 337 770 104 813 295 431 360 409 484 950 506 561 
11
24 36 42 52 100 118 138 151 159 178 192 
93 16
992 709 460 878 725 351 217 952 68 500 313 841 314 461 308 342 
23
1 3 6 13 15 18 19 21 39 42 52 57 87 95 102 112 129 139 140 150 157 167 184 
94 14
995 971 1000 796 613 491 37 793 11 63 727 64 248 374 
13
28 29 47 69 73 88 96 102 112 138 148 182 188 
95 25
972 895 867 925 851 778 213 833 796 130 43 6 686 15 401 773 403 72 590 466 291 476 523 659 637 
24
23 27 35 50 57 59 61 65 85 93 96 100 102 108 118 125 138 139 147 150 157 160 162 172 
96 20
907 901 877 387 215 591 221 442 193 31 541 80 762 503 860 958 551 684 700 787 
22
5 7 8 53 94 95 110 117 123 144 145 147 148 152 157 163 166 173 174 185 188 189 
97 25
899 861 663 561 556 522 213 146 138 134 107 688 577 133 456 498 239 457 494 594 335 460 386 351 428 
16
10 32 37 73 87 88 99 102 109 123 124 145 178 188 193 195 
98 23
915 864 792 680 676 174 173 4 115 319 79 35 598 228 279 295 954 399 452 468 724 391 576 
17
7 9 16 17 30 42 47 56 84 86 90 108 117 128 137 156 186 
99 15
867 810 809 760 630 526 950 440 43 686 40 123 263 172 342 
29
10 13 19 25 31 36 54 57 58 60 78 83 97 102 111 116 121 122 129 135 148 154 163 165 171 172 174 178 187 
100 16
792 755 641 821 549 535 672 519 147 817 1 171 173 883 237 391 
25
8 20 27 29 39 45 53 54 55 67 68 70 82 92 95 112 132 142 147 164 165 174 184 190 199 
101 24
700 892 596 894 561 220 830 127 83 457 243 861 84 417 410 431 745 42 449 523 56 315 352 537 
19
3 4 13 16 28 32 42 45 54 85 103 119 139 162 183 190 191 193 198 
102 21
987 983 683 375 186 12 668 261 360 547 154 598 666 960 183 368 470 205 612 84 639 
23
3 6 13 16 29 43 46 47 61 71 75 85 86 93 94 95 97 99 119 135 139 160 165 
103 25
978 778 717 962 740 703 625 863 530 15 290 426 252 511 220 101 198 457 309 332 342 357 374 446 515 
26
1 13 18 19 27 30 39 42 50 54 62 67 79 86 101 114 120 126 129 137 155 167 168 177 180 194 
104 19
979 860 352 338 201 1 800 411 700 413 838 924 591 829 187 631 3 706 721 
14
1 16 27 47 49 51 54 61 65 114 123 127 133 186 
105 18
913 359 282 418 898 343 306 510 663 383 420 557 641 863 562 734 623 735 
20
1 4 16 35 41 54 55 75 77 116 131 137 144 145 150 176 184 192 193 196 
106 20
966 871 258 71 683 734 819 235 933 82 140 113 862 307 543 644 828 687 835 842 
19
12 14 16 46 51 58 75 76 86 112 125 127 150 151 166 182 188 190 194 
107 23
999 954 862 150 12 274 614 50 904 275 701 479 803 63 211 285 324 477 704 334 480 601 610 
11
7 16 23 29 42 44 74 123 133 149 190 
108 14
608 603 730 526 493 393 405 269 821 192 311 295 335 366 
19
22 30 31 42 45 60 66 79 89 95 98 115 122 124 129 132 136 151 159 
109 24
984 805 672 636 293 733 104 173 260 75 779 483 82 752 456 346 462 499 500 389 860 527 606 613 
15
6 18 21 26 37 41 63 68 84 88 97 123 158 161 182 
110 20
980 914 856 804 455 744 144 773 111 155 682 1 336 410 3 373 458 437 355 799 
20
0 17 33 39 42 46 63 68 96 135 145 152 161 167 175 178 180 185 193 194 
111 13
976 757 571 325 65 12 68 766 358 103 164 669 210 
16
14 15 26 33 35 39 45 60 62 80 99 125 128 134 153 156 
112 22
705 673 893 116 571 19 111 62 445 772 180 217 379 20 390 959 441 477 935 491 505 633 
16
10 11 20 30 31 53 62 66 93 94 100 106 140 176 185 190 
113 18
972 895 215 174 837 86 443 460 783 51 2 337 373 341 8 526 553 876 
9
42 59 63 81 115 124 181 197 199 
114 12
491 743 471 27 90 737 23 934 305 33 120 263 
17
23 42 56 60 61 69 79 82 103 104 116 119 129 135 138 169 173 
115 16
507 437 775 401 277 77 363 74 149 661 525 219 849 662 186 152 
29
2 10 14 17 18 44 47 49 52 53 65 69 73 87 88 108 113 120 121 122 138 151 161 162 172 184 188 190 193 
116 20
824 671 661 36 744 189 257 112 201 571 253 105 547 324 352 382 430 434 862 492 
21
8 9 13 26 51 55 57 76 77 91 99 105 114 126 129 147 149 164 168 186 187 
117 16
883 678 559 457 497 446 310 292 402 28 10 357 136 227 166 179 
17
5 11 39 40 57 65 69 75 96 98 126 142 144 153 159 188 197 
118 18
969 916 833 298 281 408 1 613 234 455 914 542 390 797 633 820 711 736 
16
1 29 50 65 82 87 92 95 119 125 145 149 166 177 182 187 
119 22
919 761 183 53 861 750 80 73 66 292 942 683 322 823 231 453 548 619 680 768 731 711 
28
0 3 21 36 37 41 46 50 51 56 63 75 82 89 101 102 114 118 127 132 140 156 170 171 180 182 186 198 
120 21
925 893 797 723 220 192 549 873 614 162 134 593 288 621 29 2 335 246 337 387 506 
19
0 19 24 31 41 56 75 76 82 86 103 115 122 129 132 152 174 187 195 
121 17
978 367 197 359 400 615 819 628 629 636 675 533 681 4 855 395 950 
18
19 40 41 52 58 60 67 74 86 99 115 125 131 154 164 170 174 198 
122 20
934 634 776 184 337 963 112 149 371 541 16 237 54 222 232 329 365 442 64 508 
22
0 3 8 16 49 50 51 57 62 63 66 79 99 108 115 120 131 157 166 177 184 196 
123 15
981 908 766 708 469 968 713 458 536 128 124 166 274 323 395 
24
6 12 13 24 51 58 65 69 73 96 97 104 107 109 129 130 135 141 152 165 168 170 178 192 
124 17
288 917 229 671 918 30 727 812 258 73 379 485 493 578 709 241 796 
25
0 6 11 18 19 22 38 44 46 58 62 66 68 80 84 97 108 113 133 151 165 167 168 185 190 
125 23
962 897 832 771 953 176 23 892 115 251 154 151 262 415 284 437 365 381 603 865 14 532 752 
16
4 30 46 86 91 95 106 111 118 121 128 158 169 179 184 193 
126 23
930 730 726 667 806 103 86 698 69 392 807 511 89 4 63 183 268 409 557 313 364 377 626 
17
31 34 37 46 77 81 103 116 117 145 149 150 166 168 175 192 196 
127 22
923 876 839 813 772 716 435 639 60 412 366 181 477 576 613 482 507 515 423 534 574 683 
21
17 21 27 30 44 58 71 72 74 76 79 86 104 106 119 129 136 138 160 171 180 
128 23
979 710 675 666 193 57 722 167 250 103 358 221 332 519 401 622 404 708 523 529 762 614 627 
14
27 66 78 98 111 125 137 141 155 158 172 186 187 197 
129 21
605 135 728 543 577 93 835 687 21 310 998 332 100 26 137 297 38 149 408 478 555 
20
11 34 37 53 57 70 93 99 103 108 114 116 120 123 127 130 133 138 146 183 
130 23
916 848 839 782 708 702 11 487 572 188 477 160 360 562 377 66 491 664 627 421 215 548 573 
19
24 34 45 50 62 64 66 75 79 123 129 133 134 146 153 166 172 174 185 
131 20
948 934 792 190 170 101 176 435 509 778 297 334 402 95 354 677 369 506 528 672 
24
17 32 48 49 58 60 63 72 74 77 88 90 105 121 122 140 143 145 156 165 168 170 171 194 
132 21
933 779 622 831 165 556 120 34 6 312 499 533 421 87 346 13 235 782 264 440 492 
17
11 35 45 48 56 63 70 79 100 108 119 120 133 136 155 156 187 
133 14
879 761 738 638 632 588 900 84 950 406 82 256 501 310 
21
3 31 34 36 41 71 91 104 107 124 129 130 132 149 151 162 170 174 175 183 191 
134 18
926 334 269 365 603 238 99 210 263 448 822 937 345 545 875 690 710 763 
18
2 5 11 16 17 19 21 30 55 59 84 88 111 130 139 155 180 196 
135 22
852 974 604 571 126 432 93 627 331 26 106 85 486 305 441 474 487 290 512 596 78 522 
24
0 6 8 15 23 28 30 36 42 67 88 99 102 110 114 123 138 147 153 158 172 177 181 182 
136 24
861 730 245 41 743 262 998 517 627 331 637 156 88 244 290 311 339 921 366 621 932 229 525 592 
17
0 12 33 42 45 56 64 108 127 132 141 145 156 167 175 179 194 
137 23
905 964 779 760 725 260 311 547 236 661 410 292 181 332 835 502 229 414 455 456 904 53 571 
21
10 24 31 32 36 40 49 57 60 61 68 72 74 79 98 103 105 128 141 144 175 
138 23
969 709 542 102 153 459 804 64 268 124 54 3 777 37 171 580 210 389 446 495 273 458 478 
21
7 25 28 35 37 55 92 94 95 114 115 127 129 135 144 157 167 181 182 183 193 
139 14
923 708 699 891 840 602 72 429 996 503 27 489 346 488 
18
3 17 38 41 48 61 62 74 82 90 93 95 101 102 134 154 165 178 
140 24
979 820 708 695 193 82 62 72 310 758 684 862 714 492 36 941 16 238 268 636 422 607 602 639 
26
8 14 23 36 38 46 48 52 70 71 83 87 93 112 119 131 146 147 148 149 159 169 180 185 194 197 
141 28
956 941 844 807 834 760 730 833 130 929 78 42 174 616 9 13 506 725 207 72 479 239 806 325 444 980 425 578 
21
5 18 31 37 38 67 76 78 123 128 136 137 142 148 150 166 168 185 189 191 196 
142 20
720 494 872 280 59 358 654 182 38 378 514 670 152 633 376 941 423 516 581 660 
17
7 14 24 58 64 66 76 84 85 100 117 141 148 153 159 166 171 
143 13
999 995 753 750 696 748 272 391 163 576 338 273 428 
17
18 23 31 33 35 38 59 71 75 78 90 131 153 162 166 181 191 
144 19
899 298 894 6 255 70 478 614 28 606 456 523 602 721 451 673 823 712 769 
21
12 17 35 46 62 71 81 96 105 117 137 138 145 146 151 157 164 187 188 197 198 
145 13
940 889 811 659 638 553 983 65 185 232 88 139 530 
18
0 4 13 15 37 96 97 105 110 118 126 131 136 144 154 166 189 197 
146 24
985 854 846 882 845 943 832 349 468 269 49 671 318 429 144 514 701 991 584 628 648 685 145 700 
19
31 42 51 54 57 65 71 84 85 91 129 130 140 144 147 164 166 173 180 
147 28
971 949 906 896 868 762 736 724 605 86 307 418 634 486 260 760 94 824 84 437 488 438 591 442 444 299 484 504 
19
18 34 42 57 59 68 72 90 95 96 100 116 135 140 146 154 161 184 197 
148 17
944 321 270 316 57 482 175 941 386 590 317 428 592 618 803 385 866 
21
7 17 20 45 52 65 77 80 91 94 96 99 140 141 142 156 166 178 188 191 193 
149 17
69 108 21 120 83 993 253 90 423 559 195 739 257 383 859 659 917 
18
12 62 63 65 72 80 83 107 116 118 126 133 140 155 170 187 192 196 
150 18
260 447 308 182 97 142 720 79 372 806 399 450 485 492 417 602 747 673 
17
11 27 43 56 74 84 93 95 105 106 126 141 164 169 172 180 186 
151 19
995 980 221 833 294 617 323 101 497 633 708 827 973 455 751 920 229 784 932 
17
7 16 29 32 64 88 92 106 108 115 124 133 144 168 173 178 189 
152 21
944 932 918 819 775 210 123 89 581 64 700 404 421 761 418 427 443 309 494 630 527 
25
1 9 21 28 29 33 41 42 47 57 68 69 70 76 96 110 120 123 153 156 169 170 177 178 186 
153 19
837 741 139 20 101 117 228 272 172 653 283 402 271 456 855 522 676 163 681 
18
21 26 30 52 56 90 111 117 130 135 142 143 152 154 162 171 173 186 
154 12
993 949 936 901 610 212 124 369 224 659 455 461 
17
15 24 35 37 83 99 121 139 145 147 153 157 158 162 179 187 197 
155 17
468 336 242 2 961 184 864 428 450 407 777 589 618 454 639 400 770 
21
5 9 11 32 40 41 50 83 84 91 103 128 132 134 149 170 171 174 180 186 193 
156 22
848 808 389 787 491 749 342 240 687 21 374 633 254 407 789 419 431 665 517 547 558 562 
20
0 17 38 45 77 79 98 111 119 131 132 136 148 152 160 161 164 174 175 194 
157 18
803 640 239 18 409 226 260 583 65 178 24 378 636 599 419 623 427 584 
25
2 10 22 27 29 37 38 42 70 72 73 82 84 90 93 95 96 122 138 144 154 177 190 195 196 
158 20
975 887 506 523 693 825 270 114 319 97 133 823 490 28 814 333 452 347 468 769 
13
35 37 53 74 80 85 109 125 128 135 154 169 198 
159 15
774 709 569 501 392 310 308 490 31 311 22 197 152 194 228 
14
15 37 47 58 74 81 87 92 108 117 140 142 169 185 
160 19
1000 970 948 490 167 613 206 89 152 703 773 808 821 875 838 923 844 904 931 
17
18 29 34 37 41 43 50 51 95 102 127 156 174 178 184 187 188 
161 19
997 979 459 799 436 332 926 482 703 167 265 501 532 573 687 823 730 603 751 
23
9 11 13 26 37 39 47 48 61 74 76 77 109 110 115 147 156 165 169 170 179 186 194 
162 18
892 218 175 101 89 836 429 480 684 752 20 76 535 319 223 778 732 777 
19
9 13 15 23 35 66 69 91 95 101 115 133 143 153 154 170 172 176 185 
163 22
909 710 695 916 102 324 665 443 9 342 393 41 459 385 623 442 405 863 456 635 144 662 
14
10 42 60 61 64 77 78 96 99 173 179 180 187 195 
164 10
893 608 13 335 12 992 397 939 140 459 
20
2 13 14 17 21 63 81 90 91 100 116 121 144 146 150 156 172 183 185 193 
165 17
896 351 320 86 237 681 318 122 359 717 384 819 412 432 519 586 663 
22
13 14 20 24 29 37 43 81 88 99 100 102 123 124 131 139 161 171 176 183 191 197 
166 24
892 866 804 788 700 320 456 214 192 982 649 541 134 480 844 548 3 521 534 315 648 699 366 662 
23
2 25 26 37 55 64 68 82 96 106 118 122 126 130 141 142 143 145 146 148 179 181 184 
167 21
948 874 860 991 325 933 563 337 350 469 316 242 480 275 355 729 754 291 439 772 795 
17
5 63 64 65 68 71 85 93 103 110 124 136 138 170 191 196 199 
168 21
988 970 961 940 317 810 498 668 394 172 838 855 50 120 873 836 540 812 606 532 828 
17
4 25 45 48 52 63 75 103 116 123 124 126 131 141 151 170 184 
169 22
951 895 858 818 782 242 188 120 664 323 142 121 330 339 345 685 348 822 637 388 556 742 
17
12 51 64 74 114 125 140 150 152 158 159 161 178 184 187 188 198 
170 22
896 832 174 849 72 344 164 989 878 101 424 151 188 477 49 234 992 659 280 560 634 809 
17
9 31 54 65 119 121 123 131 133 149 152 155 161 162 167 168 187 
171 21
982 932 929 860 628 290 974 271 86 262 840 259 463 132 625 380 462 535 594 705 578 
18
14 18 30 54 57 66 72 80 90 99 119 127 131 142 153 155 165 189 
172 27
940 933 926 793 916 731 721 650 356 458 577 211 141 81 17 582 323 76 343 698 254 402 814 333 555 464 575 
21
18 24 25 31 54 65 69 71 72 95 99 115 128 130 135 150 162 164 174 176 184 
173 23
711 689 605 531 957 143 125 88 962 37 140 293 231 284 300 340 84 306 417 201 460 847 477 
19
1 7 10 31 32 40 43 50 61 70 74 96 114 146 151 153 163 174 184 
174 18
821 730 214 605 87 36 218 5 464 12 361 455 465 533 401 475 572 615 
28
12 15 18 20 38 41 47 48 50 61 73 75 84 91 96 99 100 120 121 130 133 155 156 160 172 173 176 185 
175 13
887 825 765 755 968 509 253 21 13 90 218 42 246 
15
47 49 59 73 81 83 85 110 126 133 136 137 156 180 192 
176 13
910 848 684 441 303 87 632 37 948 268 113 120 148 
20
12 15 25 31 40 44 54 55 76 105 112 162 165 172 174 182 190 192 193 195 
177 22
941 929 815 802 743 602 207 615 253 930 5 367 515 309 383 416 470 473 381 529 611 720 
11
53 74 81 87 103 118 122 135 152 157 197 
178 31
929 843 842 736 713 709 587 607 459 441 425 235 674 230 969 303 44 1 36 242 261 283 839 284 410 336 370 652 134 356 416 
26
9 20 34 42 53 55 59 64 71 75 77 78 88 92 97 99 110 123 139 148 151 152 160 169 181 197 
179 20
982 905 811 672 28 504 2 206 184 665 204 22 49 345 254 273 346 400 505 658 
17
10 13 14 21 32 50 55 66 70 125 136 154 161 163 166 185 194 
180 20
917 840 733 164 106 463 135 107 44 299 54 307 472 671 523 966 263 522 635 704 
19
52 63 67 75 76 86 103 110 119 127 134 140 146 150 155 163 175 184 190 
181 22
975 961 850 343 320 832 388 3 558 660 923 183 282 809 93 705 376 959 404 478 633 749 
10
20 46 64 83 113 135 138 143 166 178 
182 22
951 948 945 865 218 196 126 517 991 954 806 91 153 595 104 331 355 429 650 339 783 851 
16
11 17 31 34 39 41 46 72 94 106 109 118 119 135 138 176 
183 14
790 739 719 846 625 929 402 934 169 231 308 177 211 279 
19
1 3 11 19 20 35 45 61 62 84 91 101 129 133 138 164 165 185 198 
184 24
980 939 898 895 836 820 782 691 224 285 271 68 102 629 312 368 378 514 400 262 447 619 508 552 
17
26 27 40 93 100 105 115 122 125 147 160 166 168 169 172 173 180 
185 26
981 924 895 869 798 953 694 660 594 162 148 63 223 38 344 256 141 289 676 343 385 436 487 313 572 542 
19
5 22 23 36 73 84 96 110 112 124 130 140 141 159 162 164 174 179 183 
186 23
992 850 847 764 716 189 206 359 75 59 715 382 39 971 379 353 489 537 32 550 422 570 573 
20
0 2 11 16 22 42 76 88 90 98 104 116 119 128 150 152 153 155 161 193 
187 20
983 841 130 343 838 246 845 586 50 52 247 353 387 461 236 88 495 643 805 822 
23
45 50 52 59 66 67 68 74 77 99 116 118 120 128 132 144 149 154 160 163 169 170 189 
188 23
944 711 723 686 609 770 67 1 358 634 375 176 65 58 534 377 254 513 342 416 467 540 607 
22
7 22 45 54 63 73 82 83 91 94 96 97 106 115 117 144 148 160 169 190 194 198 
189 22
950 782 770 894 746 911 319 693 266 368 219 678 107 121 546 126 348 484 350 571 536 556 
14
2 5 18 25 39 56 70 96 141 145 151 171 187 197 
190 15
514 496 834 494 467 651 566 447 383 111 29 194 200 291 219 
14
55 100 101 106 107 112 115 124 157 176 180 188 196 199 
191 27
638 620 618 532 411 383 147 882 179 118 952 101 935 84 373 128 91 130 278 614 133 320 141 481 185 191 200 
18
20 28 48 50 57 59 66 80 84 85 101 133 141 143 148 165 167 194 
192 19
958 816 360 139 276 140 252 384 707 605 420 145 478 574 602 623 644 960 664 
19
1 12 19 27 28 33 39 43 53 74 76 86 92 105 123 126 149 175 176 
193 25
849 783 844 770 764 762 794 313 186 560 338 491 866 163 673 85 493 55 388 411 649 962 407 481 617 
20
7 15 38 44 65 68 81 85 97 101 105 110 115 125 138 148 155 164 176 186 
194 27
920 744 647 642 593 848 182 134 977 15 754 236 508 650 576 993 438 179 25 524 807 289 357 201 312 183 479 
24
1 9 15 18 34 36 37 39 53 68 84 88 90 103 106 110 131 136 140 156 161 179 188 191 
195 22
978 977 849 780 713 343 182 272 202 76 476 365 845 364 430 26 470 708 394 542 579 693 
19
4 5 15 27 40 41 50 55 59 66 68 78 79 90 97 120 157 163 176 
196 18
969 939 521 678 481 243 124 82 597 648 775 794 845 800 704 815 406 924 
22
20 21 29 31 39 42 56 62 73 74 86 89 105 122 126 134 141 149 157 167 190 198 
197 23
894 655 329 289 99 846 328 55 834 686 94 434 740 333 435 652 467 540 446 372 557 608 560 
20
0 6 15 22 23 28 69 72 113 117 128 140 144 145 147 154 165 177 178 189 
198 17
908 495 328 651 753 317 275 71 751 690 590 705 732 780 822 129 832 
18
7 25 38 41 55 70 71 84 87 101 119 121 144 158 169 183 188 196 
199 27
982 958 948 909 828 684 728 654 607 531 102 157 46 651 22 345 766 174 26 177 178 297 350 265 302 307 550 
15
8 13 24 25 37 40 41 65 72 77 79 100 113 167 190 
