200 1000
10 12 74 27 36 20 88 80 23 10 66 94 47 79 77 74 39 42 86 91 
75 100 61 57 82 67 49 82 97 84 35 6 95 61 84 31 32 72 62 54 
33 27 47 32 58 75 5 48 69 90 38 43 42 50 100 23 16 100 56 12 
83 43 70 30 3 53 12 86 24 25 39 57 51 37 88 60 64 44 8 32 
34 97 26 75 47 25 49 62 76 4 26 11 46 95 40 100 47 51 85 23 
75 75 79 77 12 18 89 27 61 48 58 46 44 83 20 42 60 20 4 35 
24 81 97 21 75 36 73 73 38 57 95 12 84 25 41 47 42 29 73 55 
28 30 100 71 64 72 13 23 91 68 10 66 48 6 39 74 94 11 98 31 
67 93 95 2 17 35 48 11 15 20 65 42 49 16 64 65 87 76 87 30 
95 48 47 94 6 85 19 99 95 17 29 14 9 75 15 77 9 63 39 75 
34 3 16 35 71 80 99 9 7 37 90 54 85 37 47 90 21 18 40 68 
34 20 33 94 95 99 70 55 61 61 30 47 63 45 81 85 76 79 94 35 
67 83 88 51 71 86 92 44 55 83 11 88 3 95 33 49 93 55 3 6 
15 32 52 29 29 32 14 4 62 59 90 80 93 29 31 64 67 74 7 21 
9 69 61 11 15 93 59 7 47 61 12 61 45 15 42 73 98 55 28 11 
65 18 91 57 46 73 20 12 46 78 85 6 98 45 68 12 37 78 19 36 
91 82 48 35 97 89 7 94 43 86 5 7 3 95 16 1 19 35 64 16 
65 48 22 62 44 89 26 81 67 96 16 57 29 15 91 25 4 49 71 98 
34 27 57 89 73 72 89 91 58 4 6 22 4 27 36 47 68 61 79 34 
8 94 90 36 61 32 13 64 80 83 61 65 61 17 53 85 88 41 75 46 
97 32 19 100 11 54 46 78 66 25 63 73 70 4 61 30 35 73 93 66 
55 6 30 67 22 83 51 62 75 77 59 71 8 77 70 70 83 68 47 100 
44 61 25 13 64 85 95 98 57 39 15 63 44 45 29 18 79 79 31 53 
55 89 76 14 17 97 84 99 64 82 99 7 43 23 72 6 7 18 56 15 
56 70 77 52 66 5 21 96 35 51 1 41 39 76 54 55 24 89 6 40 
71 56 98 13 78 69 70 36 38 25 2 94 47 78 97 64 34 17 12 68 
67 12 8 57 39 13 63 62 2 68 1 72 23 99 36 52 19 5 87 57 
82 40 2 80 17 98 95 50 66 6 69 32 17 28 40 55 93 2 69 94 
70 21 17 92 19 4 44 90 8 82 46 41 22 99 20 90 96 15 92 13 
72 60 44 89 40 35 95 32 36 63 25 5 84 93 49 54 96 44 43 55 
25 40 48 98 38 67 40 85 33 31 49 5 42 44 45 81 78 39 64 14 
54 40 18 89 32 18 94 79 61 89 34 38 28 81 35 18 99 26 54 84 
56 3 40 50 98 36 82 76 26 46 89 79 85 58 19 69 76 13 47 36 
1 80 73 80 12 60 49 63 85 55 46 93 9 37 94 6 72 75 81 97 
20 21 28 57 79 46 25 54 10 71 41 62 3 66 94 66 77 42 28 13 
48 25 5 56 61 50 14 84 25 46 81 96 67 8 52 45 5 28 50 67 
99 42 28 53 7 21 18 83 15 46 96 14 22 52 70 83 2 35 18 78 
80 98 25 46 57 77 42 14 4 91 80 54 85 59 6 91 80 24 26 46 
21 21 59 42 24 80 76 77 66 94 54 46 43 79 43 52 7 85 65 62 
27 44 16 11 54 73 54 85 96 79 30 68 51 41 10 74 72 37 51 38 
30 4 83 25 34 77 76 40 61 40 54 40 35 69 2 88 93 55 73 89 
85 54 8 35 94 17 9 66 54 11 55 35 14 37 59 100 65 34 91 78 
25 44 17 59 64 70 99 57 25 23 97 61 76 4 96 22 73 4 39 78 
66 93 12 31 81 23 30 45 8 73 74 33 16 90 43 32 12 93 40 36 
15 88 48 43 91 43 16 15 98 54 92 63 98 56 94 78 30 75 74 37 
47 48 21 15 89 16 46 100 8 37 87 75 24 35 17 14 77 32 81 27 
37 72 89 34 79 34 63 8 9 36 97 55 35 17 69 76 32 14 75 92 
50 14 66 25 48 82 91 76 65 71 2 1 94 43 34 73 76 96 32 84 
83 28 91 70 97 59 45 80 25 19 71 26 32 36 51 31 17 41 7 81 
63 60 33 56 54 66 80 82 13 12 65 96 91 7 17 39 66 61 19 42 
2 39 63 83 27 78 61 76 91 86 85 4 99 72 44 61 45 41 92 34 
58 34 77 69 68 76 34 57 1 97 54 2 87 68 37 13 97 49 89 88 
34 73 91 32 97 34 45 41 26 36 26 84 69 54 4 89 29 90 45 30 
86 50 83 25 69 19 37 65 67 77 52 52 50 95 36 98 28 80 38 6 
15 15 41 35 68 44 23 96 85 67 77 23 68 60 47 36 30 83 53 49 
12 4 100 61 98 35 10 78 66 47 83 80 13 23 15 80 18 89 27 3 
56 4 77 75 15 23 63 96 57 15 44 68 18 44 80 68 30 89 45 48 
87 79 27 99 53 93 78 22 82 57 76 89 12 52 15 26 74 77 21 31 
43 17 98 13 12 78 80 41 66 76 40 53 6 67 51 58 11 81 79 44 
37 7 84 48 58 99 25 32 27 97 14 70 13 11 34 24 40 13 17 58 
40 56 10 45 74 12 54 37 44 84 32 32 90 16 31 48 66 7 31 44 
4 44 65 68 54 98 44 46 62 60 3 1 67 64 97 93 75 50 81 71 
86 12 2 75 79 33 22 44 39 4 40 94 47 4 62 53 2 5 98 63 
16 52 16 34 15 12 26 41 14 6 11 99 70 13 73 48 97 47 44 87 
50 83 81 49 38 94 1 91 50 50 6 65 1 21 98 15 84 76 55 97 
33 66 95 54 30 20 2 78 18 97 64 19 31 96 67 68 89 67 59 38 
16 64 54 68 36 4 82 19 79 37 16 63 54 62 17 35 33 70 12 50 
66 27 69 96 23 35 15 11 54 73 1 21 88 54 89 23 57 70 42 87 
58 57 50 63 70 66 97 3 87 8 4 52 35 24 99 9 59 13 19 64 
86 71 84 73 25 24 96 33 94 89 20 3 97 69 66 66 86 14 20 72 
74 76 75 8 99 73 68 57 85 38 72 22 9 56 47 85 79 94 17 24 
82 36 79 78 56 44 95 41 57 15 64 30 90 38 89 88 62 8 97 47 
46 20 68 54 75 66 38 6 59 54 81 40 42 59 17 97 54 12 90 63 
78 53 44 67 43 85 6 4 92 54 2 37 74 22 90 100 87 79 57 46 
85 38 85 26 48 54 22 2 65 63 16 42 16 59 60 10 43 17 65 35 
23 67 71 48 88 13 47 74 91 4 71 75 93 56 52 92 9 74 93 25 
36 8 18 3 67 29 64 61 97 29 95 19 47 18 66 34 82 65 59 24 
20 30 51 12 37 2 3 97 27 48 21 15 7 90 69 25 18 33 86 14 
13 32 85 59 1 2 44 82 66 2 58 85 83 8 48 19 61 51 15 88 
50 87 54 56 76 22 81 45 6 18 11 18 49 95 28 50 96 23 83 14 
25 40 98 59 47 46 30 60 48 96 47 97 83 100 52 10 21 84 55 79 
1 65 48 2 11 76 51 58 98 85 71 74 25 21 85 23 18 14 82 65 
9 80 13 91 79 16 53 52 100 7 30 52 23 77 53 85 4 55 94 54 
40 65 27 64 37 11 38 54 24 72 70 85 51 82 27 82 49 79 33 48 
37 14 52 11 42 4 95 46 59 89 51 98 5 77 13 93 40 2 46 15 
73 67 99 24 100 26 5 48 56 89 48 93 54 99 3 95 2 50 92 12 
90 42 61 94 71 73 86 10 27 83 24 99 1 75 74 100 52 30 99 7 
70 46 51 23 96 6 70 98 55 13 9 44 7 22 89 77 94 26 38 72 
60 13 23 60 39 96 11 90 78 9 97 47 7 99 22 2 4 43 51 58 
7 12 53 13 33 93 41 78 18 30 50 29 43 72 88 33 19 50 23 96 
11 71 95 69 69 68 70 73 10 73 82 16 84 87 81 16 79 21 45 49 
51 94 77 45 17 17 77 36 18 51 83 28 21 29 96 90 96 18 14 57 
90 47 73 25 33 5 92 64 25 36 12 27 82 40 23 98 56 52 85 74 
2 68 53 23 96 1 64 92 70 29 48 59 75 72 35 60 28 26 23 53 
61 86 31 94 25 6 92 33 57 76 6 58 43 10 32 91 10 47 34 79 
27 81 89 2 5 23 13 32 100 87 36 13 72 19 6 96 24 97 28 80 
25 85 89 19 95 21 9 56 19 42 87 46 75 27 99 31 2 11 14 1 
97 50 13 20 20 71 15 43 67 95 74 43 79 62 62 25 82 22 33 53 
64 19 98 90 45 96 20 46 58 85 99 54 34 11 73 5 33 39 47 100 
33 20 94 64 82 55 88 15 29 20 67 44 90 16 33 35 11 4 32 68 

0 20
247 156 445 86 21 916 361 412 599 187 68 369 962 740 444 699 935 639 400 659 
13
20 31 40 58 66 92 105 122 126 135 136 154 168 
1 21
941 937 915 862 276 259 140 162 25 472 659 590 635 885 663 501 797 763 800 379 860 
20
10 23 36 52 58 77 96 109 110 115 117 121 130 138 145 164 172 188 191 197 
2 17
959 97 143 500 205 919 236 51 323 320 351 370 267 896 452 492 683 
20
14 17 24 27 31 32 42 43 46 69 88 102 124 140 142 145 150 151 190 191 
3 19
986 370 339 203 832 936 640 982 57 395 411 921 249 434 449 602 355 503 558 
21
8 16 23 37 38 52 58 82 88 96 97 109 130 136 141 147 164 169 174 183 185 
4 19
958 933 200 693 197 84 7 924 517 840 51 357 281 346 675 759 779 166 906 
20
10 30 32 40 50 68 70 77 93 111 130 134 143 144 148 159 160 174 181 195 
5 18
966 879 241 86 530 38 5 244 268 625 333 20 538 595 765 66 658 849 
27
12 23 26 28 32 46 53 67 83 84 95 96 103 109 110 111 112 115 125 131 134 135 136 149 159 169 184 
6 16
993 965 958 927 923 456 715 681 256 83 357 360 548 446 242 395 
17
40 71 72 81 90 95 102 120 122 143 148 166 178 191 194 196 197 
7 16
947 930 575 484 467 462 163 936 205 866 560 543 33 334 325 451 
14
23 29 54 57 60 85 87 124 142 160 164 178 187 196 
8 18
926 386 980 314 348 552 20 103 393 580 338 597 419 431 475 540 670 772 
23
3 17 21 34 36 43 50 64 69 70 74 81 118 126 140 146 152 168 178 181 190 194 199 
9 10
894 498 30 100 640 79 113 239 399 297 
17
18 19 25 26 40 51 80 92 103 110 116 122 123 126 148 149 156 
10 24
977 941 878 855 790 778 725 709 421 455 331 620 31 156 45 555 441 478 505 655 530 641 678 685 
22
1 4 17 23 29 33 35 42 48 50 61 79 92 98 106 127 149 152 157 178 192 195 
11 17
919 489 361 324 596 22 243 764 569 705 692 740 780 271 789 839 915 
19
14 16 24 26 34 42 44 45 84 97 124 142 146 153 169 172 185 193 195 
12 25
877 860 826 944 759 721 109 88 547 77 349 61 6 36 546 800 615 134 559 142 216 328 851 111 592 
20
5 39 41 45 46 64 67 72 74 80 102 135 136 141 151 161 167 173 176 198 
13 24
858 806 804 979 868 720 289 273 630 320 116 19 368 888 370 490 379 380 382 835 428 496 509 587 
17
36 42 70 78 81 85 86 108 115 121 124 134 144 156 179 190 199 
14 20
963 840 811 172 144 106 992 548 684 786 96 20 27 214 261 414 272 415 500 502 
28
2 11 32 34 54 58 64 74 88 89 95 99 113 124 126 134 142 145 153 161 168 177 181 188 189 190 192 193 
15 20
961 953 143 975 568 119 833 146 83 16 764 18 647 375 227 771 991 362 908 723 
18
22 24 26 29 44 54 56 62 68 71 84 87 96 99 126 130 138 149 
16 23
965 994 957 819 759 673 94 85 33 305 46 752 234 123 456 438 512 461 535 581 589 620 657 
30
3 11 22 23 30 32 49 61 82 86 88 89 91 102 103 115 120 128 132 135 142 145 163 166 175 180 182 187 189 194 
17 24
801 785 754 726 651 718 570 12 224 335 228 296 67 32 423 687 243 232 269 276 316 336 426 485 
20
2 8 10 24 37 42 56 65 77 79 82 96 97 98 109 115 141 148 150 161 
18 24
954 911 829 796 787 777 993 142 215 141 50 628 139 797 316 589 367 416 598 450 551 209 616 715 
20
9 29 40 65 86 89 93 95 108 109 126 130 131 139 153 166 168 171 187 199 
19 17
922 228 500 187 51 595 155 563 128 94 268 503 843 509 573 763 830 
25
9 20 26 38 39 49 63 64 66 78 80 120 124 131 139 142 144 151 158 162 166 167 169 178 180 
20 21
922 785 698 829 533 195 925 518 149 557 244 22 255 266 572 299 690 36 480 99 543 
16
0 19 38 40 49 50 74 75 86 89 112 135 167 170 185 187 
21 21
954 518 552 366 655 953 398 102 981 944 204 503 799 937 604 567 715 718 878 522 929 
15
8 55 56 60 65 139 145 146 157 169 171 181 184 185 189 
22 21
829 743 733 180 107 154 148 936 85 84 306 697 208 360 433 782 671 436 657 466 648 
20
15 16 23 48 50 51 63 77 99 109 118 120 121 129 157 163 173 178 186 187 
23 17
965 107 481 232 64 53 49 52 442 660 473 621 876 578 652 870 909 
28
1 3 5 7 10 16 22 30 36 44 55 56 66 71 72 77 85 91 97 99 112 113 117 127 137 142 161 181 
24 26
948 828 663 623 358 307 357 766 544 47 144 962 518 730 656 360 513 530 665 369 198 383 405 674 526 585 
23
2 11 15 17 26 28 31 37 43 51 62 72 81 104 108 115 127 129 131 144 147 148 164 
25 13
941 692 670 653 527 430 258 732 324 288 339 48 371 
29
9 29 38 39 42 50 52 55 63 69 80 92 98 102 121 126 127 129 132 141 142 151 153 155 158 159 161 176 178 
26 19
996 258 999 592 155 87 77 417 201 386 692 760 416 757 424 634 832 166 758 
18
5 9 11 15 19 24 47 60 71 77 98 110 127 139 154 156 163 193 
27 17
953 303 48 320 612 136 173 124 855 180 550 565 613 672 725 756 930 
27
2 38 44 51 52 70 79 80 85 90 99 108 109 111 117 119 127 133 136 139 141 170 180 186 187 196 199 
28 18
953 785 296 738 98 574 10 78 707 171 11 499 523 560 730 569 661 712 
17
5 24 32 52 56 60 63 71 80 83 103 109 114 119 138 180 199 
29 22
929 658 194 347 619 296 148 667 556 834 168 133 681 422 525 81 404 108 280 877 433 357 
26
7 10 15 18 25 31 50 55 72 76 80 85 89 93 111 119 121 122 138 139 156 166 169 184 185 189 
30 19
897 831 875 283 225 193 771 149 330 670 687 366 399 459 18 240 462 605 661 
17
4 16 23 31 57 58 87 110 124 157 160 167 169 173 181 182 190 
31 24
897 834 732 719 980 943 240 216 245 159 122 246 310 531 260 334 91 350 634 486 910 392 451 595 
26
0 2 24 29 30 36 37 41 46 49 53 88 95 101 107 115 126 148 155 156 164 170 173 186 189 198 
32 20
892 863 926 223 206 801 203 180 229 192 261 312 313 295 517 876 358 808 302 820 
16
2 4 5 14 16 28 52 61 62 73 100 129 134 151 162 176 
33 15
971 830 809 656 595 226 842 366 882 32 737 550 241 568 313 
10
10 36 67 95 100 129 130 152 188 190 
34 18
916 882 446 310 410 255 612 799 161 517 619 650 132 687 454 528 788 809 
18
8 11 14 36 38 41 55 63 87 98 100 105 117 126 135 144 170 181 
35 25
847 559 677 85 599 340 95 824 10 67 145 988 951 655 26 468 815 260 312 318 341 409 432 531 546 
15
10 52 66 73 75 98 106 108 117 121 141 153 171 186 197 
36 26
997 794 702 565 539 536 814 518 458 227 204 272 256 39 328 63 267 984 318 270 329 440 361 154 265 450 
27
1 8 13 23 31 33 34 42 46 68 74 75 78 83 91 100 113 119 122 128 145 166 175 179 185 194 197 
37 24
810 796 716 652 646 600 240 187 510 263 450 478 108 38 95 394 464 666 481 492 793 127 312 534 
21
3 17 24 31 42 55 81 82 104 120 121 126 139 144 151 163 173 177 178 183 189 
38 8
230 964 726 454 172 240 171 681 
21
3 19 20 25 27 34 44 56 60 64 68 82 89 98 113 135 144 152 153 181 184 
39 22
995 902 891 887 933 341 876 321 209 379 167 830 134 726 368 148 666 853 498 720 774 808 
25
12 19 25 44 49 72 88 90 97 108 109 115 140 144 145 148 149 153 154 159 168 179 185 188 189 
40 20
968 884 854 844 155 368 94 4 68 629 159 533 422 147 554 813 129 573 705 840 
20
0 4 6 9 18 20 46 58 61 75 84 106 107 127 138 146 152 184 194 196 
41 24
871 840 757 749 541 286 175 79 229 966 152 428 923 442 737 663 454 505 827 457 678 324 472 585 
13
12 31 34 64 67 100 107 128 138 147 155 161 185 
42 14
869 859 809 737 729 498 888 72 303 41 204 309 705 229 
18
2 10 11 13 17 25 36 37 68 82 88 99 102 127 131 138 152 175 
43 17
458 994 883 986 2 346 13 615 170 688 762 830 232 787 811 916 956 
11
2 8 24 70 83 86 115 122 131 171 188 
44 19
993 848 285 574 309 467 184 473 28 575 94 451 488 641 873 651 246 690 713 
25
11 15 23 27 38 39 51 52 54 58 75 76 105 108 111 115 120 130 137 143 169 171 181 187 193 
45 14
944 894 727 668 839 737 244 725 181 399 874 483 423 641 
24
11 12 56 59 65 82 91 103 111 124 126 131 139 140 142 145 147 149 156 160 164 173 179 191 
46 23
991 970 796 812 775 95 125 17 544 65 731 961 924 295 36 414 192 617 69 217 438 305 453 
24
2 5 12 31 36 40 47 52 59 68 82 111 128 133 144 147 157 168 175 177 179 181 184 198 
47 21
660 586 228 41 130 832 351 219 423 121 483 76 298 915 434 259 407 778 408 496 539 
16
26 46 54 68 74 84 86 92 95 103 116 119 127 166 184 190 
48 22
971 893 717 707 695 169 158 74 167 69 460 283 309 445 683 429 728 432 437 49 493 578 
15
10 22 62 63 76 102 108 116 125 129 150 179 186 195 197 
49 25
924 768 753 749 729 895 673 180 622 149 894 6 473 216 335 293 93 463 351 77 373 836 133 392 498 
11
16 19 20 31 39 64 68 92 100 140 172 
50 14
949 843 791 713 829 795 693 538 28 83 321 389 767 682 
25
4 8 10 20 22 25 29 60 67 77 78 85 99 100 106 109 117 128 130 133 144 151 163 179 182 
51 22
960 775 757 114 67 237 32 66 819 745 241 494 31 290 364 391 786 527 14 680 778 741 
15
9 22 24 27 44 63 80 88 93 96 130 142 150 195 198 
52 23
942 923 739 981 722 248 181 691 203 271 390 168 305 120 307 127 954 399 671 302 404 807 400 
25
1 3 25 27 28 32 35 44 46 57 59 63 75 82 83 95 134 146 149 162 164 169 182 188 191 
53 14
922 723 713 711 923 889 56 24 307 699 997 708 334 610 
15
5 31 69 72 86 93 103 105 106 118 133 140 154 184 198 
54 13
944 750 641 533 905 89 833 306 320 69 339 921 428 
21
7 14 15 44 47 56 72 74 90 116 118 119 128 131 141 149 153 165 168 176 193 
55 15
943 903 735 595 336 281 636 279 63 868 52 67 130 73 141 
18
21 23 25 29 34 37 61 69 70 91 105 113 116 152 159 170 173 178 
56 22
972 964 918 895 889 151 248 692 344 929 115 157 379 617 214 66 399 199 495 512 623 785 
21
15 17 21 23 28 38 45 54 77 81 95 102 111 125 126 138 140 149 153 156 193 
57 12
960 616 479 362 587 162 58 964 352 64 251 321 
18
7 30 52 58 62 73 76 83 86 90 93 94 95 101 138 156 166 182 
58 24
958 834 904 793 720 661 167 935 158 129 8 58 466 189 597 299 373 453 726 504 657 85 196 455 
23
0 1 3 14 30 40 44 57 67 72 103 109 112 119 123 127 139 142 172 182 188 192 195 
59 17
976 530 205 579 580 113 106 803 588 792 29 843 746 121 861 898 934 
15
45 46 52 85 98 119 125 126 133 162 167 174 180 184 186 
60 18
981 343 955 311 179 128 566 825 169 78 980 758 353 369 716 577 725 822 
14
7 21 26 28 38 50 79 102 132 135 182 184 186 187 
61 13
753 986 714 630 172 657 62 258 996 622 265 524 414 
18
10 16 32 40 55 65 81 89 93 94 96 99 120 123 131 140 174 197 
62 21
947 918 905 895 887 327 675 567 312 90 337 359 199 384 246 579 60 356 800 772 870 
23
15 24 32 48 57 63 66 70 73 79 94 98 117 121 127 131 132 136 177 178 187 196 197 
63 17
927 348 106 293 34 799 337 211 653 469 826 598 717 647 925 777 849 
28
19 22 25 28 34 48 51 52 62 65 81 108 109 112 127 133 137 155 165 168 174 175 179 180 188 193 195 196 
64 26
912 885 814 699 674 302 295 210 238 590 347 721 388 422 578 97 541 676 602 417 67 511 841 545 734 549 
23
8 12 14 19 38 41 49 66 68 76 85 94 95 101 115 116 125 126 138 161 168 176 188 
65 23
979 977 961 954 948 231 974 197 898 639 108 741 38 148 317 368 57 760 427 500 511 532 569 
14
17 18 21 45 61 63 68 74 76 90 110 115 119 174 
66 19
920 904 796 120 171 273 265 111 509 105 101 360 336 387 340 516 589 597 769 
23
0 19 23 35 62 64 74 100 109 115 121 122 132 150 153 159 160 161 163 170 171 189 198 
67 17
157 160 931 681 967 190 22 248 435 569 132 243 798 822 845 18 869 
25
5 12 33 41 50 58 69 75 82 97 98 105 118 133 135 140 142 147 162 163 166 191 194 198 199 
68 24
858 735 718 688 415 95 206 185 593 891 3 31 905 276 914 211 433 265 450 886 479 553 557 591 
23
4 15 36 38 42 46 47 49 64 65 80 90 92 102 121 130 133 145 164 165 189 192 195 
69 24
920 818 959 737 851 703 249 604 201 53 779 76 501 114 262 672 265 179 401 852 334 482 343 565 
16
2 8 25 53 55 67 74 75 84 110 129 146 153 170 180 192 
70 18
109 67 167 847 97 893 42 348 382 27 841 295 460 538 633 894 820 872 
22
4 8 13 27 43 55 62 72 92 95 114 118 126 139 150 155 171 173 189 191 192 199 
71 20
945 864 850 293 175 729 396 583 154 58 183 78 639 298 314 603 325 363 389 493 
24
6 15 23 26 28 81 85 96 103 104 119 131 134 141 144 149 153 172 173 181 183 189 194 197 
72 22
985 956 635 594 122 901 309 50 34 729 100 355 259 112 260 351 279 332 485 44 266 562 
22
6 12 23 24 29 39 53 54 58 70 73 77 97 109 122 123 137 140 143 157 170 176 
73 22
989 971 832 211 271 671 947 873 22 381 455 489 280 21 502 791 607 482 630 699 811 700 
18
32 35 57 62 72 76 81 90 96 97 101 105 130 135 144 159 168 178 
74 20
977 948 858 363 209 532 566 101 2 512 235 745 839 25 244 688 887 739 514 698 
25
8 12 14 20 36 47 54 65 66 69 78 82 83 115 123 125 132 133 134 141 163 165 188 189 199 
75 16
964 677 537 963 487 614 325 957 294 141 124 207 965 217 227 290 
23
20 35 36 40 44 52 67 69 84 85 87 91 93 96 105 108 126 141 149 155 162 185 191 
76 25
880 852 819 716 693 683 673 71 928 3 57 363 567 616 147 282 125 347 322 507 721 55 536 117 561 
15
29 44 48 57 64 65 73 95 96 102 103 113 156 172 177 
77 27
985 978 917 787 782 741 506 557 845 771 142 832 388 188 494 65 139 332 302 672 219 441 982 908 464 650 725 
22
1 4 17 22 23 26 50 56 72 80 81 87 94 95 100 130 139 143 151 160 181 188 
78 19
984 916 896 417 317 487 691 385 274 19 852 150 477 492 647 684 734 686 797 
15
13 19 36 50 74 85 86 106 143 146 151 179 186 188 196 
79 20
849 832 811 717 206 393 149 461 387 56 176 346 120 884 292 366 486 595 629 640 
23
10 17 27 60 62 80 87 104 105 106 119 121 122 137 141 142 169 173 182 185 189 194 199 
80 18
939 402 348 586 279 282 894 156 900 530 183 642 539 879 593 665 750 766 
24
9 12 19 25 27 28 29 51 68 77 79 84 87 103 110 115 134 136 138 149 172 188 190 192 
81 17
833 94 135 63 675 7 18 112 68 142 788 311 781 337 523 84 676 
19
6 8 13 24 37 56 61 63 71 73 77 94 106 108 130 137 143 152 188 
82 24
988 979 916 853 783 767 647 590 110 155 308 157 3 309 274 496 400 204 195 380 441 94 464 556 
22
3 16 17 37 38 42 45 46 52 67 74 92 118 133 141 149 162 168 171 191 192 195 
83 24
905 895 841 765 329 681 230 975 13 544 714 342 127 682 441 68 549 615 726 974 826 789 86 752 
21
5 28 36 43 52 57 74 101 105 112 135 145 147 160 167 173 174 176 186 194 197 
84 14
997 647 651 600 490 601 482 37 9 665 257 336 165 386 
20
5 11 15 40 47 69 75 80 85 98 99 115 153 154 155 162 176 183 186 188 
85 20
290 857 154 596 840 248 384 242 856 412 366 519 638 492 64 730 740 37 518 694 
24
7 13 23 27 29 50 59 64 71 75 78 84 89 102 105 134 140 143 151 164 173 188 189 192 
86 24
983 935 928 741 726 333 74 792 533 70 614 631 9 621 785 304 915 508 31 386 426 596 664 642 
23
13 16 18 20 43 47 53 57 78 88 99 110 123 127 131 150 154 157 167 169 189 192 193 
87 20
989 968 937 898 310 383 266 436 759 379 231 452 411 768 511 764 772 96 799 831 
22
7 15 30 34 75 77 79 80 107 108 111 118 120 125 128 154 161 173 176 181 182 191 
88 19
876 788 246 127 168 63 2 252 384 401 443 545 46 749 498 515 502 866 755 
16
2 3 14 16 31 39 42 51 86 94 102 113 118 138 159 170 
89 21
983 902 806 140 87 359 75 197 759 389 750 232 15 385 275 290 358 64 397 416 501 
17
14 16 18 20 29 38 61 85 104 124 128 137 145 151 170 191 192 
90 17
913 432 419 789 131 607 106 245 23 451 740 770 733 73 739 870 880 
16
6 27 39 54 57 65 68 73 95 102 140 150 172 173 186 188 
91 24
998 836 731 656 166 156 150 151 109 130 266 334 206 967 634 375 403 441 794 498 173 617 875 616 
13
16 23 36 45 55 75 113 135 139 141 146 150 161 
92 22
960 957 237 509 174 599 380 808 142 954 584 767 434 874 393 689 453 483 687 498 170 540 
15
0 9 10 25 47 49 68 70 82 94 102 107 134 167 195 
93 29
829 807 738 762 651 632 571 550 226 481 731 139 292 218 303 155 92 987 432 449 815 778 112 452 267 505 450 850 480 
15
4 18 29 51 53 57 61 75 119 125 145 155 159 177 179 
94 16
924 772 727 613 781 492 869 376 146 49 927 808 315 207 250 255 
13
57 61 62 64 77 81 88 92 118 157 166 190 195 
95 21
961 943 786 768 709 233 122 547 168 840 470 706 188 558 208 652 685 366 736 697 767 
29
5 6 14 18 31 33 47 52 56 57 64 70 76 77 90 99 101 103 106 116 142 146 152 164 166 170 173 184 187 
96 22
990 967 949 820 640 582 254 230 407 148 386 18 110 297 326 266 303 340 510 313 387 565 
21
1 3 5 15 17 51 61 71 73 75 76 101 114 115 134 145 160 180 182 188 199 
97 21
919 832 955 696 186 390 181 45 50 161 59 965 188 296 395 456 468 510 561 608 682 
15
3 11 17 23 39 67 72 73 99 106 139 141 177 183 194 
98 18
922 824 147 119 425 141 128 54 218 225 786 253 530 308 1 556 619 738 
20
10 17 25 26 34 35 38 59 62 67 84 101 121 147 152 158 166 179 198 199 
99 25
999 868 855 688 685 649 174 11 640 986 98 67 184 72 405 113 520 959 885 589 367 478 482 550 488 
21
14 15 22 23 27 42 50 61 84 86 95 97 117 121 149 156 172 189 192 194 198 
100 16
903 893 840 878 742 677 998 522 83 49 119 679 322 872 226 292 
17
32 33 34 36 41 49 50 66 77 110 112 117 137 142 179 192 197 
101 17
264 179 130 28 129 622 59 484 339 628 350 387 966 300 633 803 933 
21
31 57 64 73 83 95 96 98 121 134 149 153 157 161 164 172 179 180 182 189 192 
102 19
945 915 903 183 166 714 254 180 284 287 798 132 317 674 392 480 598 272 753 
25
2 6 12 16 25 42 48 56 60 68 76 85 88 90 92 119 120 129 135 138 161 182 194 196 197 
103 20
982 739 676 630 226 307 566 196 536 25 173 61 401 312 313 391 333 555 806 658 
22
5 9 16 28 45 47 53 58 71 76 80 95 104 106 113 127 132 138 158 175 192 197 
104 24
893 877 875 852 827 776 254 441 934 83 179 119 188 410 631 908 464 583 537 567 270 344 603 773 
19
24 37 71 79 89 103 106 107 123 129 141 149 154 157 160 180 182 193 194 
105 17
871 545 323 302 608 341 267 624 39 151 821 599 609 707 725 738 802 
23
0 34 44 53 55 67 73 75 79 83 85 111 112 114 117 129 132 162 167 169 179 184 187 
106 24
850 785 744 972 713 97 556 140 105 352 56 693 138 308 631 875 61 442 992 289 363 499 385 589 
27
10 35 40 50 53 78 79 81 95 97 103 104 116 123 128 133 144 145 147 155 156 157 175 178 187 195 199 
107 29
978 945 938 933 895 888 849 812 712 583 854 558 189 19 409 26 536 154 80 265 469 292 310 334 418 492 819 153 523 
11
31 40 41 87 92 104 129 150 175 191 199 
108 20
877 767 668 504 153 425 126 500 112 68 31 456 233 342 481 543 830 645 181 625 
22
13 18 24 27 35 39 44 48 63 75 81 87 113 116 140 153 158 163 177 188 194 196 
109 26
851 830 719 604 601 621 140 327 187 727 616 357 174 26 167 56 822 230 193 202 257 376 953 546 273 545 
24
1 3 5 17 18 22 27 28 39 50 58 63 66 72 116 124 131 154 169 170 171 181 182 196 
110 13
915 880 798 726 304 956 854 55 310 667 884 612 544 
24
1 5 9 26 30 65 69 80 86 100 111 128 129 135 144 146 147 155 174 179 181 187 189 199 
111 24
942 940 866 849 893 782 728 241 462 135 106 933 156 45 626 255 326 289 612 333 48 381 568 491 
20
4 5 27 29 44 45 46 56 87 105 110 138 140 144 158 162 187 193 194 196 
112 26
938 923 802 760 779 742 680 656 537 244 158 447 191 378 184 79 806 251 285 472 307 511 12 419 382 441 
13
5 20 23 58 63 83 100 105 114 124 189 197 198 
113 18
973 348 637 280 391 680 69 919 74 703 404 520 932 377 747 917 787 906 
28
14 23 36 38 55 76 88 91 103 108 116 117 118 123 129 138 141 146 147 151 152 158 159 170 179 185 196 198 
114 17
952 566 221 210 226 448 87 1 55 497 752 820 939 281 402 521 934 
11
28 70 96 105 112 121 122 137 152 189 196 
115 23
980 831 829 607 336 233 46 291 59 629 259 518 618 396 549 730 397 414 531 457 474 427 538 
19
1 5 13 16 17 24 31 39 43 44 64 65 66 74 80 84 96 150 151 
116 16
849 846 836 655 454 380 613 137 25 906 277 903 291 809 333 303 
20
9 47 48 54 55 64 95 106 108 109 113 121 128 129 131 148 179 190 192 197 
117 21
969 879 862 811 350 896 452 222 254 116 191 413 612 425 499 160 604 615 395 691 810 
20
1 23 27 34 35 50 62 99 100 105 113 136 138 139 141 166 169 180 182 198 
118 23
927 885 823 915 767 701 139 86 239 96 1 75 924 517 235 169 243 205 575 464 247 299 525 
20
8 22 53 54 67 70 82 87 88 94 113 120 130 133 136 138 139 159 170 189 
119 27
966 846 788 748 682 639 816 150 388 15 280 245 551 231 384 910 540 371 334 839 358 98 579 797 649 612 632 
22
27 28 29 36 47 54 58 59 65 71 79 93 102 121 123 127 140 141 166 167 182 194 
120 22
894 831 627 346 414 199 966 300 409 22 58 400 519 418 755 681 422 69 439 444 470 544 
16
6 16 19 22 37 44 61 87 102 118 133 139 143 146 188 199 
121 17
973 371 632 323 493 326 30 387 240 563 384 460 562 253 771 430 837 
25
1 13 22 25 29 35 37 62 66 68 79 98 99 101 114 116 119 125 137 156 162 177 190 197 198 
122 10
822 780 471 422 946 674 681 911 656 682 
15
0 6 9 29 36 43 66 72 79 114 126 138 152 165 176 
123 17
959 303 196 178 400 269 84 694 509 243 549 617 103 758 555 777 905 
13
9 58 61 72 74 86 104 106 113 119 133 189 199 
124 16
669 466 749 443 853 275 258 77 98 12 158 735 514 191 954 223 
17
2 7 11 13 14 19 30 45 89 109 112 133 137 163 176 178 183 
125 18
986 983 92 517 221 323 152 111 70 342 364 290 419 228 524 532 618 659 
11
5 48 56 59 64 74 87 93 121 166 173 
126 26
969 863 613 554 522 660 512 159 99 838 320 43 682 349 1 121 269 10 367 242 267 301 675 268 289 365 
22
0 8 9 14 15 18 25 31 34 37 45 56 59 64 70 75 122 132 155 159 182 183 
127 25
985 979 925 839 878 804 279 899 381 398 466 670 380 909 465 254 819 190 12 437 172 547 510 710 796 
21
10 23 24 25 26 27 40 42 47 58 62 63 86 103 119 131 135 161 162 165 188 
128 18
948 281 632 91 186 297 173 136 302 785 304 338 474 737 330 401 531 582 
17
16 36 41 46 50 54 87 89 106 110 116 147 161 166 171 179 180 
129 15
787 770 718 422 867 408 143 241 135 461 189 423 406 907 193 
19
22 24 25 32 33 48 69 102 104 105 107 110 113 116 161 163 168 189 193 
130 24
934 791 761 730 681 672 196 189 155 90 37 2 224 198 478 589 796 352 388 695 399 401 572 424 
22
1 3 4 15 18 33 44 50 51 68 73 77 81 118 151 153 161 178 181 182 184 188 
131 14
737 403 373 60 270 717 615 37 949 65 727 115 362 311 
21
5 18 19 24 42 43 45 54 61 62 71 86 109 116 127 143 145 169 170 192 196 
132 8
996 994 177 171 457 321 362 453 
14
16 25 60 62 66 74 103 105 126 135 165 186 188 192 
133 20
967 768 738 321 194 636 677 12 859 82 119 56 733 465 359 618 513 447 632 662 
20
27 46 50 53 59 63 67 68 74 82 106 118 120 123 124 144 156 163 175 176 
134 13
985 751 506 182 463 55 314 185 859 536 298 422 303 
19
4 5 13 14 32 52 71 74 80 85 92 96 101 141 149 154 186 191 197 
135 17
182 974 271 275 141 57 414 324 528 592 157 379 638 796 648 54 942 
26
0 5 12 16 20 34 38 60 67 73 83 91 102 110 127 132 139 151 153 157 160 165 166 182 186 191 
136 20
981 833 830 916 250 131 325 733 3 42 824 21 256 396 789 542 87 605 432 728 
16
0 3 5 12 27 62 80 117 118 149 150 163 166 172 176 199 
137 25
889 761 930 856 708 96 82 101 50 52 46 850 110 365 228 313 242 788 603 270 349 932 377 384 493 
16
23 44 63 72 79 81 89 100 114 121 124 161 179 188 190 194 
138 22
953 944 823 807 979 128 604 144 107 45 106 78 150 762 236 915 397 494 147 480 628 649 
24
1 15 28 29 40 41 42 56 57 64 80 88 102 103 111 113 117 118 122 157 159 162 165 168 
139 21
805 643 80 114 38 841 175 11 79 215 470 719 16 220 39 557 308 728 358 200 459 
21
18 19 21 26 27 29 37 45 58 70 77 91 97 117 118 120 135 150 175 184 197 
140 22
973 728 704 650 249 240 133 439 558 77 289 892 41 34 367 893 486 390 407 467 557 581 
20
2 8 39 45 49 53 56 61 67 72 85 90 108 111 119 147 148 177 182 188 
141 19
943 920 105 37 282 78 797 274 519 685 750 787 821 749 520 372 779 950 913 
23
3 12 17 25 27 35 54 71 74 75 79 82 91 97 104 113 117 119 134 145 147 183 197 
142 17
133 337 4 55 188 20 350 469 537 955 400 451 408 45 415 763 787 
23
2 7 11 14 16 19 23 25 45 51 58 67 79 95 100 143 145 156 173 183 194 197 198 
143 20
933 916 429 982 242 89 616 769 786 719 40 850 628 708 710 568 716 243 724 807 
19
4 6 44 72 77 78 81 85 120 131 142 147 148 160 166 169 175 184 194 
144 16
764 696 922 650 469 433 767 597 121 268 177 24 145 952 629 391 
19
4 13 19 24 34 37 38 39 46 50 71 73 106 110 111 133 152 162 179 
145 22
991 989 918 810 792 768 166 185 81 229 298 234 345 600 591 702 347 541 556 565 57 649 
22
1 2 14 16 21 36 39 45 68 83 89 93 96 106 131 141 142 149 170 184 185 191 
146 21
897 860 813 812 245 121 170 340 102 731 335 777 942 794 346 127 349 388 581 291 661 
17
8 11 21 40 52 69 78 91 95 110 113 120 161 173 188 192 198 
147 20
769 732 279 684 277 19 2 170 14 579 484 518 526 375 560 628 645 548 901 642 
21
3 24 41 45 46 67 83 98 106 110 113 128 140 141 143 157 159 176 180 189 192 
148 25
881 876 867 851 795 769 120 35 609 239 885 108 21 208 7 205 20 995 218 272 487 315 389 537 594 
15
4 6 9 17 24 31 39 116 140 143 152 161 177 196 197 
149 24
985 917 879 247 149 988 877 729 100 450 610 18 40 316 369 420 407 429 495 893 42 597 868 683 
21
5 9 10 15 39 45 52 54 56 71 75 80 82 99 101 104 134 136 145 171 175 
150 18
880 821 465 202 558 19 226 189 597 758 672 808 700 751 802 749 605 790 
18
2 17 48 51 66 70 86 90 91 107 115 136 139 172 176 182 196 199 
151 27
993 716 806 510 503 480 479 992 289 81 978 164 156 119 45 62 268 231 239 606 273 372 962 925 407 410 478 
24
2 12 19 25 32 37 50 77 78 85 89 113 115 130 135 160 164 168 180 181 182 191 196 199 
152 17
275 192 821 136 160 770 104 120 285 455 754 922 367 295 776 698 883 
21
8 10 33 38 40 42 55 81 95 98 113 114 122 144 148 154 173 174 183 187 190 
153 26
957 963 926 912 881 879 978 534 855 337 294 47 89 305 786 985 837 950 580 520 631 700 381 714 732 810 
21
11 14 18 25 35 38 39 54 56 66 69 71 84 101 108 130 135 160 178 183 185 
154 16
857 566 447 445 93 418 214 476 374 221 18 239 881 643 320 269 
15
0 26 39 53 84 86 87 104 109 134 152 157 163 175 199 
155 20
773 751 11 187 204 215 67 271 288 543 36 227 246 785 304 497 507 894 524 570 
16
25 31 41 63 70 75 84 93 106 110 126 156 163 172 180 196 
156 21
916 817 801 202 126 105 564 958 884 70 614 241 648 45 222 47 306 310 684 658 673 
20
9 13 26 29 31 45 56 57 76 99 106 121 133 142 155 160 162 169 193 199 
157 23
903 899 780 678 618 443 56 790 420 24 111 80 6 18 239 169 201 242 361 304 343 291 365 
23
10 21 22 30 46 72 86 94 101 104 106 135 138 147 154 167 169 175 176 179 189 195 198 
158 20
839 777 676 95 969 118 139 65 167 286 154 353 608 135 357 55 425 589 227 671 
11
19 25 98 103 108 111 113 166 173 175 187 
159 24
942 939 842 808 806 706 654 215 504 841 138 43 376 33 8 267 374 388 934 564 581 159 566 676 
18
4 5 25 39 55 66 73 88 93 113 118 126 138 147 185 191 192 199 
160 19
955 918 770 179 485 154 198 131 147 36 240 410 59 190 751 200 722 574 509 
16
4 7 30 45 66 77 83 96 104 135 143 151 153 156 173 181 
161 8
993 938 358 4 368 459 571 542 
24
12 14 17 23 25 41 64 66 87 91 101 102 127 128 129 130 137 146 148 167 174 179 181 198 
162 28
941 814 790 738 725 980 684 648 582 501 937 197 214 231 474 67 24 38 293 284 861 306 311 117 228 302 450 485 
19
19 32 52 59 67 75 82 84 105 111 121 127 138 144 156 166 170 177 178 
163 16
915 896 978 689 502 465 436 435 37 1 611 169 90 304 667 378 
18
16 22 26 37 50 66 67 74 108 124 129 133 136 154 155 166 168 195 
164 18
835 255 182 233 207 67 305 384 605 338 829 163 644 443 468 521 633 756 
19
1 3 7 24 31 45 52 68 85 95 101 151 167 169 171 178 186 193 194 
165 18
990 960 296 71 20 649 36 31 915 21 386 458 679 696 725 646 831 899 
11
54 63 68 74 122 127 132 135 138 178 184 
166 23
1000 993 987 951 851 921 810 79 8 208 565 53 170 11 196 706 200 239 123 715 379 88 643 
24
6 16 18 19 29 36 47 57 67 94 95 98 117 119 125 128 135 136 143 158 162 163 177 182 
167 22
934 831 818 679 662 369 250 471 573 711 230 335 150 543 432 454 417 602 220 479 484 521 
18
12 19 20 30 59 83 86 92 105 119 157 161 164 174 181 182 186 190 
168 27
727 651 598 546 877 544 515 360 70 19 893 5 519 1 210 78 333 290 105 867 164 269 39 335 40 262 336 
15
0 8 14 18 39 46 54 63 64 73 82 129 138 151 163 
169 21
866 784 119 815 408 972 158 73 77 315 240 655 359 402 705 187 2 409 559 650 694 
21
3 5 11 19 21 29 30 44 52 79 86 105 109 117 131 143 156 157 164 192 197 
170 14
953 842 321 546 291 482 57 679 322 33 67 80 212 289 
20
20 27 31 34 55 66 69 72 88 89 95 109 113 118 131 145 162 172 190 198 
171 19
987 964 270 220 118 197 132 591 131 328 359 884 662 551 823 800 805 338 819 
18
18 21 35 43 44 66 70 82 109 128 149 164 173 175 182 196 198 199 
172 12
736 900 526 306 68 807 416 59 72 191 134 216 
15
1 11 49 58 71 76 80 90 99 101 136 150 155 170 180 
173 15
917 907 831 525 513 403 345 154 909 739 212 166 217 268 289 
26
12 22 30 31 37 45 55 70 71 79 83 85 87 90 95 125 142 146 152 158 160 171 177 188 191 192 
174 15
678 995 842 468 867 442 398 302 10 105 783 239 23 227 244 
14
3 4 59 61 63 65 83 110 152 161 167 177 187 199 
175 20
884 819 816 726 215 674 994 106 471 582 769 56 81 354 761 535 553 715 781 788 
16
16 36 42 46 63 103 106 107 133 139 143 149 154 157 158 171 
176 21
965 789 786 844 252 82 694 81 60 190 71 734 327 329 431 390 481 702 624 765 691 
19
12 25 32 54 64 72 83 84 87 122 124 133 136 147 150 157 179 193 194 
177 11
709 626 424 257 198 670 619 330 414 384 396 
19
14 37 46 62 76 93 97 108 121 140 148 162 166 173 174 179 183 189 196 
178 24
946 917 774 530 226 464 599 155 238 809 32 35 532 310 321 395 311 385 897 453 407 68 475 489 
20
6 7 8 10 19 22 25 37 55 62 73 106 124 130 153 162 164 165 190 193 
179 20
993 956 875 129 71 918 326 13 305 798 777 284 617 470 39 372 483 671 561 672 
26
13 36 39 45 46 48 50 63 78 93 98 100 101 105 110 113 116 128 137 144 157 161 176 177 184 196 
180 23
943 935 931 903 890 886 14 354 813 123 46 34 217 23 319 714 529 969 673 674 201 756 797 
17
16 19 27 28 59 63 69 96 101 104 117 128 147 151 155 172 198 
181 24
799 660 606 315 816 261 58 970 415 519 38 46 744 559 322 433 737 441 478 521 338 523 878 545 
22
4 8 14 21 23 30 34 38 44 46 71 77 87 109 110 130 151 160 161 167 185 187 
182 17
990 370 47 659 346 107 229 82 389 695 553 793 571 578 647 385 866 
25
16 30 50 52 57 58 60 79 87 96 101 102 104 109 117 119 126 130 135 140 150 151 166 167 171 
183 25
977 753 727 673 113 1 596 80 157 108 314 936 418 861 750 639 434 886 479 666 754 199 310 495 560 
14
3 37 71 84 97 124 126 141 142 152 153 177 185 186 
184 20
928 884 876 686 265 110 620 671 196 451 140 35 26 359 444 420 421 423 448 670 
19
5 21 29 38 40 46 47 53 59 60 95 105 130 139 143 145 165 179 193 
185 18
994 968 435 390 475 662 257 147 606 55 534 655 700 763 829 62 839 875 
18
3 11 20 21 29 36 39 41 75 79 113 145 153 159 181 183 190 196 
186 14
968 935 904 773 548 522 77 427 839 23 256 554 384 486 
17
22 27 31 35 48 59 60 78 83 84 90 132 134 135 164 167 183 
187 32
970 906 856 852 851 820 866 755 882 697 686 628 615 157 320 725 207 241 32 576 40 664 331 182 552 853 335 409 545 99 247 580 
19
7 16 18 20 22 27 44 60 62 95 105 106 110 111 152 158 174 181 194 
188 23
988 941 928 865 798 348 987 654 346 652 154 426 204 493 29 107 556 445 942 424 572 633 758 
27
1 14 33 39 43 52 58 63 64 74 77 78 80 81 84 85 90 96 108 120 127 130 132 137 140 146 173 
189 21
945 970 933 324 630 664 800 364 347 653 266 967 5 46 494 383 977 422 424 565 635 
27
14 16 21 29 31 37 39 66 68 70 71 74 79 85 86 99 101 110 112 114 118 123 129 147 157 177 198 
190 23
964 862 685 644 584 245 444 183 176 287 321 941 423 206 576 995 107 292 1 297 254 476 531 
17
2 8 13 14 30 33 47 80 94 116 121 137 152 167 170 178 185 
191 24
825 812 779 823 675 334 219 898 10 350 105 598 854 77 686 205 353 399 465 499 471 543 578 648 
19
1 2 6 45 52 67 70 75 82 87 89 107 134 135 145 151 159 173 195 
192 22
947 946 856 899 825 517 214 570 134 55 904 497 701 82 397 450 596 347 754 606 213 731 
24
10 14 58 68 69 70 80 82 85 86 89 99 100 101 103 116 131 132 146 147 159 169 173 193 
193 20
886 850 844 900 197 656 137 40 601 79 300 487 209 320 278 389 441 768 297 778 
18
11 14 26 44 54 56 63 86 104 111 129 156 164 176 178 184 192 195 
194 24
941 762 761 752 734 713 204 807 289 774 145 128 706 27 88 411 60 245 704 446 647 547 658 675 
23
6 8 16 36 40 67 71 79 83 97 99 102 104 108 111 119 137 142 143 164 176 187 199 
195 16
904 950 695 570 637 501 784 495 441 91 420 323 452 10 333 387 
16
4 10 11 48 51 58 63 68 82 92 94 106 157 163 191 193 
196 15
907 760 955 683 517 867 408 382 571 146 27 166 274 308 322 
22
6 7 27 40 62 63 78 102 108 109 111 113 114 131 148 150 151 155 171 177 179 185 
197 18
920 467 421 385 572 657 349 890 520 596 499 647 834 743 283 357 801 887 
21
1 6 35 36 48 61 62 71 83 100 102 103 112 116 121 134 139 141 142 148 169 
198 16
857 713 701 629 612 168 333 129 13 31 48 946 198 62 926 161 
21
12 31 46 51 53 66 67 98 99 112 113 117 121 142 146 157 161 170 171 180 189 
199 22
837 835 728 109 51 374 61 817 299 296 333 935 47 48 916 213 295 105 327 488 335 631 
25
8 13 18 27 28 67 70 74 79 96 98 106 107 110 120 123 136 150 151 154 156 159 171 174 194 
