200 2000
92 41 24 43 80 43 80 55 79 59 11 72 73 44 7 78 97 27 65 76 
25 93 45 76 82 49 10 5 22 10 47 65 51 22 7 82 16 39 37 46 
97 99 17 21 42 75 99 90 2 63 18 78 7 62 53 41 63 62 45 36 
72 43 1 74 64 59 7 79 49 43 25 98 93 93 18 86 68 16 76 21 
30 45 98 89 58 2 29 20 16 73 56 87 16 8 12 79 66 18 10 67 
13 86 64 57 78 81 43 97 97 70 17 78 14 66 66 71 20 94 91 35 
19 46 73 34 5 84 64 70 53 25 36 17 62 99 74 92 32 16 88 80 
85 57 57 98 74 75 20 93 68 10 27 38 7 99 71 11 34 87 33 87 
11 20 55 25 71 28 16 2 43 3 81 79 59 89 28 85 63 48 77 83 
9 4 20 68 54 91 78 88 29 62 26 91 82 80 15 52 60 30 5 2 
85 85 33 43 25 60 27 88 7 56 70 16 11 89 83 64 31 12 3 11 
26 80 2 7 12 16 10 71 98 66 24 82 50 56 76 26 16 55 13 74 
10 34 89 20 23 23 35 5 87 38 16 12 69 69 70 80 84 31 2 33 
96 26 14 97 81 42 22 48 96 87 22 57 20 62 76 94 37 10 51 23 
99 66 86 68 34 7 47 69 89 49 2 84 26 67 32 58 8 5 6 55 
91 27 11 63 40 38 56 76 48 58 50 98 23 87 65 8 93 64 29 33 
64 82 68 89 48 99 46 8 4 3 14 46 29 25 60 69 62 68 96 61 
25 46 11 48 32 75 7 77 90 35 9 53 16 77 93 16 27 91 23 82 
93 36 80 74 12 39 94 26 6 89 86 31 86 48 30 18 23 36 46 64 
71 6 17 38 82 61 53 61 51 27 94 96 15 73 21 26 12 14 51 17 
2 89 99 40 36 28 57 10 16 54 74 38 59 42 75 41 54 28 53 57 
54 46 52 68 19 72 46 82 37 48 50 90 88 49 29 76 28 37 85 43 
90 10 80 49 3 55 41 57 34 93 65 39 90 68 59 60 91 4 41 27 
51 91 16 91 91 97 66 18 33 2 13 23 12 92 71 66 98 11 74 31 
55 38 70 44 5 28 4 95 83 96 21 85 86 89 75 28 85 40 46 17 
42 58 39 5 1 61 70 99 23 44 81 77 33 2 21 38 81 76 84 63 
71 57 100 9 45 74 36 81 66 33 97 59 42 88 63 43 100 84 93 23 
27 25 99 12 27 71 49 59 98 32 22 69 40 73 29 84 46 64 64 63 
49 13 21 42 52 83 36 3 67 28 25 45 5 76 56 31 98 56 89 96 
40 62 64 79 86 44 15 84 59 30 46 7 94 67 49 97 1 84 100 19 
64 76 16 20 51 23 50 49 79 90 44 70 4 59 48 41 2 14 24 60 
44 70 19 37 88 19 86 88 54 85 59 69 60 74 88 63 96 89 11 26 
31 6 95 86 16 95 26 17 8 50 28 3 19 98 92 58 68 77 97 22 
61 55 90 72 28 30 34 76 18 96 1 48 53 96 33 68 42 11 36 49 
60 16 4 30 13 95 87 81 71 83 54 83 38 95 6 17 24 92 92 94 
39 93 93 92 40 78 11 81 88 47 81 47 62 84 28 26 78 14 58 100 
48 11 34 37 58 40 6 81 83 97 26 21 41 19 64 32 96 75 12 35 
21 93 81 34 28 8 59 58 73 69 57 72 31 43 9 88 82 14 21 16 
62 46 36 3 16 100 34 63 74 98 97 46 42 29 79 69 88 89 26 60 
9 83 32 40 25 92 79 58 5 99 25 66 97 60 20 64 11 6 27 36 
3 23 81 44 52 11 12 39 52 38 51 60 72 34 99 48 25 78 57 81 
28 81 98 76 92 18 40 55 23 18 90 25 40 23 20 43 85 31 34 36 
20 36 96 43 69 46 90 45 75 98 77 55 78 74 30 22 43 21 76 65 
38 17 41 30 39 12 24 76 43 57 11 14 44 58 57 64 4 46 60 78 
44 36 32 73 10 14 94 52 34 21 69 24 38 61 53 28 73 28 3 67 
85 14 80 80 71 88 44 26 34 3 56 29 39 39 53 100 4 47 3 90 
67 23 13 56 36 17 84 8 44 86 26 80 51 57 60 22 45 55 99 30 
57 54 10 47 45 62 98 48 60 1 37 79 75 49 34 10 17 17 69 13 
3 94 92 53 3 3 26 47 57 77 28 66 82 37 64 26 98 62 26 10 
14 62 88 88 63 21 98 79 90 66 91 44 12 35 48 14 89 26 12 98 
2 39 63 83 27 78 61 76 91 86 85 4 99 72 44 61 45 41 92 34 
58 34 77 69 68 76 34 57 1 97 54 2 87 68 37 13 97 49 89 88 
34 73 91 32 97 34 45 41 26 36 26 84 69 54 4 89 29 90 45 30 
86 50 83 25 69 19 37 65 67 77 52 52 50 95 36 98 28 80 38 6 
15 15 41 35 68 44 23 96 85 67 77 23 68 60 47 36 30 83 53 49 
12 4 100 61 98 35 10 78 66 47 83 80 13 23 15 80 18 89 27 3 
56 4 77 75 15 23 63 96 57 15 44 68 18 44 80 68 30 89 45 48 
87 79 27 99 53 93 78 22 82 57 76 89 12 52 15 26 74 77 21 31 
43 17 98 13 12 78 80 41 66 76 40 53 6 67 51 58 11 81 79 44 
37 7 84 48 58 99 25 32 27 97 14 70 13 11 34 24 40 13 17 58 
40 56 10 45 74 12 54 37 44 84 32 32 90 16 31 48 66 7 31 44 
4 44 65 68 54 98 44 46 62 60 3 1 67 64 97 93 75 50 81 71 
86 12 2 75 79 33 22 44 39 4 40 94 47 4 62 53 2 5 98 63 
16 52 16 34 15 12 26 41 14 6 11 99 70 13 73 48 97 47 44 87 
50 83 81 49 38 94 1 91 50 50 6 65 1 21 98 15 84 76 55 97 
33 66 95 54 30 20 2 78 18 97 64 19 31 96 67 68 89 67 59 38 
16 64 54 68 36 4 82 19 79 37 16 63 54 62 17 35 33 70 12 50 
66 27 69 96 23 35 15 11 54 73 1 21 88 54 89 23 57 70 42 87 
58 57 50 63 70 66 97 3 87 8 4 52 35 24 99 9 59 13 19 64 
86 71 84 73 25 24 96 33 94 89 20 3 97 69 66 66 86 14 20 72 
74 76 75 8 99 73 68 57 85 38 72 22 9 56 47 85 79 94 17 24 
82 36 79 78 56 44 95 41 57 15 64 30 90 38 89 88 62 8 97 47 
46 20 68 54 75 66 38 6 59 54 81 40 42 59 17 97 54 12 90 63 
78 53 44 67 43 85 6 4 92 54 2 37 74 22 90 100 87 79 57 46 
85 38 85 26 48 54 22 2 65 63 16 42 16 59 60 10 43 17 65 35 
23 67 71 48 88 13 47 74 91 4 71 75 93 56 52 92 9 74 93 25 
36 8 18 3 67 29 64 61 97 29 95 19 47 18 66 34 82 65 59 24 
20 30 51 12 37 2 3 97 27 48 21 15 7 90 69 25 18 33 86 14 
13 32 85 59 1 2 44 82 66 2 58 85 83 8 48 19 61 51 15 88 
50 87 54 56 76 22 81 45 6 18 11 18 49 95 28 50 96 23 83 14 
25 40 98 59 47 46 30 60 48 96 47 97 83 100 52 10 21 84 55 79 
1 65 48 2 11 76 51 58 98 85 71 74 25 21 85 23 18 14 82 65 
9 80 13 91 79 16 53 52 100 7 30 52 23 77 53 85 4 55 94 54 
40 65 27 64 37 11 38 54 24 72 70 85 51 82 27 82 49 79 33 48 
37 14 52 11 42 4 95 46 59 89 51 98 5 77 13 93 40 2 46 15 
73 67 99 24 100 26 5 48 56 89 48 93 54 99 3 95 2 50 92 12 
90 42 61 94 71 73 86 10 27 83 24 99 1 75 74 100 52 30 99 7 
70 46 51 23 96 6 70 98 55 13 9 44 7 22 89 77 94 26 38 72 
60 13 23 60 39 96 11 90 78 9 97 47 7 99 22 2 4 43 51 58 
7 12 53 13 33 93 41 78 18 30 50 29 43 72 88 33 19 50 23 96 
11 71 95 69 69 68 70 73 10 73 82 16 84 87 81 16 79 21 45 49 
51 94 77 45 17 17 77 36 18 51 83 28 21 29 96 90 96 18 14 57 
90 47 73 25 33 5 92 64 25 36 12 27 82 40 23 98 56 52 85 74 
2 68 53 23 96 1 64 92 70 29 48 59 75 72 35 60 28 26 23 53 
61 86 31 94 25 6 92 33 57 76 6 58 43 10 32 91 10 47 34 79 
27 81 89 2 5 23 13 32 100 87 36 13 72 19 6 96 24 97 28 80 
25 85 89 19 95 21 9 56 19 42 87 46 75 27 99 31 2 11 14 1 
97 50 13 20 20 71 15 43 67 95 74 43 79 62 62 25 82 22 33 53 
64 19 98 90 45 96 20 46 58 85 99 54 34 11 73 5 33 39 47 100 
33 20 94 64 82 55 88 15 29 20 67 44 90 16 33 35 11 4 32 68 

0 36
1913 1843 1602 1526 1406 1364 1300 1289 1174 1151 1464 1316 1057 958 954 94 298 335 573 1582 139 7 653 339 1753 1383 384 928 404 627 1525 119 637 1869 722 725 
21
5 16 39 49 58 61 69 78 79 84 88 91 122 143 159 176 180 184 191 194 199 
1 43
1962 1939 1854 1768 1762 1431 838 1541 252 652 411 611 44 895 1697 38 1945 444 1629 521 807 96 781 1650 1050 1161 876 323 943 1351 1035 732 1048 1062 1086 1678 1167 51 1315 1292 1637 1656 1670 
19
10 13 19 26 41 46 47 68 96 97 99 124 125 141 150 171 172 182 197 
2 36
1901 1986 1875 1801 1701 1525 1316 1836 1244 1154 435 1433 1285 656 1342 343 612 143 925 166 1791 1199 681 718 1940 1422 460 719 729 1060 801 852 1263 1189 893 997 
21
5 16 17 18 48 58 77 84 86 98 101 114 120 121 126 136 151 157 167 177 180 
3 32
1980 1869 1732 1717 1509 1416 1337 1243 927 1831 1646 351 606 234 1833 131 1205 354 102 401 461 182 552 581 596 1702 1369 1221 851 635 756 645 
24
14 16 20 36 72 73 74 86 87 95 103 106 118 130 134 137 143 146 151 152 153 164 183 199 
4 47
1913 1858 1812 1713 1555 1553 1533 29 460 1126 324 362 283 446 1911 94 1775 195 1268 1585 242 163 736 1102 75 1764 105 128 1490 1016 615 635 1407 775 782 784 789 33 1455 1049 1063 606 764 1317 1357 326 1432 
12
24 26 28 38 55 80 83 103 152 157 176 189 
5 46
1967 1921 1962 1804 1707 1689 513 393 282 1049 302 1876 296 74 999 345 1752 567 294 103 1102 253 281 1206 1801 1406 616 1159 764 1097 1873 293 779 803 1173 1026 1039 1298 1064 1121 642 721 1195 1615 1378 1563 
22
0 2 19 28 33 54 77 78 79 85 87 88 98 105 147 153 154 156 161 172 187 190 
6 39
1774 698 1105 620 603 566 824 1046 632 1631 388 906 58 1864 1390 24 565 249 662 305 285 376 1790 763 924 459 933 1007 787 1340 1507 954 1056 705 1258 1299 530 1320 1687 
14
21 73 76 77 116 119 126 144 149 151 168 174 178 198 
7 52
1946 1752 1700 1641 1633 1628 1605 1885 1569 1521 1493 692 1985 484 737 1547 520 1491 464 586 1326 416 860 157 315 4 966 266 11 45 1044 96 1627 758 1025 867 1015 663 900 1057 1659 1422 1106 135 1162 1133 1212 824 1219 669 1301 1419 
23
10 11 14 21 24 26 42 43 45 47 49 68 81 98 107 123 127 128 132 142 166 171 177 
8 37
1990 536 203 721 1387 389 595 340 108 515 514 157 608 833 201 370 64 1211 1914 158 150 1667 874 917 1028 1173 1253 1278 1492 1266 1582 1740 429 1851 1787 1874 1965 
19
17 57 75 77 81 82 92 110 116 119 130 145 147 157 162 163 171 179 187 
9 51
1849 1842 1795 1713 1617 1515 1492 1417 1309 1485 537 315 1631 130 1149 350 91 895 306 253 1178 233 1944 206 761 40 1187 1365 101 1510 878 520 599 283 690 181 194 589 659 753 793 1827 1274 852 545 1019 1204 451 1162 801 1196 
22
25 29 47 49 56 60 74 83 84 87 106 123 124 136 141 145 149 151 161 170 176 195 
10 36
1972 1879 1830 1852 1704 1578 1606 1236 1125 976 1447 892 872 766 1585 401 164 180 106 908 57 345 1758 93 777 370 1892 375 398 636 955 400 403 721 610 627 
26
1 7 28 30 32 40 55 67 77 82 85 86 87 92 94 105 106 108 113 120 131 140 148 156 172 195 
11 40
1966 1829 1734 462 547 1287 513 76 890 1946 50 107 540 387 336 1520 668 194 556 1074 268 347 1087 738 1454 165 876 1431 877 990 684 1079 862 1178 1733 1207 1310 1095 1569 1648 
17
7 16 25 31 42 44 49 65 99 100 107 115 123 137 153 170 198 
12 35
1904 1514 1366 1310 1457 1087 1681 941 878 840 1190 746 1841 657 268 73 5 1130 464 21 12 1616 506 99 284 1710 341 373 402 436 1800 468 734 438 586 
12
43 56 70 82 87 93 97 99 114 139 153 184 
13 43
1897 1861 1837 1737 1705 725 392 1280 479 1293 461 1093 388 906 366 617 390 311 295 58 47 115 811 1514 822 1037 22 1444 988 1067 1971 1102 1208 134 1161 1319 583 1689 1836 1362 1449 1456 1512 
22
1 19 28 32 37 49 51 54 55 62 78 80 91 95 99 100 109 126 159 164 179 184 
14 43
1996 1970 1962 1795 1735 1430 1541 751 233 581 26 405 1717 690 295 240 1387 749 1663 83 1769 1295 1075 131 440 39 118 1525 822 901 1205 1287 1366 1025 1420 868 1421 1633 222 143 1644 1280 1675 
15
3 7 19 21 28 32 100 104 141 147 152 176 185 187 193 
15 32
1898 1743 1663 1629 1506 1981 1500 1936 1751 1455 1406 1879 325 156 1612 95 1600 342 490 847 625 365 661 821 1539 207 1021 1503 1022 23 1318 1371 
12
43 61 69 85 115 140 151 162 165 181 188 197 
16 45
1999 1994 1989 1881 1858 1775 548 318 300 20 502 230 193 1340 747 339 1820 635 237 741 10 861 1601 654 1727 1764 42 1004 803 1321 1983 956 1171 1201 297 1719 1281 1725 1433 761 1472 1886 1570 1624 1714 
17
0 2 3 11 27 32 49 78 86 94 111 112 116 128 150 179 194 
17 39
1979 1968 1931 1815 631 710 687 798 750 10 853 458 1068 260 1481 164 1018 270 1166 1877 1019 1041 1171 1173 1654 1192 266 1451 286 1392 562 957 1747 1431 1838 1545 1772 1539 1776 
18
2 8 20 21 40 43 66 80 86 106 108 126 130 141 161 180 188 190 
18 36
1970 1682 1557 1540 1427 1309 1253 1042 1014 1098 987 975 972 916 1962 223 1510 1214 733 222 205 244 1994 218 144 1492 382 855 142 438 492 1578 764 758 396 877 
13
2 20 43 48 52 106 122 123 128 136 167 176 177 
19 43
1748 1724 1618 1460 1344 783 904 752 531 346 977 1014 771 956 1675 95 835 92 1197 1276 765 204 1203 770 1563 141 320 875 608 1319 787 842 385 1175 1202 1044 1229 1266 1142 374 1164 192 1219 
18
1 5 13 14 29 31 40 55 56 61 86 105 126 149 171 179 184 192 
20 33
1937 1926 1923 1727 1687 1632 1599 1992 1437 1251 1085 1119 190 513 1142 1740 1 1746 44 1321 877 1942 1646 1535 610 906 960 524 1079 1014 1235 1312 1016 
15
3 17 18 31 107 110 117 149 153 160 167 168 187 190 198 
21 38
1987 703 1739 722 1055 637 509 202 231 68 179 253 7 494 1789 154 536 98 809 1606 1939 1109 1590 1194 1233 1056 424 977 1293 827 1459 1509 1690 1965 464 1728 760 1787 
19
6 7 14 17 22 34 44 48 51 57 60 61 74 88 100 115 119 126 135 
22 46
1948 1913 1894 1832 1748 1859 1622 1557 554 258 48 351 640 166 670 38 926 689 985 602 1392 342 375 138 148 715 1099 793 438 833 1055 213 1240 1314 868 883 1179 910 1930 982 1256 1340 729 1361 1487 1408 
14
21 29 53 80 85 104 115 116 134 142 161 170 173 176 
23 33
1965 1858 1677 1572 1964 1520 1426 1272 1871 1131 1057 1634 1042 833 786 564 1733 253 17 275 238 442 301 726 433 480 494 545 698 918 400 622 737 
18
40 48 49 58 61 72 74 86 112 118 128 130 140 148 163 178 182 190 
24 42
1865 1849 1749 1558 679 547 806 1028 545 1026 691 1283 1130 1167 495 355 1997 1681 259 158 193 1550 604 196 216 102 734 538 775 800 1429 860 82 1267 941 1348 944 1351 946 218 1245 1448 
19
4 7 28 38 51 58 68 90 99 110 123 137 157 161 162 168 175 186 194 
25 28
1949 1816 1767 1711 1694 1691 1607 1596 1591 1555 493 816 387 727 280 159 422 274 496 700 894 1706 929 1021 797 1389 1568 1457 
16
9 11 30 31 79 80 82 93 94 137 149 167 169 174 186 198 
26 31
1914 1857 1567 901 1022 837 1905 832 1371 1075 224 1821 156 69 766 141 85 830 386 635 205 538 1499 1314 648 676 516 738 1682 757 773 
26
1 4 7 36 45 46 49 55 68 76 77 84 103 104 106 107 114 121 137 139 176 179 189 190 198 199 
27 34
1946 1869 1837 1799 1907 1833 1722 1701 1856 1671 1039 976 940 1732 1214 437 17 954 510 432 358 639 1345 50 716 719 377 821 1950 655 803 859 822 878 
17
16 32 40 77 81 89 98 110 126 149 154 158 160 163 167 170 183 
28 41
1996 1972 1923 57 625 1880 521 1298 449 649 412 1596 1781 1594 646 267 1414 101 1581 39 209 357 1097 720 799 998 622 1017 1188 1095 1253 553 1264 1782 1395 1543 1647 1909 1672 1979 1900 
23
4 5 10 13 14 24 31 34 55 63 84 88 96 103 109 130 137 138 157 163 173 181 185 
29 31
1683 1621 1861 1565 1553 1434 1395 1043 880 876 447 719 736 20 264 1851 1148 519 187 68 61 1760 1649 1353 280 300 158 491 500 772 541 
20
9 19 22 33 69 72 87 88 92 109 114 119 132 138 139 149 173 174 178 179 
30 39
1611 881 178 825 381 1343 1602 1656 708 1189 1522 1055 299 1968 151 1372 630 488 409 285 1395 55 209 860 1097 1166 1482 1245 902 916 1068 1387 1229 1279 611 137 1322 1361 1406 
13
10 25 55 69 85 114 121 128 150 162 185 193 199 
31 56
1870 1813 1668 1787 1629 1604 1490 1408 1364 1981 1349 230 476 920 471 582 466 281 1833 1280 252 163 191 260 1433 90 1511 563 168 575 1397 686 1872 213 620 1659 1027 227 1785 363 916 758 966 1657 1025 1667 1035 662 1294 1131 1205 431 1300 1221 965 1281 
23
11 19 20 25 28 38 52 60 64 66 70 101 110 116 129 132 141 143 160 167 168 183 189 
32 39
1903 1898 1892 853 838 544 541 533 834 676 472 263 301 1226 347 1467 1309 330 1218 1302 1371 28 344 682 919 1135 1601 1838 1180 1234 1340 1563 1610 1631 599 1705 1329 1645 1806 
17
10 13 14 16 27 48 49 58 85 111 118 119 120 138 144 159 195 
33 46
1940 1854 1851 1768 1650 1632 1597 1479 323 280 198 87 196 1417 1849 1454 60 56 296 629 279 262 156 1081 401 180 698 883 1475 316 553 960 635 1020 783 1935 276 750 823 863 959 1233 1075 1288 126 1469 
23
5 29 34 46 59 60 67 72 79 100 104 109 112 115 117 119 122 128 150 153 179 188 198 
34 36
1995 1826 1802 1739 1579 1560 1411 1060 995 965 1466 837 377 411 957 402 742 1141 31 1103 400 1145 183 428 169 1428 577 1470 730 749 1684 1018 426 537 435 583 
21
21 28 33 38 42 45 46 49 58 60 65 89 96 99 104 105 116 125 156 162 176 
35 48
1972 1945 1995 1837 1703 1686 452 600 356 290 1989 1752 172 1495 283 678 192 1584 80 200 437 1227 465 1922 737 1774 36 1368 2 1647 1015 1496 671 1559 376 534 692 921 960 345 108 1056 66 1172 1262 1621 1305 1573 
20
38 44 49 52 55 66 67 89 91 103 106 108 113 114 133 154 157 158 163 184 
36 39
1918 467 1788 208 367 362 397 537 592 641 3 35 505 189 34 271 113 211 1001 1075 128 407 723 949 791 1255 860 1637 946 1009 278 1305 1763 1368 1627 1459 1599 1873 1636 
20
3 26 48 92 93 106 110 121 122 124 126 141 143 146 155 156 157 178 197 198 
37 45
1732 1664 1654 1621 1603 470 1895 315 1277 585 573 178 489 1757 98 1541 235 1644 1012 65 1027 1545 1361 571 95 640 440 677 54 923 1942 362 994 1367 1051 1074 1096 560 7 1429 1137 1289 1332 1373 1379 
17
13 39 43 60 61 71 73 77 86 99 120 138 153 171 184 189 196 
38 39
1943 1886 738 653 552 406 221 380 237 1046 1125 479 5 37 1739 13 1992 1123 217 1697 1734 371 218 1062 1284 545 1098 1239 1182 1498 1317 1474 1612 1667 720 1668 1685 1788 1820 
25
4 24 31 34 35 39 49 64 69 74 79 81 93 98 108 115 123 131 136 139 140 144 149 164 187 
39 31
1938 1920 1899 1884 1855 1774 1628 1578 1435 1429 1348 1286 676 1760 761 1203 628 1787 603 1062 9 1275 720 891 1044 929 496 1014 1236 328 1253 
14
0 37 38 50 62 86 87 127 139 153 169 172 173 199 
40 49
1850 1788 1739 1726 1710 1667 1617 1555 686 501 760 1210 333 703 667 1585 1111 1444 4 223 855 438 336 319 356 1964 147 1608 739 1499 594 705 220 1639 1481 138 611 1322 865 875 879 1826 1194 1264 433 1302 1308 1387 1532 
20
10 17 19 23 27 55 77 87 92 103 117 119 124 148 161 175 176 184 192 195 
41 41
1917 1759 469 800 62 378 1229 366 514 388 625 355 947 1428 331 1108 1441 430 272 53 1814 471 122 261 1925 266 1265 1929 1376 538 453 611 616 641 851 46 994 1064 1148 1592 1527 
17
1 42 54 57 65 84 88 94 97 113 116 117 133 143 145 146 156 
42 40
1800 1769 488 468 24 246 1862 1467 614 836 410 447 1298 827 1012 402 811 100 285 1691 1923 1765 149 279 845 1181 865 879 1366 260 971 178 1600 1047 1537 1063 1462 1513 1675 1702 
19
7 11 34 41 64 70 71 113 118 120 136 145 149 157 161 165 175 176 196 
43 46
1943 1911 1852 1734 1653 1532 1440 1426 533 459 940 357 420 664 738 601 364 564 1117 248 1672 803 840 263 1618 275 608 368 1237 525 604 230 315 693 542 937 1174 699 741 1148 1164 757 994 1101 1190 1218 
20
7 12 15 17 18 37 65 74 76 80 82 87 97 123 132 133 146 156 192 198 
44 41
1769 831 1695 905 585 517 1687 739 587 271 241 167 56 68 1215 1252 731 1363 124 718 140 1324 1509 127 834 855 1962 856 1121 1822 1585 1269 97 1124 1605 1145 1291 1370 1518 1555 1413 
21
11 21 35 58 60 78 89 97 106 108 109 114 117 137 150 152 175 185 189 195 197 
45 46
1915 1898 1839 1789 1651 1556 495 236 506 190 298 997 975 73 1257 341 198 119 1943 1627 600 1014 1532 1007 454 80 561 279 1593 92 638 1045 700 761 1427 1501 368 52 1237 1250 1254 1834 412 1439 1460 1466 
16
7 26 34 48 58 65 85 87 98 103 130 142 167 176 186 191 
46 37
1947 740 640 1010 371 887 365 344 739 1845 342 157 173 1098 1875 601 364 1696 92 395 869 193 294 962 1515 322 992 1014 1083 1305 1131 1190 1228 1275 1388 1869 1818 
22
1 26 33 34 48 52 54 55 65 74 77 78 83 97 98 106 108 109 130 131 170 190 
47 46
1934 1803 1799 1790 1719 633 1447 590 775 588 502 955 918 365 8 1044 445 1148 256 579 283 1282 662 1689 120 436 79 821 890 71 940 1796 1717 1862 993 1728 1096 1791 527 1238 1963 67 1331 1406 1494 1544 
21
1 7 9 50 89 93 104 105 117 119 125 128 134 136 139 147 153 160 163 191 199 
48 43
1822 1722 1633 1632 776 773 958 1291 1476 781 1558 594 1149 506 728 478 367 717 513 1726 1410 462 18 1456 454 235 788 1674 1121 804 915 1285 667 35 904 1912 1043 1245 1325 1513 1276 1434 1622 
23
2 18 21 23 32 36 45 46 49 52 53 75 88 99 110 113 121 135 145 146 164 192 195 
49 33
1830 1618 1447 1437 1374 1204 1938 1531 1494 1198 362 565 922 1298 225 114 1566 1418 12 1895 82 519 581 664 1408 705 784 1207 1022 1415 379 1082 1135 
28
0 7 9 11 13 16 23 26 32 34 35 38 48 50 55 61 63 90 101 107 119 122 139 143 146 148 153 183 
50 48
1990 1937 1883 1812 1793 1703 605 364 1672 882 296 279 287 1304 541 1252 778 1849 1296 36 1871 1713 844 636 83 1584 243 421 234 804 820 1190 854 1839 417 891 1828 880 941 1400 215 1321 223 1566 1329 1478 1519 1650 
20
39 47 49 52 69 74 76 77 78 83 85 94 119 127 135 154 165 175 198 199 
51 36
1870 1791 1745 1645 1563 1547 1203 1141 911 1553 369 335 317 343 1932 119 1444 297 1894 525 588 758 1936 1714 826 1539 1206 614 1891 1188 818 1477 626 719 753 788 
20
13 21 24 53 66 72 73 80 81 82 95 127 129 131 153 160 161 168 192 194 
52 52
1982 1861 1832 1796 1741 1714 1651 1948 1632 1430 1775 1301 1461 1224 628 335 113 1149 1012 344 677 338 1152 1047 336 1080 6 35 746 1858 594 436 1162 170 179 674 1953 531 689 163 874 760 918 935 562 957 808 966 664 980 460 1013 
20
18 31 35 46 48 50 66 82 83 89 91 110 129 139 147 152 172 179 181 193 
53 51
1981 1917 1865 1859 1982 1745 1737 1460 1366 1363 580 1209 1941 519 375 98 1770 348 792 492 1232 143 1279 568 254 1123 940 71 37 1036 139 953 1175 833 1018 1055 1900 241 636 715 357 910 1609 1056 597 1150 556 1188 1231 549 1260 
17
22 48 51 56 58 63 73 74 76 80 120 123 132 170 175 177 182 
54 41
1993 1853 1791 500 1648 463 493 382 604 460 1015 438 518 666 1191 1450 156 522 1446 165 16 174 1210 208 1908 565 266 819 848 880 923 545 782 1256 1146 114 1220 705 1574 1600 1637 
17
5 13 41 46 86 90 96 98 100 120 123 129 135 159 170 176 181 
55 34
1897 1839 1977 1792 1790 1577 1538 1523 1493 1477 1418 1389 1315 1524 1302 656 1657 843 1217 181 178 1225 670 744 231 897 1101 815 402 920 924 973 1794 1017 
20
4 10 13 19 26 28 30 35 40 46 49 73 78 79 92 131 157 189 195 196 
56 44
1949 1969 1732 1731 1671 751 1797 1718 612 548 1399 421 501 422 269 709 820 968 165 1386 186 963 1953 768 452 146 177 954 212 240 869 898 819 1040 1122 1202 1281 823 1376 1409 1502 1538 1625 1627 
25
9 12 19 53 60 61 71 72 84 86 95 96 106 108 112 116 118 119 122 123 126 157 158 171 188 
57 41
1983 1941 1903 1893 607 645 1015 428 761 578 652 367 51 143 217 1129 339 489 1042 159 656 777 364 1628 463 858 1317 526 921 460 934 1793 1082 974 1020 72 1099 1471 1777 910 1779 
22
8 21 41 61 68 76 79 84 86 94 95 101 105 114 133 136 153 175 176 182 183 187 
58 47
1913 1906 1893 1880 1801 1732 1653 1620 1546 1521 186 516 704 467 763 188 3 1039 599 283 46 702 70 995 659 1029 1725 540 132 1279 180 745 1448 1235 768 973 1412 1491 980 1461 1075 1141 1240 43 754 1307 1347 
24
0 2 23 24 32 34 44 45 53 70 80 83 88 99 109 118 137 147 150 158 160 167 186 192 
59 34
1948 1839 1773 1670 1631 1461 1439 1558 1410 1813 1258 1231 1126 210 1719 91 81 829 1178 216 48 36 443 548 564 657 1123 679 1910 1725 1355 689 896 859 
11
33 66 93 101 102 124 131 148 169 172 183 
60 31
1963 1866 1718 1530 1859 1452 1771 1364 1323 1211 1169 355 984 496 684 721 107 787 1969 1562 267 1220 480 665 856 881 929 279 982 1884 996 
26
9 21 31 33 34 37 44 56 70 82 90 97 112 119 121 123 125 128 129 138 143 154 158 168 190 198 
61 32
1789 1778 1738 1717 1927 1668 1478 1436 1354 281 1254 181 28 589 118 115 425 1159 863 1122 513 1295 851 933 1315 945 1893 1597 191 1079 1518 1111 
24
0 15 19 21 23 37 49 56 57 79 104 106 112 113 117 126 128 129 130 139 153 175 181 189 
62 51
1981 1978 1906 1794 1737 1733 1630 1629 1609 485 1410 421 828 387 202 757 312 1052 1667 403 267 1488 303 133 59 297 343 873 241 1238 685 197 1771 270 539 1750 1671 644 260 655 663 702 487 882 1594 962 1147 1546 677 1467 1520 
17
13 39 71 76 78 79 86 90 94 112 115 122 145 161 176 180 192 
63 37
1962 805 635 1264 425 129 337 577 1660 483 254 886 77 35 114 1298 1372 1132 105 19 907 367 829 1241 858 1702 1134 529 1161 834 1229 1407 194 1695 962 1752 1866 
19
28 49 53 66 73 94 109 115 123 124 130 148 160 162 167 177 181 186 194 
64 37
1988 45 1007 1821 1590 655 605 625 1661 574 535 364 550 1623 1697 57 176 1175 103 764 843 1805 273 964 301 1170 1378 1915 1441 1922 785 1575 1709 702 1729 1714 1872 
20
31 38 42 70 81 82 83 102 104 105 111 115 119 123 137 139 140 146 177 178 
65 27
2000 1814 1798 1643 1522 1694 1472 1143 388 1496 830 864 93 1113 35 417 1466 60 419 481 231 564 1586 661 1057 687 1090 
16
11 34 41 43 45 46 70 76 78 112 119 124 125 140 143 190 
66 32
1937 1891 1832 1726 1693 1655 1469 1881 1363 1357 1131 1128 1053 199 1 418 894 945 190 819 264 145 1754 1643 459 918 491 1095 466 984 627 923 
29
17 31 35 51 52 59 63 76 79 87 88 106 112 113 116 117 119 120 122 155 157 159 161 162 179 190 193 197 198 
67 36
1772 1635 1571 1475 1449 1432 1373 1199 1092 806 1362 770 1736 182 97 641 743 768 435 321 1676 48 1404 516 1311 645 1430 616 653 1013 384 680 1072 73 443 739 
16
10 33 35 68 85 88 90 118 138 156 177 179 185 187 191 197 
68 42
1920 1872 1812 1810 851 514 1780 1069 891 500 1758 1330 1589 1737 418 331 1121 413 423 265 319 1387 44 591 1302 956 1058 1171 589 1300 1315 1489 1546 158 1580 1794 1715 1732 92 566 961 1751 
21
1 7 24 26 57 67 74 92 101 107 114 116 119 129 137 145 148 153 162 190 195 
69 37
672 585 296 103 216 221 922 309 3 280 1094 93 700 226 34 192 1975 158 760 762 841 920 1034 1340 1356 658 1527 1448 1281 1518 1534 1640 1864 1905 1950 56 1952 
22
0 15 29 30 38 50 75 76 80 83 89 102 115 117 145 148 156 160 173 180 197 198 
70 35
1769 1652 1721 1647 1556 1586 1438 1409 1241 1228 281 1602 196 1012 1813 185 1766 1137 116 1634 1153 1912 25 327 1287 362 1827 14 384 1608 424 551 1304 897 1196 
13
12 31 42 58 60 64 65 74 85 101 149 173 191 
71 36
2000 1924 1872 1844 1555 1417 1388 1320 1142 1103 1672 1080 1070 978 951 212 930 671 875 343 1636 785 49 134 462 92 857 487 1920 514 546 570 1941 757 1822 601 
17
37 42 56 62 73 83 98 100 141 142 153 176 184 185 191 192 194 
72 38
1914 1885 675 786 668 605 272 1678 572 677 381 1565 558 1446 74 489 1562 1821 81 1191 55 602 330 490 727 769 1509 850 1701 889 926 1145 126 1390 1512 1707 1855 1721 
17
3 23 29 33 51 56 76 77 80 81 83 90 103 130 176 177 196 
73 41
1775 774 1828 959 879 760 719 1089 76 780 389 278 1055 977 197 1949 1159 584 1065 308 1493 340 973 442 1232 1095 802 1118 1377 1202 1369 1452 1832 15 1674 1901 716 1743 1375 1691 1770 
22
3 6 37 51 53 55 63 71 78 81 89 97 111 133 134 143 153 166 168 171 174 185 
74 46
1931 1856 1854 1790 1784 762 709 835 1548 600 294 255 1217 1980 795 115 1367 24 143 123 94 777 461 856 1218 1724 1013 1161 623 1176 1177 1185 1839 1444 1223 1611 1453 858 1490 1991 1912 885 1675 230 1336 1573 
23
3 9 21 23 38 43 46 50 53 68 70 79 94 113 128 135 140 142 149 162 169 178 194 
75 35
1871 1838 1752 1750 1627 1413 1411 1735 1365 1344 880 360 955 881 178 328 1018 56 1284 174 47 1333 778 392 1110 851 459 483 1669 670 485 1256 590 794 822 
15
8 48 69 97 104 112 113 126 134 144 151 161 169 172 175 
76 33
1891 1795 1787 1762 1637 1284 1229 1698 847 836 765 691 295 234 123 259 227 116 1571 979 609 957 69 112 316 798 280 343 992 252 400 621 495 
21
6 26 43 50 53 57 62 65 66 69 72 90 105 120 125 126 135 151 163 177 192 
77 47
1958 1818 1758 1754 1640 505 425 180 809 326 1990 1516 252 1834 807 1510 307 277 593 49 592 197 517 41 1738 237 607 940 121 1142 1458 1379 655 1173 656 1290 658 895 875 1191 1587 402 1192 1266 1560 1323 1341 
22
2 5 6 8 10 26 27 37 40 46 50 72 104 105 108 113 133 144 161 175 185 192 
78 35
1721 1704 1559 1555 1776 1554 1343 1315 1231 1697 1105 1182 960 762 346 1304 268 1751 863 1679 384 958 329 588 171 504 1769 30 548 620 702 337 818 1992 845 
24
0 5 13 16 44 46 50 55 62 65 73 88 90 97 109 110 112 123 126 150 151 168 184 188 
79 29
1929 1926 1884 1669 1640 1381 1205 1178 1067 272 427 252 1986 728 117 1885 257 183 570 600 772 1779 891 873 998 1513 1032 620 1064 
23
0 5 25 33 38 55 57 61 62 66 74 84 95 97 99 110 111 122 127 143 158 174 198 
80 35
1882 1757 1700 1427 1232 1061 821 682 406 1208 1023 542 1204 1167 1056 279 1692 619 267 1230 675 176 1033 71 818 78 639 1059 430 1966 523 463 574 524 623 
20
4 13 17 22 25 43 51 53 58 69 72 91 98 103 154 177 182 184 188 193 
81 38
1988 586 401 444 148 622 122 482 380 1527 268 418 971 255 65 1027 1915 470 1136 198 1382 219 1776 828 943 1375 1449 1893 1967 1985 1590 1664 1630 818 897 1687 1005 1874 
20
7 8 27 38 51 64 72 73 84 101 112 121 123 124 133 139 149 156 157 170 
82 45
1819 1814 1670 1579 1320 1694 509 1101 507 497 416 408 75 403 444 501 185 1688 740 410 19 537 121 387 347 680 517 617 1286 654 769 799 976 818 1290 974 1122 1270 464 1096 1553 921 1158 1165 1171 
22
8 10 12 25 43 51 52 60 64 91 96 99 100 105 109 114 127 144 161 169 182 189 
83 43
1948 1780 1644 1517 1498 579 1936 514 243 508 989 406 146 294 1478 557 149 470 419 833 1166 881 1214 892 899 434 39 1066 987 1283 1076 1150 1088 334 1124 1755 1281 1315 428 349 1376 621 1490 
25
4 9 46 50 52 58 64 69 71 72 90 94 105 107 123 130 154 158 163 167 180 181 191 194 199 
84 31
1984 1696 1679 1623 1578 1480 1982 1279 1143 1112 712 1905 1535 129 1172 62 128 442 969 341 304 489 348 829 1773 256 515 952 730 1644 941 
23
0 2 9 26 28 41 56 57 79 81 93 101 104 141 160 171 173 179 182 183 184 196 199 
85 29
1944 1931 1836 1829 1509 1785 305 91 63 1100 1 1915 324 375 215 1140 58 687 1911 1837 1615 320 1690 1616 1579 395 532 651 1268 
18
5 10 15 22 30 32 45 50 67 70 108 117 120 155 176 177 189 192 
86 32
1803 1698 1370 1265 1897 1231 1107 956 420 1369 148 1522 967 930 1919 1364 994 291 1495 163 911 744 73 572 1205 835 724 576 577 234 715 939 
23
2 3 10 16 17 19 23 37 39 54 56 57 62 91 99 102 130 133 143 150 160 165 179 
87 35
1973 1873 1770 1769 1646 1896 1526 1413 1532 1347 1331 1319 1982 391 1139 1235 1198 310 255 181 218 1965 1891 226 522 1755 1718 1163 630 457 568 679 841 469 876 
25
3 5 9 10 12 29 39 40 43 45 66 88 95 96 98 119 120 123 126 129 148 162 180 184 195 
88 45
1928 1914 1835 1733 1726 1713 370 254 1159 195 382 461 757 228 70 1254 1427 147 474 338 1838 337 21 100 507 1852 114 188 1210 341 896 861 545 1470 1866 523 681 799 1058 821 691 1323 1619 1345 1385 
19
0 5 21 28 29 41 48 58 66 67 78 87 95 138 142 145 148 154 193 
89 40
1988 1768 1761 810 806 547 778 663 219 707 715 698 1791 1475 464 649 1722 104 437 1288 683 156 931 956 1511 1109 1158 1735 1182 1184 737 1369 1276 1387 1283 833 1465 1601 1638 1704 
13
27 34 35 44 47 52 69 73 93 115 117 148 170 
90 39
1991 1899 655 581 1284 402 426 160 197 715 826 116 125 1914 1203 1124 351 193 624 229 681 707 1336 637 716 677 835 647 963 685 1317 875 1428 1627 1668 1843 376 1008 1877 
21
24 49 54 60 62 67 72 76 78 83 93 104 106 108 123 131 142 145 152 178 181 
91 43
1962 1893 1693 1509 599 673 590 581 470 576 1242 631 890 427 535 995 305 1781 675 762 159 1195 570 1273 417 230 1560 296 722 1470 759 809 1142 902 1457 133 1160 1382 144 1171 1313 1424 1440 
14
0 13 35 52 80 82 86 100 118 125 136 152 169 173 
92 44
1937 1860 1854 1814 779 1704 954 258 1075 127 1945 1708 1895 710 473 315 672 1462 26 1916 731 1432 879 1582 113 34 238 1 69 1417 72 344 818 913 952 962 984 986 1788 1393 1289 1409 1587 1688 
15
8 10 29 36 40 55 68 98 108 114 129 161 182 186 191 
93 51
1919 1867 1749 1735 1723 1648 1467 1258 426 363 622 348 49 681 1790 447 328 1955 217 920 353 686 258 71 1725 1488 382 145 245 1401 58 724 1242 109 1108 451 895 736 818 823 232 864 875 1516 963 1583 872 1030 1061 1062 1190 
19
12 25 36 38 47 59 84 89 90 94 115 132 144 147 154 167 177 180 186 
94 53
1947 1744 1613 1583 1700 1542 1515 1398 1362 1306 503 465 420 523 336 1737 1579 157 1828 1038 563 748 1977 1266 1709 919 1352 325 1724 1250 513 377 317 1265 173 534 798 245 916 598 914 610 768 926 1000 706 1259 150 940 512 986 1217 1269 
22
10 16 25 41 50 57 62 63 74 83 93 101 108 115 119 122 142 147 152 165 180 181 
95 38
1911 440 551 1143 486 407 962 1984 562 35 25 1776 354 614 138 1655 635 159 642 1195 1417 279 717 1013 801 917 1879 574 1048 1238 1310 916 1469 1533 740 1688 474 1896 
17
3 13 51 56 57 79 87 88 106 107 116 121 124 147 154 159 161 
96 34
1811 1693 1658 1645 1606 1455 1415 1673 1303 1226 1215 290 1944 1537 316 27 232 759 1850 37 1468 25 1506 359 1888 1407 408 1037 441 642 862 874 890 1213 
16
1 28 34 54 56 82 87 104 108 131 136 147 160 184 192 194 
97 36
1695 1626 1579 1736 1551 1526 1516 1212 999 968 306 303 211 1641 161 1925 38 1751 1307 752 940 459 52 1914 1581 545 1833 834 349 1938 421 1324 436 486 498 763 
21
1 12 41 43 44 46 60 73 75 78 79 107 113 115 124 136 157 158 160 190 198 
98 31
1627 1863 1493 1326 1251 1247 172 257 122 1975 1864 162 1 1098 62 708 1287 1065 242 434 471 1295 1221 518 155 858 1904 720 1816 1742 1002 
24
2 5 7 27 38 45 46 54 71 80 87 92 105 107 116 119 137 139 151 155 161 168 169 186 
99 49
1850 1817 1756 1671 1642 1603 1510 1504 1423 1414 613 695 880 546 461 646 1412 543 414 424 266 1714 55 602 160 533 296 1231 1073 473 1184 675 1467 1230 781 741 820 214 846 901 131 921 1078 1145 1243 511 1380 776 1408 
25
1 11 12 13 24 34 37 48 58 79 82 86 110 121 122 126 131 140 154 157 165 174 176 179 197 
100 48
1983 1907 1852 1581 1564 1391 1232 1225 551 366 1676 254 883 1078 1742 1189 434 571 745 350 319 81 375 59 244 957 799 942 1021 1058 1474 210 236 606 623 1215 694 731 420 973 439 834 992 1125 1445 181 1129 1218 
17
11 13 14 21 33 54 71 82 91 112 120 124 132 136 176 180 181 
101 38
1853 1819 604 619 568 465 566 515 396 69 1697 586 195 1364 1601 45 970 490 786 186 666 888 1603 892 924 1627 1738 942 150 1019 1193 166 1272 1274 505 1532 1271 1587 
20
2 31 49 57 59 68 70 81 84 94 122 149 155 158 159 171 176 178 191 198 
102 50
1930 1857 1919 1840 1645 1553 1468 1374 1346 765 652 1059 1341 394 912 337 1887 781 55 1964 858 1349 638 322 63 733 115 747 36 1368 1210 183 1933 827 1133 975 671 118 829 871 856 1093 931 918 1076 1094 1279 922 1159 1290 
20
59 64 69 86 110 114 119 121 125 128 132 137 145 159 161 168 182 191 194 198 
103 46
1936 1893 1797 1694 1665 1635 1630 854 814 1939 675 1753 647 1054 625 20 653 79 153 1152 326 955 1940 992 1029 1399 927 144 381 1408 1445 1593 162 1561 1436 1120 1392 908 513 1145 1540 1080 1396 1410 1532 1538 
19
3 4 26 28 35 40 45 72 80 109 114 115 117 119 126 131 141 144 174 
104 39
1925 1856 765 396 381 288 502 264 498 893 1152 224 117 894 32 13 40 951 1583 82 1515 1505 873 1169 270 1613 900 72 1257 1904 87 956 1272 1458 1513 1600 1419 1735 1814 
24
14 22 26 33 34 47 61 64 75 77 84 90 96 109 116 118 127 138 144 147 156 163 189 199 
105 39
1968 1746 798 726 652 1614 635 435 76 853 353 1125 188 1039 1335 132 53 1237 179 145 936 979 349 1534 1466 676 1071 1542 1512 1833 490 1517 1561 681 1629 822 1691 1320 1715 
17
5 10 19 34 47 57 64 76 77 82 83 98 113 121 140 161 192 
106 26
1926 1716 1677 1326 1303 1284 1240 1206 297 1113 231 200 1745 931 1628 111 467 23 448 992 36 834 849 1024 1127 1202 
25
3 9 10 17 18 26 35 36 44 46 56 61 66 90 95 107 116 148 157 160 169 174 179 185 188 
107 31
1860 1823 1969 1784 1674 1878 1693 1582 1840 1544 1406 1288 291 199 539 22 1509 362 159 414 890 75 1514 367 204 389 596 1645 683 887 1252 
23
7 11 20 26 49 68 83 95 97 98 106 120 123 135 136 140 148 168 170 184 188 194 196 
108 51
1975 1974 1899 1856 1768 1676 1970 1654 1554 1533 1825 324 1761 260 644 1754 253 251 1361 637 1377 603 196 42 536 55 1350 36 517 184 1471 286 1470 678 1605 736 738 740 1874 1005 1074 1153 1021 92 1040 1502 1107 1121 1200 1466 1473 
20
10 17 35 38 44 46 56 77 85 90 92 94 96 109 139 141 148 158 168 171 
109 47
1891 1816 1732 1545 1476 1420 1372 1324 299 397 1322 295 110 495 233 418 335 177 399 147 621 1479 294 1402 59 93 304 39 1303 964 253 405 168 437 1446 814 925 897 935 680 759 996 1061 1133 1212 273 1300 
22
13 28 29 33 44 46 58 63 78 82 103 104 108 126 136 142 144 166 182 190 196 198 
110 42
1960 1942 1827 1722 1648 699 884 497 1365 654 543 348 1532 185 925 492 1269 1343 80 475 993 266 676 1268 1273 404 1639 217 717 763 890 118 908 916 1065 1210 378 220 1484 1608 1057 1610 
25
8 20 24 27 31 36 48 52 78 79 99 102 117 128 131 134 135 144 149 150 155 158 162 183 196 
111 43
1924 1889 1888 1848 1668 716 420 591 551 995 1180 340 118 492 1158 441 484 1557 93 142 384 320 180 338 287 728 1283 1703 755 792 844 859 877 1647 1173 963 1001 1260 854 1170 1196 1379 1435 
18
16 32 64 73 79 114 116 118 127 128 135 144 147 161 165 172 184 189 
112 47
1984 1950 1891 1763 1669 678 476 1586 993 1011 1406 142 75 1592 965 47 1453 531 191 955 224 675 1768 267 1155 1303 1808 1097 1099 1911 1121 1126 1189 1695 1300 1411 1265 1687 1608 1292 1367 1394 448 1396 518 1466 1536 
19
16 23 33 56 60 61 62 65 66 75 78 81 100 142 153 154 163 164 165 
113 41
1969 1678 1657 711 678 585 1473 517 1917 258 391 639 232 861 1451 582 898 163 583 1490 226 855 124 1012 462 1202 298 1556 746 1449 774 996 800 1943 758 837 1018 562 1115 1317 1600 
20
10 35 41 42 48 61 66 74 75 77 97 105 122 130 140 157 163 186 191 194 
114 35
1778 1653 1644 1605 1318 1301 1232 1000 1808 1216 920 891 1721 870 1818 338 491 1390 724 317 1400 623 141 345 70 102 443 1694 584 720 294 590 701 570 718 
26
2 12 26 29 30 35 44 57 68 82 92 102 103 111 117 118 120 149 157 163 169 171 179 181 196 198 
115 45
1998 1980 1921 1915 1873 1754 1796 1559 717 791 516 562 1589 450 376 433 96 192 587 179 1805 383 819 977 1158 269 1454 463 1174 1185 1230 1986 643 1275 865 1497 1279 1476 1521 1384 1542 1579 1628 1620 1699 
20
11 15 21 22 33 38 62 63 64 69 89 93 94 97 103 126 127 164 169 194 
116 31
1911 1901 1834 1789 1477 1915 1471 1435 1416 652 1043 730 16 1674 934 1781 1189 1747 415 1299 359 736 1832 1610 870 77 928 820 1116 1794 1202 
22
6 8 16 22 31 34 41 56 66 68 95 98 104 106 111 118 119 128 155 169 173 176 
117 42
1986 1912 1902 1820 1894 788 567 507 466 207 780 321 1468 121 1342 2 1761 1445 539 652 1205 403 301 237 1344 238 1718 1913 1755 1619 1040 879 1669 1067 1361 1362 1393 1562 1094 1568 284 1627 
19
20 33 40 41 44 47 61 66 69 85 89 103 110 114 118 133 162 170 176 
118 41
1786 1658 892 448 1003 852 1756 571 534 71 182 959 47 140 114 1792 607 1002 927 186 1371 379 932 1817 948 1534 1023 1094 1353 723 802 1118 1192 1016 1174 1321 1570 701 1491 1510 1530 
18
3 23 32 42 56 58 67 91 104 111 114 116 117 124 127 134 149 156 
119 50
1994 1980 1962 1892 1878 1875 1648 1491 1692 823 675 1180 610 55 569 468 805 91 1126 308 1615 1457 667 909 1390 360 1900 1584 873 662 978 899 840 919 1535 982 999 1036 1038 949 238 317 1186 1588 1114 1151 1154 1361 657 1368 
30
6 8 21 29 32 33 40 47 49 50 56 60 64 65 66 68 87 94 98 102 103 116 120 126 138 150 157 189 196 198 
120 37
1981 933 748 637 884 721 645 1792 140 1361 471 417 167 273 283 1060 1652 280 416 974 1104 1029 1058 1946 993 1072 1086 1271 547 626 1179 1209 1306 1540 1558 1742 1813 
20
2 10 32 37 42 53 54 66 76 85 87 100 107 114 119 122 133 138 151 172 
121 43
1954 1736 1591 1579 665 726 1926 583 1286 470 405 706 1298 9 1082 1193 582 135 1467 557 1223 1758 336 810 624 1019 1127 1 1423 777 1172 1239 1853 1142 194 1300 1411 1305 72 1020 1494 502 1529 
21
2 26 30 36 48 60 81 95 99 102 105 122 125 126 127 130 135 145 168 182 183 
122 41
1993 1967 1961 1927 601 1147 600 1599 532 1230 440 701 1844 738 55 138 1165 706 145 656 182 555 318 873 960 723 802 12 1603 1644 1016 1588 1114 904 1299 1227 1228 1395 1818 173 1832 
20
0 18 33 36 49 56 62 66 79 94 99 101 113 120 121 134 145 146 154 184 
123 27
1819 1783 1468 1172 1112 1304 1045 243 1429 171 88 1115 42 979 535 1798 22 688 739 27 352 380 491 441 848 623 660 
26
7 9 11 18 24 38 43 53 54 56 60 63 64 78 81 83 87 90 107 132 146 165 167 175 179 180 
124 36
1855 1642 1604 1583 1634 1412 1279 1224 1144 1128 1973 1085 1074 1060 329 652 907 1495 126 1110 592 120 1565 418 1046 269 565 1673 1599 267 489 600 101 582 804 994 
19
1 9 36 40 59 63 65 81 95 97 100 118 128 158 165 166 174 178 188 
125 40
1980 354 1094 559 34 515 1255 43 1973 630 1592 358 282 124 642 679 1234 219 140 1213 193 659 771 1689 504 188 899 974 1677 240 1030 1267 1321 300 1327 1401 1802 1328 1192 1508 
19
1 34 47 60 65 76 91 102 121 128 133 134 138 140 172 175 180 187 197 
126 48
1985 1951 1909 1876 1772 1771 1744 1741 1652 383 317 909 1158 316 184 294 86 1372 314 378 1923 106 268 1216 496 259 528 1406 1564 8 561 572 626 707 1954 295 927 1421 947 114 1141 418 1208 1407 1450 1770 1533 1582 
27
2 6 13 17 19 21 27 36 56 61 75 76 78 87 99 103 109 115 119 121 128 144 149 154 163 171 188 
127 35
1834 1736 1594 1460 1349 1343 1924 1147 1077 1912 950 1267 416 1930 1264 450 1074 408 272 121 581 1613 836 477 377 562 607 634 1911 727 789 826 1400 1215 882 
17
7 39 50 51 79 82 104 111 115 118 121 133 148 151 167 182 190 
128 31
1991 1803 1713 1696 1836 1614 1851 1444 1559 375 766 191 157 318 1117 230 1936 1603 1233 160 568 558 773 1390 798 838 839 1425 907 1620 1213 
21
7 16 18 23 30 33 47 60 61 74 102 110 111 116 124 125 126 139 153 159 175 
129 41
1939 1871 1789 167 1892 944 1610 1853 1142 564 1415 1556 759 443 926 236 473 882 503 424 892 1595 1083 1411 1490 162 1110 38 1144 70 1255 624 782 1572 493 1599 1692 520 1705 1723 1759 
13
31 51 52 54 60 61 68 87 92 139 149 175 179 
130 49
1927 1849 1845 1759 1651 1646 1633 1628 1800 1326 504 516 1802 1644 380 295 230 563 201 20 494 86 78 559 282 835 84 558 780 1150 636 729 542 779 95 964 1634 844 981 376 1008 1082 855 144 1013 1250 1286 1076 1313 
24
3 8 17 23 28 45 46 61 63 72 83 86 113 121 143 144 151 154 160 169 171 178 187 188 
131 45
1989 1952 1924 1913 1849 1870 1791 439 69 615 1877 60 837 472 1693 368 1211 638 519 1370 43 323 244 392 681 1993 18 222 683 1032 892 1084 1081 1713 1214 624 1335 736 1368 1413 1453 1514 1574 1722 1659 
20
10 38 46 51 55 59 90 96 99 103 110 137 152 160 172 180 182 185 187 191 
132 37
1953 766 436 680 340 289 1251 836 481 639 72 6 1264 216 97 161 189 1410 44 281 834 945 1537 905 958 1850 1060 1115 1371 1607 767 1557 1636 1751 1832 899 1847 
15
7 29 31 43 53 93 100 102 123 145 157 162 169 176 191 
133 45
1986 1937 1719 1645 793 423 699 1143 1998 813 1788 603 362 68 1363 917 285 1638 137 1306 1543 6 665 191 1449 162 1079 684 1128 650 666 824 866 942 950 986 1541 1970 1101 1192 1757 335 1599 1407 1418 
16
35 41 43 57 73 77 81 86 117 120 125 127 148 163 166 189 
134 48
1916 1911 1819 1809 1795 1772 1633 1611 759 1576 944 981 1536 620 546 377 1175 306 694 299 891 1261 422 274 116 165 1863 678 117 98 1877 771 837 166 1193 1778 1304 1234 682 1235 1329 1174 1332 1443 1343 1402 1431 1473 
15
3 22 47 73 75 110 118 122 125 139 166 168 169 191 197 
135 48
1992 1862 1856 1782 1734 1521 1648 621 917 1065 1176 482 1407 446 407 655 332 313 1127 22 133 190 11 1171 1728 69 172 883 626 584 663 922 726 744 1815 946 239 950 1032 1063 1564 1248 1809 1177 1399 1535 1219 1446 
16
21 48 50 54 74 76 107 110 111 121 149 157 172 179 187 192 
136 46
1995 1963 1918 1850 1812 1708 1716 847 1878 693 841 323 989 1211 1285 1655 621 817 382 158 846 1083 704 1412 1860 1149 545 782 203 321 113 903 1662 1030 1141 1474 1058 228 1650 1124 1426 1524 878 1589 1604 1656 
21
2 9 18 38 42 47 57 91 96 97 100 107 109 142 154 163 168 179 193 197 198 
137 44
1980 1770 1732 1702 1680 1671 586 1649 543 99 1394 474 548 955 225 40 1038 1937 41 724 690 1578 554 95 490 1452 729 868 1497 967 1041 1074 1174 555 2 1345 1444 1365 1156 1472 1188 1583 192 1535 
21
3 11 24 25 26 28 44 58 64 68 98 102 131 146 162 164 171 173 188 191 192 
138 47
1871 1806 1783 1699 1514 1767 661 563 896 490 1938 358 1614 1061 606 532 828 572 683 130 831 515 1653 73 1815 1341 1183 178 696 1177 248 346 1123 160 562 799 917 930 1968 941 469 1496 1034 1084 1208 1207 1365 
19
28 29 32 37 60 67 88 104 119 120 125 140 142 159 162 179 182 188 196 
139 33
1834 1715 1690 1432 1228 1180 1100 954 890 888 820 378 1674 379 365 1639 603 1052 164 123 419 109 517 1416 491 828 532 495 533 686 609 1984 726 
23
12 26 29 38 39 47 49 52 61 64 81 98 108 128 129 134 142 143 151 152 159 172 180 
140 44
1967 1962 1906 1750 573 475 401 394 801 280 79 56 1889 783 857 273 588 193 289 842 268 465 860 1464 1227 200 1384 784 1918 812 1812 864 472 867 961 1076 1991 1280 1391 1366 1450 1529 1564 1595 
16
10 15 23 38 64 65 74 99 105 107 113 125 138 142 144 180 
141 34
1985 1976 1716 1676 1627 1581 1450 1579 1098 968 965 928 1872 1798 688 146 129 1497 17 493 697 315 19 1316 835 1759 390 363 474 1176 547 263 633 864 
20
1 9 14 17 31 36 71 84 103 108 152 159 163 165 166 173 181 182 197 199 
142 35
1680 1584 1445 1412 1393 1414 1229 1168 1124 1017 1644 867 1147 851 152 149 1141 734 99 109 466 856 560 190 338 1540 393 699 784 1736 589 1971 787 307 825 
18
7 22 45 71 74 88 90 94 109 112 136 138 139 140 167 172 188 195 
143 48
1976 1898 1890 1826 1762 1733 1556 727 1023 716 1160 660 658 1534 191 1005 723 1056 834 281 1993 413 18 137 564 3 1612 585 743 928 71 313 76 742 1112 1334 745 751 833 892 1077 1825 1114 1035 1315 1236 1426 1268 
18
0 3 31 36 41 49 60 65 73 79 86 130 139 151 153 167 176 180 
144 35
1978 1716 1715 1580 1554 1451 1964 1409 1388 1341 1301 1222 1944 427 104 1787 529 699 256 1233 715 317 142 23 599 1976 718 1949 1209 1024 1667 668 838 957 836 
20
6 32 38 75 77 82 93 103 104 109 110 111 126 130 140 146 152 159 164 168 
145 42
1871 1706 1163 473 1698 513 405 390 279 554 1857 435 350 162 445 1549 364 660 259 261 1870 369 527 669 439 676 716 1345 1673 804 1100 1091 1172 204 1468 1362 139 1403 460 1566 1615 1672 
20
8 9 41 42 48 62 68 69 88 90 102 121 122 132 156 164 167 169 192 194 
146 36
1959 1616 1394 1277 1168 1035 999 996 955 1364 661 125 1913 1580 1469 100 68 28 385 562 1942 647 10 1607 1015 164 127 1407 1 297 1822 712 416 157 189 376 
15
3 36 41 43 48 49 64 122 123 137 144 153 169 192 193 
147 39
1983 1942 790 1012 781 1151 704 718 565 2 18 1519 366 1630 700 885 1713 1160 1476 54 922 685 56 379 1365 338 168 419 1130 985 1059 992 1436 1252 1316 1531 1586 997 1708 
15
5 8 14 47 52 58 93 94 95 96 104 111 150 170 196 
148 39
1903 571 526 1957 1562 535 365 1312 838 362 138 780 1409 1264 1703 123 68 508 34 1307 1070 433 117 1144 136 998 1220 1294 1055 116 1064 1184 1194 949 1265 1672 1383 1572 1602 
18
10 23 40 49 59 63 68 69 87 88 89 106 107 108 127 133 167 198 
149 35
1997 1913 1911 1814 1736 1673 1450 1861 1380 1771 1290 1733 1363 1178 315 43 434 520 1418 1270 160 282 430 578 1020 569 873 879 1162 1125 903 1056 1719 17 1016 
29
6 9 19 20 25 27 29 38 42 70 74 81 101 110 114 118 126 129 135 151 154 158 169 174 176 178 191 192 195 
150 37
1963 603 540 489 1451 760 1833 621 658 1176 1509 400 1732 152 567 397 675 1415 290 1696 347 924 1916 1442 464 148 385 1096 1138 1160 1291 1483 1816 1718 1857 1869 1929 
17
1 16 30 33 44 58 78 86 110 119 147 168 169 171 172 183 192 
151 44
1892 1852 1755 1753 1799 1720 1750 644 994 1179 432 439 1071 242 8 1414 230 546 223 1481 366 255 368 921 332 717 595 578 1318 700 898 137 1638 1041 1870 1080 1176 1206 680 1391 1242 1501 1338 1410 
21
2 3 6 9 15 75 76 78 98 120 127 130 139 143 149 164 179 183 184 193 198 
152 43
1984 1981 1768 701 220 608 607 1790 52 544 1580 316 916 1996 416 1756 1045 178 1325 713 139 218 769 295 1894 1183 261 1056 819 1132 1340 593 1462 1536 1542 1690 1549 1660 1734 1565 1163 926 1716 
18
3 4 14 44 52 90 91 94 131 139 141 144 161 168 189 190 191 198 
153 35
1438 1386 1370 1490 1453 1342 1445 1334 1738 1442 1257 1224 1212 386 434 1165 203 1495 866 1817 41 142 1846 107 1339 599 1974 1160 612 666 785 643 1013 1528 1047 
23
3 5 11 12 20 33 37 39 47 49 51 57 61 68 71 73 112 128 143 146 173 177 198 
154 47
1699 1690 1669 1654 1599 1571 1519 1518 489 404 344 902 575 1420 235 266 1228 1487 147 221 961 26 1636 214 732 1951 1398 352 1717 216 220 1330 736 990 1000 1302 1223 1482 1428 643 1433 411 1122 1280 1438 713 1503 
23
5 27 35 50 60 80 83 88 93 95 99 112 122 126 130 136 149 158 160 168 175 181 191 
155 37
1880 234 159 1121 599 531 356 514 1328 27 34 1773 201 48 127 1829 3 120 638 620 660 742 764 865 1605 886 1017 1203 377 140 1246 1538 1543 1682 1556 1793 1743 
11
36 66 85 98 101 110 116 173 183 192 198 
156 40
1990 1937 1902 683 239 257 494 235 460 513 39 1979 715 4 1048 337 919 1077 198 119 327 643 722 758 1350 821 842 877 812 891 1061 1288 1510 885 1359 1448 187 1688 1849 1874 
16
5 10 34 36 41 43 67 69 81 104 118 145 165 170 191 197 
157 39
1966 1936 631 515 654 467 433 1580 1473 51 170 1584 873 1670 11 528 1601 217 1851 271 687 1003 1373 1055 597 913 1308 1338 1430 526 1553 1849 622 69 1570 1692 1720 1066 1777 
26
2 4 8 24 28 35 36 42 55 56 66 81 97 99 106 113 114 119 132 135 160 166 171 172 188 191 
158 29
1865 1568 1429 1715 1419 1163 1599 1081 1070 1069 1820 1006 516 252 490 472 136 833 195 174 854 1299 559 431 653 757 869 920 887 
16
27 35 56 58 60 79 83 97 101 108 110 124 149 154 179 182 
159 39
1908 1720 636 846 624 1512 353 1389 783 1116 1561 613 1057 137 34 1181 593 1427 321 1188 1632 403 1106 199 808 281 1391 878 923 1649 1175 1619 1271 1819 1345 1319 742 189 1453 
14
0 13 32 54 66 95 101 102 128 138 139 141 144 164 
160 46
1936 1862 1834 1628 1593 1566 516 462 943 980 399 701 385 237 1655 549 413 228 1486 1523 379 1193 1452 132 1684 104 449 1263 629 1369 350 716 767 1824 876 964 1038 1669 1037 1068 289 1158 1244 1534 1455 1459 
22
20 27 31 47 51 58 63 69 84 86 96 97 106 130 131 154 157 163 165 170 171 195 
161 44
1765 1735 1591 1559 1539 1475 393 378 711 339 894 270 30 247 119 277 841 37 46 302 144 1069 1356 1892 233 549 771 602 704 1673 725 1014 61 1088 1273 1126 1316 400 1427 1344 477 1346 175 1360 
22
5 9 17 22 24 40 42 51 62 66 75 77 82 92 95 98 102 105 111 152 187 188 
162 43
1951 1881 1818 1771 1709 514 362 265 219 63 758 57 391 280 724 1033 85 111 1454 1491 116 1999 893 1900 1189 494 178 659 1361 1598 639 499 657 874 333 886 905 231 1179 525 1552 1236 1385 
21
8 15 24 30 34 63 66 68 74 87 110 117 132 137 138 168 172 173 185 187 195 
163 43
1979 1854 1846 1837 1793 743 762 1428 1658 1500 514 575 654 137 91 725 646 919 676 1416 1447 115 747 220 1647 304 68 779 805 912 1282 996 433 1144 1035 1209 1051 1606 1090 853 1248 1424 1629 
23
8 23 27 28 35 47 76 83 104 112 113 114 126 133 136 141 160 173 177 179 188 195 196 
164 28
1670 1496 1439 1344 1173 1921 1107 383 361 175 239 1938 902 698 550 1891 78 1077 1916 695 728 1267 1119 157 823 997 918 1066 
15
3 13 38 48 112 115 137 144 145 151 159 174 175 183 184 
165 40
1941 1933 1883 605 602 569 547 1250 395 740 1135 4 406 372 168 318 1835 216 185 1844 770 1560 254 852 1980 874 877 1469 1680 1156 1160 1239 1303 1699 1051 1446 339 1129 1366 1840 
17
15 42 50 86 94 99 111 112 123 124 141 156 160 170 187 192 195 
166 33
1882 1723 1683 1645 1603 1513 1410 1343 1300 1219 1103 316 322 266 827 379 601 1810 1440 737 839 1667 1630 890 497 682 1398 732 600 970 1511 216 808 
14
7 73 109 124 133 134 141 157 173 180 182 186 191 199 
167 32
1971 1713 1561 1553 1344 1299 1578 1282 1560 1227 1207 1724 1169 1039 310 1896 231 401 99 469 531 161 91 958 1988 286 1026 404 423 436 449 546 
22
2 18 20 25 27 31 45 58 63 83 93 123 127 142 143 145 148 172 182 192 193 197 
168 58
1859 1841 1816 1813 1668 1666 1533 1516 1404 1244 1230 1191 1730 466 1899 319 1554 1159 1917 258 591 250 898 169 206 1578 946 426 18 1760 1128 17 57 1887 1650 386 70 72 232 74 627 617 530 767 778 790 1807 938 896 824 903 919 956 1171 934 1003 1057 1136 
25
6 20 24 31 51 60 73 78 98 102 107 108 121 134 136 144 150 152 154 162 169 171 187 188 190 
169 39
1963 1870 1850 741 334 8 680 311 391 479 1104 524 489 252 288 769 101 91 1423 859 227 799 1206 105 895 459 1012 849 1086 1604 1204 1737 1500 1611 1558 1609 1714 1744 1823 
20
25 39 59 74 75 82 91 98 106 114 115 116 130 132 134 145 146 149 150 168 
170 32
1921 1920 1883 1807 1788 1689 1671 1392 1160 1136 1013 1855 930 299 1912 284 369 254 84 917 17 238 427 555 599 667 1687 503 688 721 1895 859 
15
9 11 22 27 46 53 54 81 89 107 117 147 156 160 165 
171 39
417 383 312 302 409 1959 853 222 1854 37 444 170 429 1280 422 320 24 1208 1319 252 622 1103 184 41 194 434 1938 674 890 969 1019 236 1105 1150 1213 1842 1411 1646 1804 
19
1 7 8 19 37 56 73 84 101 108 114 126 130 137 150 157 160 168 199 
172 38
581 322 465 563 455 233 1269 1793 371 576 1050 221 792 232 861 125 46 1674 653 672 363 679 1197 553 948 385 1096 1281 1031 983 1299 1794 1320 463 1727 1471 1243 1480 
21
1 5 10 39 52 59 75 111 120 125 131 135 139 142 150 157 162 167 176 185 199 
173 53
1879 1878 1782 1842 1763 1700 1397 1396 1354 722 1945 602 513 1285 1989 567 735 498 1662 477 538 1204 271 113 1690 900 31 1821 478 1292 1600 257 288 1028 1324 744 1040 1925 1688 582 819 400 874 932 1000 1146 1294 1163 1175 1271 1306 1340 1341 
16
22 28 29 39 69 70 84 91 116 137 141 153 155 162 163 166 
174 44
1792 1689 1685 1554 850 772 857 620 1668 562 1327 537 626 389 618 1062 1812 74 852 70 336 798 446 1519 873 1354 991 993 1474 1059 1066 1084 1635 1161 1741 1346 1202 1270 1367 1374 441 1389 1305 1463 
13
6 25 29 73 79 99 103 106 124 149 164 178 180 
175 39
1813 843 737 219 652 583 462 972 1416 161 1789 130 1536 644 621 1569 276 1002 335 318 307 992 1952 925 1004 1006 1050 1198 1076 1155 1185 1200 417 1681 1289 743 1770 1463 1581 
18
24 40 42 44 50 53 57 61 75 77 123 125 128 129 154 164 181 191 
176 47
1932 1754 1651 1492 282 1207 1318 231 224 1456 113 1740 2 199 117 89 1199 1520 335 19 225 110 1358 15 94 346 531 938 1123 1741 398 1451 582 825 1720 851 959 1020 1134 1165 615 1247 153 232 1180 1259 1348 
30
0 4 9 14 18 22 26 34 40 42 45 54 57 62 71 72 85 99 100 101 116 117 132 143 149 172 190 191 192 195 
177 40
1919 1881 1860 794 685 1206 574 677 658 114 718 412 893 725 93 1041 1374 255 140 298 1408 309 1197 1880 932 1146 1479 1153 1241 720 1668 1352 1437 1622 1452 1498 777 935 1251 1646 
20
2 7 18 53 63 64 67 72 76 80 85 93 153 163 178 181 183 186 191 193 
178 53
1982 1768 1766 1746 1635 1612 1528 1472 629 641 1780 437 303 183 1421 236 749 1267 723 94 1401 1322 137 566 1348 5 158 1894 1815 709 156 476 871 1266 759 1129 1979 83 794 800 836 1095 1956 929 1316 733 1049 983 1141 1222 1282 1283 1297 
16
6 23 29 36 64 74 90 101 124 130 149 174 177 180 183 192 
179 34
1665 1651 1652 1504 1485 1122 1649 1094 909 1394 839 774 1956 772 1089 275 1113 3 292 445 573 229 216 549 115 510 601 1627 628 124 679 1750 640 746 
23
8 13 16 19 26 29 33 52 66 67 84 86 99 106 114 123 129 135 136 138 151 158 163 
180 31
1869 1613 1578 1494 1434 1419 1177 1159 1176 325 1367 1071 257 453 459 1836 467 536 410 632 321 284 802 1228 1006 894 1847 959 1517 1036 1053 
20
0 2 17 62 69 83 87 93 94 100 123 125 131 139 140 143 166 174 178 191 
181 43
1983 1911 1857 1853 1823 1768 518 891 840 137 466 429 1058 684 18 319 1059 169 1078 1337 1522 179 866 985 274 1088 961 1081 1747 613 1087 1896 1106 893 182 1130 1172 1635 1015 1647 1692 1492 1729 
18
15 28 52 54 61 63 83 90 94 100 114 141 154 175 177 183 190 197 
182 30
1833 1753 1486 1412 1238 1181 1146 1099 187 340 9 1097 468 1381 604 1456 901 161 190 141 587 254 262 196 381 904 534 954 325 556 
20
1 23 53 57 80 82 84 92 102 109 121 127 131 138 141 158 166 167 186 188 
183 42
1600 1554 563 493 160 276 50 1308 456 1325 42 1947 1078 703 246 1036 1875 1085 1480 550 499 92 735 261 125 1186 791 602 141 852 862 874 944 1835 1677 1203 993 1035 1143 1373 1403 1524 
17
3 27 31 49 57 59 84 110 121 150 151 155 164 177 178 181 199 
184 30
1997 1840 1835 1669 1824 1602 1436 1333 1863 1234 1172 151 450 1985 394 1023 1630 187 2 563 1022 56 641 546 657 673 1882 698 750 1157 
18
0 12 13 19 35 37 40 71 78 80 84 87 96 107 111 122 151 164 
185 38
1974 1965 1127 1091 785 1377 1414 1858 501 1426 1796 1554 19 1144 117 1447 1928 601 1415 533 539 1760 29 1544 392 1261 6 1270 1512 1604 1715 1077 1630 1740 407 249 1750 1911 
14
14 28 30 44 67 71 73 77 106 131 162 172 187 198 
186 33
1773 1715 1378 1311 1164 1939 1162 1104 1037 1092 500 259 684 1843 252 1408 298 893 995 88 138 1987 988 522 1627 1516 1183 628 1750 788 839 948 1031 
14
24 25 45 58 63 92 93 98 113 166 177 182 188 189 
187 40
1966 1872 1817 552 1588 698 587 534 1237 459 1347 737 342 146 1838 21 1679 178 609 1164 269 230 1445 825 832 1165 837 884 1109 1368 298 1246 1388 1393 606 1396 405 1511 1517 1707 
17
5 8 14 20 38 57 67 125 130 131 135 161 162 165 168 185 194 
188 46
1979 1852 1714 1701 1607 1511 566 1285 327 605 316 138 612 471 945 380 108 419 863 96 322 118 1043 1815 156 1561 139 1397 1779 120 635 857 702 813 998 992 1355 1168 1769 1216 269 1375 1059 1217 1222 1409 
20
15 17 33 56 78 80 106 107 124 126 130 137 138 142 157 161 163 168 182 186 
189 40
1686 640 1121 1158 1734 549 1511 497 318 1211 205 20 34 552 959 74 200 1774 1458 1536 981 112 286 365 1629 1928 664 409 93 1515 795 931 961 550 1024 1304 1262 1045 1282 1580 
15
4 26 31 37 44 55 61 82 85 104 111 119 133 152 186 
190 38
854 759 765 653 1302 924 1405 1627 754 569 532 584 218 1772 748 195 1342 1102 1181 423 978 1274 936 1979 636 1031 1327 256 1362 281 1466 1325 1720 1756 1876 1797 1422 1817 
19
5 17 20 23 26 46 60 65 66 68 97 109 127 152 168 176 181 193 197 
191 41
1947 1940 1798 1792 881 252 805 763 648 685 383 1567 75 1074 1691 807 17 498 120 1964 779 324 1667 294 300 1017 1609 1024 1424 1661 1179 1227 1523 1352 1426 1391 544 1413 1448 1143 1459 
25
0 45 47 67 70 71 83 92 101 102 113 131 132 134 137 149 152 154 156 157 166 175 176 177 180 
192 38
1966 1912 496 481 476 940 1177 315 302 1227 1301 288 169 206 59 777 461 535 359 256 1588 287 284 363 521 665 862 1434 1750 978 1111 1299 1010 1484 469 1891 653 1601 
25
19 40 43 48 51 58 62 71 76 77 85 96 105 135 137 145 146 149 150 155 165 167 176 178 195 
193 37
620 435 1249 1841 425 1757 480 378 45 618 100 363 1955 375 1855 171 491 1897 372 66 342 349 678 761 851 942 1212 975 900 1216 1282 1363 1918 1444 1537 1698 1753 
13
14 30 52 66 80 88 136 146 151 167 177 190 198 
194 47
1876 1797 1718 1940 518 876 580 106 1625 282 291 1318 253 179 499 1936 40 1298 5 463 1055 184 682 714 638 717 1420 1853 826 917 1957 1799 1641 1009 1026 1342 1670 1038 1723 1328 478 320 1347 562 167 878 1510 
15
0 16 24 51 63 71 74 83 96 102 107 113 115 145 187 
195 41
1916 1771 923 1367 741 1370 940 703 513 1987 91 642 557 113 1075 64 730 341 1673 475 492 1025 857 1173 1580 1617 1188 1207 1293 1688 1230 1323 629 1656 1350 1825 1351 1468 1868 1631 1712 
17
9 10 32 40 44 48 55 68 87 142 149 160 162 163 165 176 192 
196 44
1922 1912 1902 1773 1711 1567 562 192 1587 7 538 584 533 126 604 789 937 77 1483 335 1835 97 719 1134 976 1161 1346 786 778 1555 390 943 925 1004 194 1063 468 1100 532 1164 1303 790 1501 1505 
14
37 42 55 72 84 107 109 110 114 119 138 147 163 197 
197 29
1982 1777 1706 1652 1869 1499 1717 1458 1301 1191 515 1716 14 942 609 1108 35 654 1557 1409 262 780 708 967 1036 96 1132 122 1158 
17
1 15 36 44 66 67 69 99 125 134 136 141 156 167 181 190 196 
198 44
1963 1912 1824 1721 1649 1533 1407 1548 442 393 337 38 1209 369 115 352 233 973 61 404 91 297 139 465 567 715 637 669 1076 113 745 767 217 770 845 947 1037 247 1353 958 1121 1042 1204 1389 
27
6 11 20 25 26 33 36 43 50 60 66 69 79 97 101 102 109 114 119 136 148 151 152 153 155 185 193 
199 46
1987 1922 1696 1774 1695 475 386 499 1958 536 363 23 1851 903 1614 820 1634 21 1141 983 757 1534 94 287 1823 796 1941 1388 1493 987 1001 1675 1122 1171 1250 1435 235 1341 1342 1638 1602 1387 202 1624 1512 1670 
15
0 3 26 30 39 47 50 83 84 104 141 166 171 172 183 
