200 1000
59 68 19 27 32 10 48 11 62 65 21 61 13 62 3 14 84 28 67 97 
91 84 36 49 21 44 38 75 40 19 76 98 38 94 76 22 55 23 32 68 
39 4 29 4 17 83 17 100 10 35 48 52 18 35 1 38 30 90 64 70 
61 40 19 50 85 47 71 92 21 54 59 60 57 87 63 73 21 31 25 31 
65 24 34 83 59 34 72 88 76 36 9 36 27 80 85 11 26 8 54 98 
61 13 9 70 51 71 94 72 53 18 54 70 42 87 4 52 73 75 91 48 
62 52 35 88 31 71 51 8 78 4 5 91 16 14 12 19 36 5 42 41 
75 95 10 68 33 65 19 57 39 9 56 1 60 90 40 42 13 90 1 42 
94 58 84 61 71 95 79 58 52 72 98 26 18 59 93 3 23 63 59 14 
23 15 66 35 56 5 28 20 95 29 62 40 86 45 100 8 92 31 65 43 
54 15 20 72 25 64 74 100 26 84 13 100 50 30 34 6 86 62 77 32 
90 38 71 27 35 23 34 26 5 50 20 58 64 39 29 41 2 54 40 79 
90 4 78 39 33 12 96 70 25 73 2 66 62 24 92 96 46 77 73 2 
26 92 60 42 82 40 82 83 46 73 13 35 76 91 73 60 54 69 29 78 
93 82 43 54 6 86 50 3 62 74 5 39 18 16 32 99 55 13 34 52 
85 46 86 12 88 59 71 41 79 52 18 71 85 12 24 42 97 25 97 10 
51 53 1 68 68 32 18 74 97 3 26 33 49 11 45 36 21 67 77 99 
70 46 21 55 10 45 48 58 21 44 68 71 96 20 38 63 3 8 89 99 
10 14 84 10 76 80 46 97 98 74 47 68 71 68 74 80 64 21 38 36 
65 57 7 12 76 96 75 30 3 63 81 13 28 64 74 3 43 19 51 92 
44 50 11 67 69 84 46 84 57 35 19 73 91 25 84 18 73 10 48 75 
24 80 39 3 43 13 6 37 83 8 28 79 9 39 45 77 74 42 60 82 
29 79 54 19 55 90 89 27 51 88 54 75 67 44 77 9 8 34 97 91 
94 76 21 2 66 17 31 92 10 90 73 38 20 79 57 27 20 97 53 70 
84 58 96 2 2 73 62 9 58 58 51 3 85 23 5 51 39 87 42 1 
28 66 38 48 44 46 74 63 42 78 85 77 88 80 30 41 4 91 1 14 
100 52 16 85 26 72 35 17 58 28 17 86 93 54 85 89 52 10 3 45 
39 87 22 26 19 51 66 22 94 67 35 93 70 3 77 47 74 63 63 84 
42 31 69 87 37 5 75 88 14 77 32 52 16 53 30 34 56 47 7 1 
13 42 93 34 44 22 81 69 36 43 52 78 26 72 64 62 76 90 49 41 
18 80 45 33 85 74 18 92 20 25 92 85 18 84 18 61 57 98 81 93 
93 33 22 18 4 37 79 32 26 79 72 43 58 16 28 94 89 45 85 61 
21 76 45 38 12 62 98 68 12 79 12 56 63 33 25 66 21 55 97 46 
33 21 41 90 36 68 36 77 64 20 37 85 48 33 22 59 46 72 78 9 
2 42 64 16 74 40 33 95 94 82 92 26 2 32 68 37 51 3 65 67 
74 1 3 21 85 76 31 31 99 9 39 52 50 3 67 75 94 100 21 88 
81 65 65 82 48 32 70 51 86 35 17 60 87 71 80 72 46 11 2 97 
71 92 48 72 94 15 46 40 66 19 27 46 83 91 79 30 75 100 32 60 
34 48 19 73 70 51 44 16 13 97 64 83 88 11 54 34 77 51 73 94 
21 99 39 3 41 69 85 15 69 16 75 54 16 45 26 85 95 21 52 7 
17 15 41 57 78 46 90 6 97 14 100 17 64 90 72 4 59 56 71 79 
23 97 32 90 41 58 75 88 30 26 46 47 93 87 55 70 32 96 75 80 
9 26 97 24 16 20 79 74 27 49 52 49 45 35 39 38 44 65 25 74 
42 70 72 86 8 26 55 40 73 82 71 81 7 19 56 22 38 34 47 64 
35 50 65 79 85 55 16 28 71 92 1 12 62 24 98 69 49 4 60 21 
37 31 53 96 49 60 69 39 94 16 54 80 65 18 58 1 24 26 29 94 
17 81 6 30 5 55 51 5 10 10 78 47 92 82 42 93 94 10 31 87 
77 84 18 94 54 75 94 77 52 74 23 21 7 80 50 63 34 52 19 43 
62 48 41 5 30 82 97 23 44 79 61 72 15 78 65 68 4 11 96 8 
36 18 28 94 97 29 56 82 81 75 77 94 22 17 50 3 51 99 77 94 
2 39 63 83 27 78 61 76 91 86 85 4 99 72 44 61 45 41 92 34 
58 34 77 69 68 76 34 57 1 97 54 2 87 68 37 13 97 49 89 88 
34 73 91 32 97 34 45 41 26 36 26 84 69 54 4 89 29 90 45 30 
86 50 83 25 69 19 37 65 67 77 52 52 50 95 36 98 28 80 38 6 
15 15 41 35 68 44 23 96 85 67 77 23 68 60 47 36 30 83 53 49 
12 4 100 61 98 35 10 78 66 47 83 80 13 23 15 80 18 89 27 3 
56 4 77 75 15 23 63 96 57 15 44 68 18 44 80 68 30 89 45 48 
87 79 27 99 53 93 78 22 82 57 76 89 12 52 15 26 74 77 21 31 
43 17 98 13 12 78 80 41 66 76 40 53 6 67 51 58 11 81 79 44 
37 7 84 48 58 99 25 32 27 97 14 70 13 11 34 24 40 13 17 58 
40 56 10 45 74 12 54 37 44 84 32 32 90 16 31 48 66 7 31 44 
4 44 65 68 54 98 44 46 62 60 3 1 67 64 97 93 75 50 81 71 
86 12 2 75 79 33 22 44 39 4 40 94 47 4 62 53 2 5 98 63 
16 52 16 34 15 12 26 41 14 6 11 99 70 13 73 48 97 47 44 87 
50 83 81 49 38 94 1 91 50 50 6 65 1 21 98 15 84 76 55 97 
33 66 95 54 30 20 2 78 18 97 64 19 31 96 67 68 89 67 59 38 
16 64 54 68 36 4 82 19 79 37 16 63 54 62 17 35 33 70 12 50 
66 27 69 96 23 35 15 11 54 73 1 21 88 54 89 23 57 70 42 87 
58 57 50 63 70 66 97 3 87 8 4 52 35 24 99 9 59 13 19 64 
86 71 84 73 25 24 96 33 94 89 20 3 97 69 66 66 86 14 20 72 
74 76 75 8 99 73 68 57 85 38 72 22 9 56 47 85 79 94 17 24 
82 36 79 78 56 44 95 41 57 15 64 30 90 38 89 88 62 8 97 47 
46 20 68 54 75 66 38 6 59 54 81 40 42 59 17 97 54 12 90 63 
78 53 44 67 43 85 6 4 92 54 2 37 74 22 90 100 87 79 57 46 
85 38 85 26 48 54 22 2 65 63 16 42 16 59 60 10 43 17 65 35 
23 67 71 48 88 13 47 74 91 4 71 75 93 56 52 92 9 74 93 25 
36 8 18 3 67 29 64 61 97 29 95 19 47 18 66 34 82 65 59 24 
20 30 51 12 37 2 3 97 27 48 21 15 7 90 69 25 18 33 86 14 
13 32 85 59 1 2 44 82 66 2 58 85 83 8 48 19 61 51 15 88 
50 87 54 56 76 22 81 45 6 18 11 18 49 95 28 50 96 23 83 14 
25 40 98 59 47 46 30 60 48 96 47 97 83 100 52 10 21 84 55 79 
1 65 48 2 11 76 51 58 98 85 71 74 25 21 85 23 18 14 82 65 
9 80 13 91 79 16 53 52 100 7 30 52 23 77 53 85 4 55 94 54 
40 65 27 64 37 11 38 54 24 72 70 85 51 82 27 82 49 79 33 48 
37 14 52 11 42 4 95 46 59 89 51 98 5 77 13 93 40 2 46 15 
73 67 99 24 100 26 5 48 56 89 48 93 54 99 3 95 2 50 92 12 
90 42 61 94 71 73 86 10 27 83 24 99 1 75 74 100 52 30 99 7 
70 46 51 23 96 6 70 98 55 13 9 44 7 22 89 77 94 26 38 72 
60 13 23 60 39 96 11 90 78 9 97 47 7 99 22 2 4 43 51 58 
7 12 53 13 33 93 41 78 18 30 50 29 43 72 88 33 19 50 23 96 
11 71 95 69 69 68 70 73 10 73 82 16 84 87 81 16 79 21 45 49 
51 94 77 45 17 17 77 36 18 51 83 28 21 29 96 90 96 18 14 57 
90 47 73 25 33 5 92 64 25 36 12 27 82 40 23 98 56 52 85 74 
2 68 53 23 96 1 64 92 70 29 48 59 75 72 35 60 28 26 23 53 
61 86 31 94 25 6 92 33 57 76 6 58 43 10 32 91 10 47 34 79 
27 81 89 2 5 23 13 32 100 87 36 13 72 19 6 96 24 97 28 80 
25 85 89 19 95 21 9 56 19 42 87 46 75 27 99 31 2 11 14 1 
97 50 13 20 20 71 15 43 67 95 74 43 79 62 62 25 82 22 33 53 
64 19 98 90 45 96 20 46 58 85 99 54 34 11 73 5 33 39 47 100 
33 20 94 64 82 55 88 15 29 20 67 44 90 16 33 35 11 4 32 68 

0 19
944 869 865 717 187 207 799 275 127 8 116 291 440 542 780 487 657 553 775 
21
2 3 22 32 43 44 46 57 58 71 72 82 83 93 95 115 124 142 171 182 190 
1 30
989 768 739 682 533 992 437 413 131 318 631 39 156 394 708 79 458 51 196 798 206 732 658 325 218 371 114 262 296 401 
18
7 17 21 30 46 52 65 87 89 112 120 135 151 169 181 190 198 199 
2 25
988 976 303 167 36 881 733 965 3 866 496 931 598 734 986 98 744 35 477 380 834 723 748 889 815 
21
0 10 17 61 66 80 83 99 101 103 109 129 131 146 156 170 174 177 192 194 196 
3 27
989 933 906 851 801 648 640 718 533 211 33 356 753 161 484 650 206 73 301 350 261 372 423 436 439 186 519 
26
0 10 12 23 49 56 58 60 68 69 78 82 86 89 90 100 116 125 129 133 145 146 152 174 178 186 
4 25
813 952 693 599 575 131 153 476 150 822 82 422 222 679 494 299 364 368 922 182 404 540 978 238 423 
24
9 18 23 38 54 56 57 60 63 67 69 78 87 96 102 120 122 126 128 140 161 166 176 194 
5 21
771 757 285 864 642 138 945 131 342 46 111 60 976 347 415 395 425 288 473 482 530 
19
16 30 38 40 59 61 67 77 129 135 139 151 157 158 160 162 166 167 177 
6 29
908 875 852 844 787 719 715 595 919 179 668 298 573 163 146 948 171 23 448 189 680 606 310 531 165 313 432 453 555 
14
8 14 21 34 40 44 49 62 69 71 107 116 142 166 
7 20
997 819 192 610 98 21 735 786 281 655 891 817 706 185 518 82 563 622 145 737 
19
1 9 12 17 20 29 36 39 49 63 67 74 82 87 96 104 144 168 191 
8 27
920 901 885 856 844 795 831 757 740 286 249 204 238 544 954 584 697 105 717 347 40 484 528 773 588 616 628 
23
6 18 32 34 47 48 57 63 67 84 102 110 122 124 131 144 155 171 175 185 187 189 192 
9 20
938 889 768 278 21 121 79 854 77 335 550 365 388 394 174 581 619 663 673 732 
24
4 7 10 13 16 19 38 41 43 44 56 61 81 97 103 106 118 130 131 138 154 157 175 179 
10 21
983 937 858 843 825 286 250 454 186 402 77 45 304 432 433 462 515 533 682 98 801 
28
2 3 9 18 23 25 29 31 35 46 47 61 83 93 98 100 108 115 119 129 134 137 147 149 159 181 182 190 
11 15
995 723 588 931 574 211 19 96 159 643 201 8 460 341 69 
19
18 44 48 50 61 73 93 94 107 119 128 130 150 157 163 180 188 193 195 
12 19
954 831 828 137 639 275 16 167 338 282 393 561 595 20 501 612 546 731 740 
23
3 7 17 30 40 44 50 52 61 72 80 104 108 112 121 125 158 159 163 168 170 171 194 
13 17
256 89 429 84 80 8 264 470 629 16 756 682 770 855 981 796 928 
27
9 15 17 20 44 45 47 50 58 73 79 81 83 87 89 91 98 108 122 131 132 155 156 157 190 196 197 
14 25
934 903 886 770 739 706 232 171 913 173 358 90 271 397 828 236 421 557 766 137 433 452 468 529 556 
29
6 19 38 45 49 50 57 62 66 68 72 85 91 98 100 104 105 114 121 131 137 143 153 155 157 163 175 187 195 
15 21
946 817 816 799 270 900 12 692 161 42 314 56 738 356 570 78 300 633 279 538 649 
18
13 18 19 25 51 53 56 67 76 81 82 84 88 103 105 109 155 174 
16 18
237 560 470 181 107 736 88 861 10 469 36 843 251 353 372 573 609 771 
21
5 9 24 30 38 50 54 65 82 96 101 110 125 127 137 148 149 175 177 194 199 
17 22
878 863 778 750 706 177 72 200 404 25 433 113 57 244 346 635 216 687 243 252 794 424 
26
1 2 7 12 13 22 27 34 37 47 56 57 69 78 103 117 129 130 151 155 166 170 186 187 192 198 
18 18
871 170 340 731 160 109 125 112 18 188 545 270 317 809 328 523 665 675 
24
4 8 10 11 15 32 46 56 59 74 75 80 83 94 96 101 103 120 126 139 177 181 184 197 
19 16
971 759 690 320 302 247 833 816 102 769 123 542 49 105 122 173 
24
9 14 15 23 24 37 44 48 54 62 83 87 101 112 114 116 117 133 142 144 156 160 184 187 
20 21
975 970 949 869 265 192 19 393 631 848 256 297 186 397 417 530 538 664 553 627 728 
21
7 13 22 26 48 53 56 57 58 106 109 114 120 127 128 130 168 173 182 194 199 
21 17
312 703 822 150 155 920 78 1 15 389 406 508 953 509 552 679 790 
27
1 6 35 58 64 66 67 86 94 96 107 119 127 129 139 146 152 155 158 162 166 173 177 182 187 192 196 
22 21
929 927 853 846 320 280 247 232 763 504 572 81 193 686 737 322 360 466 475 512 709 
23
0 17 20 31 48 53 58 63 64 67 69 84 97 134 140 141 144 157 165 180 187 194 195 
23 23
974 913 698 596 124 90 42 949 246 820 191 44 237 441 594 329 334 427 59 466 500 860 564 
27
3 4 10 19 24 26 27 46 49 74 76 77 79 88 93 123 129 132 137 138 156 166 182 184 191 192 198 
24 19
987 935 374 85 410 43 155 451 81 458 471 845 666 684 901 753 776 104 807 
17
16 19 23 26 35 55 63 98 102 150 164 176 179 184 193 194 199 
25 15
757 717 684 576 371 829 353 460 188 246 67 288 580 257 308 
19
10 15 26 31 37 41 48 49 78 80 82 86 99 120 131 134 136 152 186 
26 17
922 54 326 228 18 257 75 297 420 681 422 473 560 781 748 275 793 
20
20 23 24 25 36 42 55 56 57 69 71 79 94 103 118 128 138 147 161 186 
27 17
921 273 98 472 540 42 530 335 93 352 309 420 253 401 599 169 687 
16
17 23 42 45 47 49 54 56 58 94 113 118 158 159 175 188 
28 20
932 431 411 819 276 380 565 934 9 975 50 506 953 583 685 590 748 884 792 817 
14
37 41 45 48 78 114 115 127 141 159 160 163 183 195 
29 26
906 807 800 596 516 716 235 227 153 184 258 928 854 447 339 403 366 562 451 718 311 385 194 46 379 453 
18
7 10 35 41 42 53 61 66 77 82 100 148 156 158 162 167 182 184 
30 12
972 887 639 915 813 592 199 351 379 217 421 438 
24
1 5 12 16 31 45 51 54 62 65 66 72 81 99 104 114 116 144 151 153 168 190 194 197 
31 23
984 889 865 813 68 128 732 621 37 108 71 428 933 489 211 568 218 287 412 812 664 64 730 
16
10 22 25 30 63 91 92 107 131 136 145 150 160 164 168 192 
32 17
364 59 756 405 183 240 499 754 531 942 905 306 750 639 746 552 848 
23
0 8 18 34 35 59 67 68 75 80 81 85 97 100 101 119 132 156 161 172 177 189 197 
33 23
996 932 806 662 239 35 290 341 466 129 84 786 194 305 284 280 539 291 310 870 685 352 315 
15
72 74 80 84 85 88 96 98 100 102 112 113 142 186 197 
34 20
950 904 801 87 206 58 466 824 47 4 42 331 258 305 488 618 647 600 674 731 
25
6 8 17 32 36 37 56 66 79 84 89 95 103 104 116 127 138 150 154 155 166 169 175 181 190 
35 16
955 611 455 414 239 99 820 616 225 691 266 232 9 240 138 178 
21
10 21 24 29 32 41 48 49 58 64 68 70 83 97 127 131 136 138 150 173 196 
36 27
909 967 819 726 929 596 519 471 236 197 195 433 111 536 18 258 727 394 302 372 335 373 45 378 398 932 414 
20
7 26 34 42 57 61 75 83 103 104 114 126 131 134 150 152 167 177 192 198 
37 19
887 196 134 372 115 34 95 53 871 427 852 365 928 447 590 523 375 708 839 
21
17 19 25 28 34 41 54 80 84 94 110 114 123 128 133 155 156 157 172 173 189 
38 16
763 485 940 430 992 499 380 330 605 44 86 21 157 186 578 323 
23
4 5 9 14 16 51 62 64 66 68 73 76 96 118 126 130 136 161 184 187 189 191 194 
39 23
963 955 799 706 674 136 106 142 100 9 95 206 652 245 394 404 420 573 831 424 665 443 620 
15
7 45 48 59 67 71 72 110 114 125 147 166 176 180 196 
40 29
914 813 700 661 566 559 549 128 92 900 49 101 543 10 674 452 46 874 689 171 200 673 303 310 497 289 326 553 368 
17
5 6 12 41 50 52 70 80 82 94 103 129 151 157 160 161 199 
41 21
959 922 903 858 418 943 129 132 49 374 561 450 461 551 704 336 558 615 661 698 742 
24
9 25 28 29 35 37 40 44 50 54 55 65 81 95 105 119 127 128 132 159 172 188 191 195 
42 22
904 853 816 818 300 209 702 804 129 367 50 23 42 428 805 768 437 454 836 540 677 769 
21
26 27 29 36 63 73 81 105 106 127 132 153 156 165 169 173 174 189 192 193 197 
43 36
954 888 820 875 801 792 755 910 725 620 574 573 565 226 960 183 182 267 230 520 298 181 532 236 175 286 957 439 686 538 316 396 322 630 371 482 
19
0 9 46 57 61 80 89 94 101 133 149 158 159 161 163 184 185 192 199 
44 19
864 863 242 74 623 810 559 485 248 655 83 564 959 700 5 671 101 249 767 
25
0 6 9 11 12 13 19 41 49 57 81 91 92 99 103 124 130 134 137 139 143 146 177 179 186 
45 28
1000 979 954 915 624 169 130 936 122 63 267 745 301 369 68 647 425 966 929 263 838 764 135 320 405 329 380 481 
23
13 14 27 28 30 39 61 66 70 90 94 100 106 107 110 124 129 144 171 176 179 184 199 
46 28
928 865 748 938 716 903 681 659 982 612 610 513 139 102 98 234 9 321 591 73 184 406 571 386 78 522 448 577 
21
0 1 10 18 23 43 48 66 76 77 84 86 105 108 139 152 168 173 186 187 191 
47 17
990 183 144 730 27 815 75 121 380 754 677 237 681 733 844 871 882 
20
8 10 13 17 27 53 55 75 76 78 83 95 100 123 135 139 140 148 167 196 
48 17
931 439 626 89 27 44 843 156 100 133 392 528 421 342 453 492 522 
26
8 11 19 20 22 25 28 35 39 46 49 74 76 81 103 107 108 128 133 141 153 158 171 173 195 196 
49 16
981 980 844 831 815 787 282 160 888 837 412 371 456 739 603 467 
17
3 6 7 14 23 25 27 35 44 48 59 60 63 80 92 116 136 
50 20
999 919 821 758 277 328 719 193 223 207 170 510 399 443 655 6 672 730 405 738 
19
11 12 13 14 16 40 41 59 81 83 98 103 114 116 135 151 181 188 191 
51 22
881 797 729 656 351 107 946 280 152 526 645 47 901 642 412 435 311 496 598 431 505 519 
17
15 30 38 53 61 64 73 85 86 94 113 144 163 168 172 185 192 
52 14
965 835 700 930 522 406 84 273 861 810 45 125 229 310 
26
1 12 40 53 54 58 67 84 89 98 100 102 106 123 126 127 128 131 151 160 167 180 186 195 196 199 
53 17
288 57 23 265 364 98 653 379 13 753 787 565 781 633 604 688 776 
21
15 20 22 29 47 51 52 67 69 82 93 97 106 110 111 115 120 134 154 191 197 
54 17
992 246 243 46 101 69 281 366 293 408 309 901 233 455 880 486 898 
23
4 16 19 27 30 37 41 52 80 81 83 85 86 93 106 112 124 127 152 153 155 174 179 
55 14
995 573 956 531 218 105 698 392 730 441 340 911 622 452 
18
24 26 41 47 72 74 97 99 104 106 125 128 129 138 143 147 189 197 
56 18
993 706 452 982 945 962 292 434 138 524 528 910 540 210 617 519 667 692 
20
3 4 9 15 17 18 20 26 27 34 71 76 77 82 85 103 111 120 174 179 
57 15
934 935 799 737 620 252 392 719 158 988 376 871 446 712 474 
19
0 4 8 14 17 20 26 36 43 44 67 72 84 99 107 118 148 169 176 
58 12
887 486 451 387 336 152 151 225 872 260 233 238 
24
0 3 13 20 21 22 27 35 52 84 92 103 105 112 116 123 127 130 160 165 170 179 185 193 
59 23
989 948 944 868 818 123 429 223 359 512 105 751 11 742 81 367 225 447 587 721 894 635 746 
20
5 18 32 39 49 50 72 74 76 86 89 91 123 124 132 163 169 171 195 199 
60 18
977 964 710 727 382 313 301 811 421 125 618 805 254 883 759 835 850 952 
15
3 4 49 63 67 88 106 114 122 125 134 136 155 178 182 
61 27
889 813 678 646 592 114 657 65 31 47 20 513 983 169 857 339 582 212 219 910 355 244 758 129 351 357 483 
30
2 5 9 10 11 12 29 36 43 45 51 68 71 74 84 86 87 96 99 104 125 129 134 140 147 154 171 181 184 188 
62 24
994 775 722 602 596 789 123 102 68 655 100 236 474 30 355 244 582 249 292 462 219 367 469 494 
24
6 14 19 30 38 65 66 79 80 94 100 105 109 115 120 124 128 131 140 141 145 146 164 183 
63 23
872 947 836 814 787 78 43 80 3 33 186 954 769 288 187 289 615 245 472 533 5 671 698 
24
4 7 8 22 24 31 42 49 60 64 74 77 87 98 125 155 160 166 169 177 185 188 190 196 
64 18
955 948 151 222 253 697 62 391 946 246 431 446 939 534 575 864 662 843 
28
21 22 35 38 51 63 71 74 76 83 84 86 94 95 105 116 122 128 133 139 152 163 164 168 177 183 185 187 
65 13
844 703 855 464 451 9 744 47 945 44 146 216 189 
20
1 16 30 41 62 72 78 83 100 116 118 121 125 136 141 150 157 159 174 197 
66 15
958 576 843 554 490 631 546 410 206 858 297 26 122 258 377 
25
2 14 21 29 30 34 38 45 46 62 74 79 80 87 93 110 111 130 133 155 165 171 172 186 187 
67 25
990 913 840 758 701 698 689 156 222 426 131 628 110 48 235 67 223 253 268 608 385 391 468 742 483 
23
4 5 7 8 15 21 22 32 39 52 53 57 60 70 87 107 147 153 158 162 168 179 184 
68 19
993 910 905 156 20 312 601 151 1 34 664 368 457 827 532 744 454 824 866 
14
3 14 32 35 38 61 75 137 139 140 148 152 163 166 
69 20
799 153 89 69 18 933 119 45 804 249 31 167 184 176 686 969 192 753 413 228 
19
3 4 6 17 22 26 53 78 89 97 99 121 125 127 149 152 158 160 162 
70 27
957 832 729 745 671 597 574 89 68 91 329 701 35 66 652 245 888 296 98 283 286 345 682 349 343 454 529 
19
35 40 45 67 90 95 100 119 124 131 141 147 164 167 168 173 188 191 199 
71 15
955 904 868 550 593 542 968 900 135 675 12 157 232 484 370 
16
0 6 26 39 56 61 64 78 80 92 94 137 140 146 163 165 
72 18
940 918 520 272 210 367 737 19 194 329 551 687 455 914 535 661 740 904 
23
0 12 14 30 33 39 55 57 59 65 87 90 91 93 103 113 131 139 165 175 183 191 198 
73 31
984 960 868 856 815 802 798 752 716 652 809 624 989 619 8 77 769 177 74 296 93 19 218 189 226 256 265 509 564 24 616 
18
11 13 38 42 51 76 84 96 100 107 111 127 134 137 157 158 194 199 
74 18
967 850 237 220 276 75 140 806 182 457 472 744 545 310 569 306 639 648 
23
7 18 23 33 48 55 59 61 63 64 66 75 83 100 110 111 112 122 129 147 174 186 191 
75 20
919 841 817 787 143 233 107 28 1 239 766 6 278 319 506 710 442 501 460 682 
21
18 32 36 47 68 74 77 79 84 88 94 112 119 123 166 168 170 179 182 185 189 
76 17
306 17 884 989 286 148 42 525 364 734 832 715 900 453 934 369 961 
17
15 23 38 46 47 48 56 59 64 73 103 118 128 138 150 195 199 
77 12
902 809 881 660 609 259 281 760 182 437 346 380 
18
5 23 29 46 56 63 75 79 83 93 100 117 123 139 163 164 179 194 
78 21
996 992 895 843 277 190 208 131 14 112 426 613 461 529 654 847 662 357 764 676 789 
25
3 4 17 25 28 47 65 69 71 83 91 93 98 110 113 126 133 153 155 158 164 166 175 189 196 
79 30
788 768 733 718 699 907 685 798 613 593 653 579 515 249 162 76 968 265 156 8 452 383 272 276 142 364 393 484 447 473 
20
13 23 26 34 62 66 75 77 89 90 93 98 119 148 159 170 177 184 190 191 
80 13
991 993 925 823 772 665 266 434 183 408 715 409 446 
27
2 12 18 25 32 33 37 40 43 49 54 62 66 71 81 85 96 110 117 119 120 122 148 180 182 193 198 
81 20
997 979 101 679 768 250 126 636 255 765 115 275 823 416 333 518 482 678 254 698 
21
9 13 15 30 32 41 42 44 48 50 54 80 98 126 129 139 150 157 160 177 198 
82 14
977 773 713 540 539 272 108 530 139 48 116 647 137 172 
20
0 3 7 15 16 25 29 40 53 56 96 109 113 129 136 142 158 160 182 190 
83 23
851 746 745 646 640 245 445 215 193 991 584 170 442 648 241 315 121 454 488 420 457 507 532 
28
0 2 10 13 18 19 35 36 47 50 54 64 65 74 77 78 89 91 103 116 122 124 126 130 132 147 158 174 
84 17
925 912 365 178 337 843 197 160 788 529 675 730 334 482 889 625 921 
22
8 15 22 33 34 37 46 52 57 58 61 64 73 75 88 96 110 155 156 166 180 198 
85 18
990 238 663 217 132 512 563 88 878 286 172 468 559 599 652 863 715 826 
20
14 32 33 51 54 56 80 94 98 116 123 127 132 137 147 151 153 154 168 196 
86 19
969 883 189 182 158 248 178 508 871 353 210 321 506 531 597 671 560 683 850 
20
3 21 25 46 51 54 59 61 64 112 119 128 130 134 135 152 153 154 164 182 
87 15
943 583 483 415 46 338 236 19 87 975 91 990 956 803 259 
20
1 4 7 13 19 61 63 66 67 72 96 111 134 144 146 149 160 182 190 198 
88 23
782 591 567 189 104 138 57 82 371 296 951 840 322 90 386 357 505 399 521 753 642 494 531 
17
15 23 33 60 75 84 90 120 122 126 132 140 141 169 172 180 196 
89 29
994 988 963 902 873 977 866 769 709 129 146 27 54 863 530 4 797 279 344 381 449 295 336 588 366 386 808 105 549 
21
1 3 13 34 43 52 59 69 79 83 110 117 121 147 159 161 173 177 183 184 193 
90 19
217 53 614 888 185 287 51 241 98 246 918 363 45 600 628 747 993 845 877 
16
3 45 70 72 79 88 109 114 124 126 147 151 155 167 186 199 
91 22
991 900 894 882 849 174 208 130 317 22 222 970 785 286 275 312 2 372 124 457 495 421 
17
13 14 31 44 59 72 78 83 107 111 112 122 148 169 172 180 181 
92 13
920 791 756 671 549 28 574 98 783 392 89 293 456 
20
31 44 49 58 71 94 95 96 99 101 123 126 149 151 154 156 158 160 179 198 
93 24
979 942 901 774 833 722 719 159 550 149 80 35 596 715 60 39 185 508 435 436 458 780 669 484 
23
0 10 11 23 53 54 66 72 77 78 79 105 112 113 122 131 133 139 152 153 185 186 194 
94 21
928 913 900 201 187 180 459 15 627 63 658 726 892 263 300 511 548 956 549 636 672 
28
11 18 21 26 27 37 40 43 45 51 62 64 71 75 85 92 98 109 119 131 134 135 142 155 165 176 190 193 
95 14
741 699 688 658 698 103 917 679 645 67 561 266 589 587 
21
0 34 41 47 64 70 92 97 99 102 125 126 138 147 151 158 162 166 169 176 193 
96 22
994 874 823 716 289 224 530 278 103 321 627 331 669 373 385 470 387 301 412 207 577 466 
29
4 7 16 18 21 33 38 61 73 80 82 84 87 92 100 103 110 112 113 117 123 152 160 164 167 191 195 196 198 
97 17
199 250 879 913 412 110 807 858 388 948 208 541 325 438 476 774 825 
17
9 22 32 35 53 55 69 95 98 126 128 151 152 158 164 179 187 
98 21
957 924 831 309 173 25 722 121 359 427 955 30 312 608 392 452 588 954 584 510 764 
24
10 13 14 24 33 50 52 63 78 79 81 85 94 97 101 106 108 110 118 130 152 166 182 183 
99 19
893 865 302 222 41 901 568 585 772 205 94 446 514 667 496 537 379 601 678 
22
2 25 30 44 55 57 61 69 92 95 102 105 110 113 116 130 138 160 168 173 176 182 
100 19
944 872 866 264 251 188 57 652 186 433 654 773 505 525 549 582 598 312 793 
24
3 10 14 29 32 33 45 47 52 62 65 70 73 74 77 96 101 127 158 163 182 186 187 194 
101 17
160 307 159 482 31 541 990 694 70 42 338 525 311 718 922 928 929 
18
2 16 18 19 32 43 92 98 100 114 116 126 133 162 166 172 176 189 
102 19
858 330 602 159 971 601 209 91 498 549 363 67 681 692 928 706 797 814 850 
16
4 8 24 33 52 95 99 105 115 135 143 147 177 182 189 194 
103 18
320 130 956 623 216 104 20 41 398 322 921 662 593 678 788 631 853 890 
27
2 9 15 17 18 26 34 36 40 44 48 50 56 58 72 76 83 96 119 144 153 158 164 168 171 175 193 
104 11
712 675 801 580 534 139 3 434 506 180 520 
16
7 12 14 30 34 36 55 61 127 132 159 172 174 187 191 192 
105 28
982 945 845 709 665 652 625 236 661 402 83 453 589 374 708 227 38 410 859 415 456 988 507 481 787 528 562 590 
23
14 15 41 42 46 58 62 64 93 99 102 108 117 122 126 135 147 156 172 182 186 197 199 
106 18
977 328 219 58 935 121 244 873 614 467 514 640 715 880 326 770 437 881 
24
9 20 42 45 52 53 54 55 60 98 120 126 131 132 143 144 156 164 168 171 174 175 177 189 
107 23
896 757 851 111 431 737 883 106 147 916 176 657 14 821 44 537 656 379 440 834 353 612 743 
14
6 11 21 31 45 48 57 67 73 91 132 143 194 195 
108 20
996 963 747 44 61 222 124 819 5 20 238 253 282 356 393 528 232 417 437 463 
18
10 12 13 46 48 98 105 116 119 125 128 132 136 137 152 158 159 193 
109 17
546 699 920 532 354 573 971 46 675 290 562 681 566 640 359 803 892 
16
2 15 20 62 82 90 94 124 128 138 142 158 168 174 175 198 
110 14
985 505 482 379 208 76 202 51 170 819 683 479 122 179 
25
8 16 37 39 45 53 66 74 78 80 84 89 96 98 99 114 120 133 139 141 149 152 154 164 182 
111 15
754 901 544 543 469 462 191 964 539 420 216 341 396 196 400 
14
53 56 66 73 74 87 91 112 128 132 173 181 185 187 
112 18
962 224 156 564 192 1000 260 17 146 250 287 491 320 336 427 478 450 623 
22
1 12 19 33 54 58 74 75 86 91 93 96 111 115 118 123 133 168 172 184 185 191 
113 20
839 834 337 354 309 277 742 244 431 808 438 147 517 552 571 645 680 893 782 803 
20
27 33 51 72 78 82 93 96 99 117 146 154 156 163 164 173 192 197 198 199 
114 18
978 947 550 754 428 309 190 100 174 565 561 628 674 699 886 599 858 891 
24
14 19 20 28 30 36 37 39 50 60 90 101 110 115 123 125 137 156 157 170 174 176 187 192 
115 14
795 784 714 662 651 156 831 627 304 653 245 381 365 480 
15
0 10 28 53 62 102 112 114 135 155 156 172 174 175 188 
116 19
964 912 213 876 226 175 212 933 8 248 634 449 874 514 43 820 561 732 863 
28
3 6 19 30 34 49 50 58 64 65 83 85 99 101 108 124 145 146 151 153 161 166 167 180 181 184 196 197 
117 18
978 844 226 294 413 498 12 641 185 777 283 172 408 782 412 235 494 500 
12
17 19 77 80 89 96 105 113 146 163 180 181 
118 23
956 876 848 826 816 718 707 87 260 413 190 26 323 379 527 436 640 472 505 637 244 22 688 
18
9 26 27 38 57 65 76 98 112 138 139 156 158 171 175 186 188 196 
119 22
832 755 4 916 361 183 227 225 40 73 926 260 286 695 288 355 365 433 426 955 622 629 
22
10 11 21 32 41 70 75 79 80 86 94 103 108 125 139 144 151 157 163 173 176 188 
120 13
711 588 510 103 404 498 39 822 771 754 193 125 385 
17
1 4 18 20 25 53 56 62 80 88 106 110 150 155 159 171 173 
121 23
844 760 753 744 731 615 248 486 147 684 166 103 528 223 563 118 273 458 385 311 197 234 382 
10
12 14 65 69 89 171 181 191 194 199 
122 13
949 932 574 487 944 111 872 209 307 484 110 203 435 
20
4 8 13 60 64 74 80 83 88 91 93 105 148 149 152 170 177 179 186 187 
123 26
870 753 707 995 884 588 495 140 842 139 172 468 923 220 271 136 232 266 335 630 371 9 453 379 891 447 
15
23 37 47 52 58 59 75 77 85 92 96 112 114 153 168 
124 16
890 745 936 528 522 459 521 164 127 466 449 882 168 956 174 247 
19
0 8 44 45 54 59 62 70 83 90 109 116 140 142 149 150 153 161 193 
125 15
511 404 371 634 328 110 976 92 162 542 389 185 276 339 254 
23
3 12 16 39 55 60 61 63 65 69 95 108 114 119 140 141 151 156 161 163 164 185 193 
126 19
930 923 885 83 30 29 7 483 10 371 687 391 55 425 467 543 716 505 838 
19
4 18 36 38 52 78 81 83 88 90 92 95 97 101 105 106 132 148 180 
127 18
897 311 787 240 998 184 64 1 814 834 871 531 568 637 671 49 641 781 
23
16 20 21 28 34 35 41 42 52 54 58 69 73 85 100 104 143 161 162 164 176 190 196 
128 22
821 814 813 977 348 77 132 13 284 76 335 489 452 707 482 979 498 841 212 619 273 643 
25
4 11 20 26 37 41 48 52 55 62 64 76 86 97 108 109 111 132 133 155 166 173 183 186 193 
129 30
941 853 850 798 725 614 842 583 549 871 94 70 274 735 69 61 141 67 149 959 478 182 471 942 202 643 384 236 146 331 
21
2 3 5 10 17 21 23 40 45 55 61 74 81 82 133 144 155 157 165 171 189 
130 21
980 720 297 925 518 155 754 569 495 33 328 443 664 936 48 11 455 354 539 219 700 
16
9 11 17 20 38 44 58 66 83 86 98 99 167 176 181 182 
131 26
931 924 880 863 784 765 452 520 324 975 494 280 264 15 508 101 704 482 497 507 973 862 529 614 572 632 
20
2 8 9 13 14 25 31 35 36 52 62 70 72 93 94 106 138 154 179 183 
132 26
818 707 693 653 626 650 613 184 155 124 694 213 612 242 207 429 76 446 638 194 268 902 421 304 136 543 
26
13 23 32 41 42 59 83 85 88 104 106 107 108 111 126 128 133 139 140 143 150 161 164 167 170 199 
133 19
892 98 13 73 22 8 146 936 344 371 643 967 449 551 772 475 562 715 733 
21
3 19 37 43 48 64 66 78 93 101 110 112 128 129 132 165 166 168 173 174 197 
134 12
919 531 768 479 391 164 8 211 274 372 413 379 
18
10 22 25 36 44 53 60 61 73 86 87 94 138 173 190 194 198 199 
135 19
978 955 864 366 43 310 159 171 136 436 589 573 743 670 683 702 750 835 846 
14
1 5 47 50 86 94 102 105 115 150 151 170 171 173 
136 23
890 780 783 191 223 97 592 74 869 425 273 863 419 581 683 998 591 790 87 235 272 605 774 
17
25 31 35 38 49 60 65 82 108 137 142 147 163 171 179 188 199 
137 12
899 998 896 784 773 299 119 62 237 251 184 264 
17
10 14 16 23 44 68 71 73 85 108 114 136 168 173 175 181 194 
138 19
116 22 107 209 100 998 221 612 157 268 816 557 693 383 460 467 792 163 607 
19
9 23 26 34 35 55 76 95 99 109 118 131 134 145 149 166 169 188 198 
139 24
967 847 846 839 781 771 758 392 77 130 733 67 898 713 613 465 2 446 520 534 644 251 695 683 
21
5 18 21 44 46 47 64 68 72 77 81 93 110 118 119 132 146 172 183 196 198 
140 22
976 969 863 860 182 166 79 48 52 542 559 994 661 649 672 887 850 756 435 731 805 852 
16
4 22 47 61 62 68 71 88 124 125 132 173 174 185 189 195 
141 14
775 731 632 448 684 395 297 269 48 169 165 177 43 213 
15
22 28 48 62 65 70 88 110 125 147 156 161 174 186 193 
142 13
873 800 770 730 143 852 716 87 336 384 776 555 621 
17
0 6 19 33 82 94 109 124 136 143 154 157 162 168 170 173 189 
143 21
991 269 507 964 150 779 184 332 939 791 937 123 234 863 352 418 741 597 895 747 868 
12
14 44 55 102 106 107 127 132 142 149 176 189 
144 22
941 932 808 929 781 133 170 323 72 38 88 973 85 11 470 538 324 528 332 468 188 373 
22
7 8 19 22 30 45 51 87 103 106 119 129 146 151 155 157 159 161 174 182 191 197 
145 14
900 734 732 596 950 559 182 42 813 354 652 414 435 506 
9
3 31 62 116 138 150 162 166 191 
146 20
977 882 872 937 12 113 28 708 231 554 148 259 735 380 233 381 445 495 645 834 
14
2 3 21 44 62 71 87 113 116 117 139 144 158 184 
147 18
972 931 450 773 926 298 774 136 646 126 503 337 707 545 749 719 29 769 
19
10 26 39 55 61 67 70 74 83 85 89 90 95 102 105 136 141 174 190 
148 22
981 836 777 772 756 398 24 330 526 317 440 496 570 780 706 578 390 316 612 601 720 693 
17
16 29 47 57 68 79 80 91 122 126 150 157 166 169 178 190 192 
149 17
947 92 58 176 329 34 163 741 320 327 373 407 313 905 424 547 742 
17
10 16 43 69 87 92 110 122 124 138 143 152 160 173 179 188 189 
150 27
969 930 866 814 983 761 730 988 692 800 319 873 244 40 70 495 682 234 382 406 439 358 432 469 485 672 487 
19
11 24 31 34 35 36 65 76 81 120 124 132 135 145 148 156 163 176 199 
151 23
963 852 736 747 414 303 331 405 277 55 967 560 598 689 615 380 417 454 602 222 629 681 644 
24
1 5 17 30 40 50 52 85 90 92 95 97 116 119 125 135 144 155 163 182 187 193 197 199 
152 25
963 818 643 613 846 217 506 677 122 663 71 121 239 685 352 416 467 183 442 459 867 164 497 536 542 
24
3 21 25 36 46 54 64 68 69 86 93 96 97 98 108 110 122 149 160 166 180 181 184 198 
153 18
944 885 732 261 79 183 642 343 861 676 644 661 188 780 690 804 305 823 
19
14 30 42 48 54 67 78 85 86 93 103 116 123 124 165 167 186 187 192 
154 25
994 769 893 745 720 712 677 391 141 104 37 875 24 480 388 767 471 3 225 521 187 668 594 630 644 
17
9 34 53 61 85 86 92 110 113 131 142 160 171 173 175 178 188 
155 14
976 909 701 999 591 567 507 375 113 148 169 54 257 332 
28
8 13 14 15 17 21 34 37 54 60 63 66 78 84 90 94 115 120 128 129 144 151 168 172 174 175 180 189 
156 24
988 947 911 214 112 897 231 224 851 666 99 894 154 313 863 382 404 710 812 434 471 936 122 788 
21
2 13 19 23 29 32 37 42 84 92 105 106 113 114 115 118 125 141 150 171 196 
157 19
995 278 962 407 110 705 32 157 52 311 872 597 676 778 954 880 152 559 929 
20
5 9 11 13 14 22 37 40 65 73 81 114 119 129 142 144 148 163 192 196 
158 12
752 641 945 588 173 99 274 393 986 867 493 560 
26
5 12 21 27 29 43 48 67 69 73 78 82 83 92 95 97 100 103 108 109 118 146 161 172 180 184 
159 24
970 914 867 832 805 61 57 1 436 165 864 420 855 670 263 158 343 446 500 566 11 529 117 561 
16
10 12 27 28 41 43 65 79 89 104 108 120 144 171 178 182 
160 22
893 810 755 327 230 168 149 368 453 964 409 431 318 466 509 999 703 518 654 663 155 673 
19
5 19 28 31 40 52 58 63 69 81 82 87 92 96 99 149 152 154 198 
161 17
996 455 863 434 316 962 134 746 858 104 696 951 127 867 923 939 972 
16
4 26 32 38 40 43 89 116 124 125 127 132 141 144 158 176 
162 20
873 787 772 162 208 60 315 279 566 45 321 90 423 369 370 371 560 768 361 731 
14
5 21 29 67 69 95 101 127 142 145 174 183 184 194 
163 18
345 770 233 63 966 337 864 183 556 112 935 639 588 477 551 606 911 837 
25
11 12 14 28 43 51 59 64 68 71 77 100 113 117 119 125 136 150 151 157 164 170 177 185 193 
164 21
991 902 865 822 21 147 133 817 192 241 394 52 274 102 287 474 106 661 819 486 535 
23
24 31 62 64 70 77 78 86 96 97 103 106 110 113 125 127 132 163 166 169 175 188 191 
165 19
880 749 210 499 195 141 88 513 26 87 529 814 222 333 459 663 589 257 590 
17
22 42 58 66 71 72 94 129 133 153 171 185 186 188 189 193 196 
166 18
975 229 25 127 185 559 175 43 315 274 483 511 621 547 926 556 937 900 
29
4 5 6 17 21 23 34 39 63 68 75 78 84 95 98 101 116 128 133 138 145 148 152 164 187 188 191 194 197 
167 33
978 957 891 890 865 888 777 741 696 586 581 797 538 245 467 720 239 906 18 195 10 272 323 300 453 369 422 820 524 71 441 694 509 
13
5 29 36 47 52 70 90 96 116 130 132 153 195 
168 13
971 797 523 604 519 126 48 148 463 409 586 535 416 
26
7 12 20 30 31 46 51 64 67 70 75 85 99 103 106 109 112 123 133 137 142 155 169 186 197 198 
169 18
880 288 113 96 714 387 549 272 753 568 832 18 721 724 111 777 728 802 
16
1 34 42 57 59 63 88 91 95 138 148 164 168 170 183 193 
170 14
934 930 641 473 324 909 263 25 158 106 129 880 47 234 
13
2 12 17 58 75 79 114 122 132 135 142 163 169 
171 16
944 887 864 829 814 616 759 147 36 393 838 821 158 603 195 299 
22
0 8 12 45 48 59 61 66 103 106 118 120 121 129 135 136 154 156 159 165 175 190 
172 23
969 968 837 833 803 778 770 101 161 477 749 53 466 614 328 550 639 35 775 854 743 502 761 
18
32 37 41 51 66 88 91 101 104 105 112 115 139 155 158 174 185 196 
173 19
995 985 980 137 358 102 34 157 38 298 621 518 909 532 563 50 605 656 966 
25
20 21 35 37 42 46 48 70 89 99 111 113 119 120 128 133 134 135 137 140 142 149 154 177 188 
174 18
924 921 467 314 296 560 700 673 843 907 780 290 771 882 793 224 816 903 
25
2 3 15 42 54 56 65 74 83 104 106 109 114 115 133 140 141 144 147 155 162 172 175 192 199 
175 23
989 967 917 892 815 182 811 125 23 618 317 927 742 958 33 161 309 62 321 468 489 497 738 
22
8 9 14 16 27 34 72 78 103 106 109 115 118 137 154 155 164 171 174 178 182 198 
176 15
957 941 730 993 534 420 256 68 110 423 117 299 10 99 121 
18
4 24 39 45 57 94 95 99 101 114 119 127 130 143 150 161 181 182 
177 22
894 818 654 628 252 575 66 338 816 150 2 44 155 8 246 294 312 789 567 313 360 544 
21
2 5 16 18 21 32 36 44 63 64 79 81 89 102 106 122 163 173 187 189 198 
178 18
974 247 968 228 267 891 743 216 845 19 57 958 309 355 577 688 90 830 
8
3 60 148 154 159 175 187 192 
179 15
962 851 790 671 666 455 791 434 206 184 883 237 335 351 362 
17
9 24 44 45 54 56 58 67 75 77 92 97 122 131 136 149 194 
180 20
800 992 881 696 325 124 432 449 221 391 476 629 11 674 92 18 352 607 360 604 
15
11 22 39 52 80 84 88 91 116 117 126 152 155 158 199 
181 12
996 524 521 386 361 56 570 43 59 115 142 244 
17
1 10 18 34 50 61 91 111 116 117 121 130 137 152 176 191 199 
182 23
919 902 879 314 975 272 223 444 529 114 505 183 356 469 818 707 968 635 736 779 224 742 762 
25
0 10 20 21 23 29 60 75 80 82 86 87 98 99 100 102 105 110 130 144 151 159 175 176 187 
183 16
877 744 702 800 698 505 781 492 456 76 59 763 423 88 395 327 
12
28 62 64 72 89 98 128 131 139 162 169 193 
184 28
997 970 933 930 919 847 802 755 780 743 698 103 722 426 47 98 455 147 14 23 448 155 259 314 501 424 354 539 
19
18 19 23 24 29 38 43 45 61 67 79 89 112 116 146 152 158 162 186 
185 19
788 269 988 248 247 740 166 625 761 991 362 414 672 450 530 162 717 230 785 
16
8 43 51 58 63 64 75 93 111 112 125 140 163 165 172 186 
186 20
962 887 845 806 163 210 330 34 316 612 782 815 149 400 485 569 600 804 502 798 
23
3 17 25 26 33 44 46 52 66 74 90 93 100 105 118 122 128 141 153 165 168 184 185 
187 18
976 963 80 91 70 100 491 72 289 110 554 721 734 825 563 600 859 927 
24
8 14 17 19 21 22 38 46 64 66 97 100 104 111 114 122 151 153 166 177 178 182 188 189 
188 14
990 976 967 965 920 802 737 99 51 723 130 783 579 724 
20
11 27 41 50 61 63 70 115 118 119 136 138 149 154 164 165 166 173 187 197 
189 19
890 860 562 975 198 319 32 576 746 573 160 711 603 739 676 824 617 575 686 
20
8 32 37 38 42 55 75 78 101 102 106 129 140 142 143 149 155 165 177 187 
190 18
958 817 431 227 448 415 585 351 555 776 49 576 118 454 503 564 755 681 
16
0 1 10 13 30 34 63 79 82 87 94 127 134 147 148 171 
191 20
859 831 187 851 148 287 695 21 581 88 717 973 381 220 738 432 580 617 659 827 
20
7 23 38 41 46 50 53 70 72 74 79 96 104 112 121 144 145 164 166 181 
192 12
916 821 762 673 759 470 547 876 298 488 533 618 
18
2 8 17 21 23 31 36 42 43 51 104 113 114 148 153 157 174 178 
193 20
978 968 884 395 287 397 229 467 9 29 624 940 422 438 447 461 798 667 482 815 
20
11 24 42 58 80 89 94 95 103 108 124 125 128 141 151 163 165 169 183 197 
194 19
970 848 833 99 252 286 762 157 55 18 209 24 296 353 390 627 699 771 790 
21
2 4 12 16 20 22 24 30 38 73 77 93 100 102 107 121 134 137 162 166 179 
195 25
930 847 699 672 617 140 65 456 909 58 245 760 279 602 446 2 938 50 407 22 193 336 387 895 340 
15
11 14 22 28 41 48 52 59 76 96 107 140 167 197 199 
196 19
975 620 946 835 318 310 72 342 120 562 950 580 432 382 789 475 632 915 935 
21
2 13 21 35 39 47 48 52 63 78 85 88 96 116 118 127 139 156 157 165 172 
197 15
751 731 544 518 567 516 469 715 137 375 33 182 721 364 198 
20
13 18 30 32 33 42 53 55 65 105 113 116 133 144 151 166 168 188 193 195 
198 16
833 642 794 743 641 749 630 487 444 71 381 396 413 490 99 422 
21
1 17 23 36 72 80 81 84 87 92 96 109 113 134 138 139 152 160 168 175 177 
199 17
997 206 136 126 483 619 37 207 123 324 468 285 692 711 813 797 865 
25
1 16 20 24 40 43 45 52 59 70 73 76 90 105 113 121 132 134 136 150 151 174 180 181 195 
