200 1000
0 20
965 869 967 856 541 473 140 480 497 335 48 418 54 564 546 648 602 697 710 790 
12
29 43 109 118 137 153 165 173 182 184 188 193 
1 18
995 837 434 213 522 396 137 531 786 820 533 822 589 296 666 535 683 775 
25
8 12 16 42 65 76 79 80 88 90 93 105 112 113 115 119 122 129 131 150 164 175 178 183 185 
2 13
977 695 978 944 672 622 24 17 322 567 344 880 404 
19
15 17 18 24 34 47 52 59 65 74 80 85 87 97 111 150 151 160 173 
3 13
866 718 802 700 130 6 716 155 239 828 267 542 457 
20
13 20 23 24 27 35 40 44 53 70 80 85 101 105 120 141 165 166 175 198 
4 20
940 833 140 980 55 145 86 157 46 692 320 371 326 740 370 398 418 501 526 699 
16
5 25 32 41 58 91 110 113 119 136 160 170 175 178 189 196 
5 18
906 193 754 99 813 76 190 79 300 419 389 888 555 814 709 213 879 843 
20
4 11 20 27 37 38 52 66 69 87 91 102 114 116 129 138 158 175 178 192 
6 17
262 721 959 966 226 328 74 159 431 215 228 302 341 902 680 887 900 
14
17 20 31 46 66 92 102 106 108 133 138 140 167 170 
7 28
981 936 919 851 837 826 606 554 175 39 103 528 183 186 671 190 394 255 842 435 876 469 80 524 696 30 67 548 
15
33 37 40 51 62 78 89 97 103 110 129 139 168 189 199 
8 15
873 817 776 751 820 616 554 841 110 85 236 134 594 526 179 
19
1 11 22 27 44 45 50 55 61 72 119 129 131 135 140 145 155 157 161 
9 20
995 978 64 924 73 66 831 24 265 997 368 132 206 465 890 118 303 488 607 834 
21
29 40 41 42 45 48 51 52 72 76 80 99 107 120 128 162 167 168 169 170 190 
10 21
936 931 758 737 406 281 570 155 393 75 1 512 31 32 328 668 433 493 521 843 584 
19
21 23 35 38 54 72 90 95 97 106 118 124 125 126 130 163 170 180 186 
11 16
985 744 624 497 388 668 498 345 963 28 139 6 57 204 501 229 
24
5 8 15 16 17 24 26 32 44 47 59 86 93 95 113 118 130 131 157 161 165 181 186 193 
12 29
983 966 932 928 854 694 911 652 645 271 492 550 653 24 466 142 68 962 148 629 321 186 371 644 237 422 894 376 582 
13
1 22 33 35 46 90 101 104 125 133 138 139 187 
13 25
877 813 770 753 682 138 120 758 55 37 948 874 23 465 32 947 170 237 304 267 313 464 473 589 672 
17
3 14 15 18 31 37 55 59 64 65 85 92 98 117 137 146 178 
14 24
979 934 852 815 807 702 935 158 47 788 159 652 68 340 442 166 314 90 349 672 456 168 575 681 
15
13 31 33 55 68 81 90 123 128 138 140 156 162 182 187 
15 20
984 824 709 789 271 559 683 95 188 114 471 122 455 523 557 589 321 395 506 654 
23
2 11 13 21 22 23 24 47 52 57 71 83 115 121 124 126 129 134 136 148 160 171 180 
16 17
941 163 538 640 722 19 852 119 263 374 77 456 658 113 890 663 922 
18
1 11 32 38 40 41 57 62 63 72 73 88 91 111 129 191 198 199 
17 19
684 188 179 735 587 136 10 282 656 391 280 91 325 337 789 456 309 457 674 
23
2 6 11 19 23 28 32 33 41 52 54 56 88 94 96 98 127 129 160 170 176 178 191 
18 17
836 319 303 118 390 308 744 818 231 554 741 247 432 397 471 632 751 
20
2 13 54 66 82 90 104 114 117 118 121 138 142 156 158 181 182 184 189 191 
19 19
970 878 214 160 517 111 43 100 763 352 183 368 725 827 431 465 920 846 698 
18
17 40 51 61 65 66 70 121 125 129 145 156 162 163 174 180 184 189 
20 24
815 744 685 580 562 179 104 67 637 156 526 185 576 716 235 880 103 362 455 756 53 534 551 561 
17
3 5 6 36 48 62 63 76 96 120 140 146 152 162 164 165 192 
21 19
927 530 121 894 339 747 798 17 527 877 470 589 106 480 292 588 590 688 795 
28
10 15 22 24 39 54 61 67 70 71 80 81 94 103 107 109 128 130 137 140 141 144 148 154 179 185 189 195 
22 23
832 812 783 735 785 45 926 186 112 148 85 202 417 726 689 438 448 281 614 130 648 551 699 
26
8 12 15 21 27 37 38 45 47 49 75 76 90 96 98 100 107 109 112 127 147 153 155 158 177 185 
23 15
983 649 585 550 366 580 393 2 32 219 832 101 327 140 266 
27
3 10 15 17 30 42 46 56 60 66 79 81 86 98 99 106 107 111 112 116 120 139 142 153 156 165 173 
24 23
935 852 842 627 208 951 174 378 126 900 86 494 281 332 432 99 321 582 323 386 505 79 560 
22
2 3 11 15 21 25 36 38 51 63 69 73 88 89 98 105 131 142 144 156 163 182 
25 23
992 921 581 577 518 502 157 106 68 531 272 442 130 62 39 162 417 434 245 275 307 262 336 
25
4 24 30 36 43 45 79 82 100 101 102 118 121 122 127 129 138 139 158 159 164 174 175 189 194 
26 16
886 907 703 936 698 519 462 200 996 520 112 236 219 616 208 429 
20
11 51 62 74 76 94 98 103 104 112 116 121 122 135 155 156 166 192 195 199 
27 24
795 794 609 866 533 524 760 94 162 368 35 884 181 477 155 444 263 232 380 36 184 406 474 500 
21
3 5 8 22 34 57 61 62 81 109 112 114 119 125 126 141 159 164 169 172 185 
28 17
160 143 740 296 149 98 591 14 677 89 322 475 509 355 635 669 649 
16
17 37 42 43 47 52 59 64 114 127 139 153 169 182 187 193 
29 19
983 935 458 199 175 170 595 23 771 969 44 673 668 483 517 494 535 745 888 
13
0 9 46 54 63 64 74 106 138 143 155 160 177 
30 24
992 960 959 939 260 396 765 617 651 118 227 17 900 49 883 69 291 842 361 514 616 602 744 760 
14
23 25 35 49 67 75 77 114 118 132 135 148 156 192 
31 24
978 898 881 848 832 784 350 418 952 27 405 102 578 690 431 669 446 334 667 494 563 625 638 685 
21
6 13 14 35 36 40 43 62 74 76 79 85 87 124 126 136 139 144 157 180 191 
32 22
993 882 738 732 908 723 992 104 102 310 680 95 469 101 633 337 351 281 466 519 630 729 
16
4 11 16 17 40 78 81 82 107 113 132 134 165 173 187 199 
33 22
981 637 193 550 158 701 294 136 357 115 438 325 614 20 684 462 222 967 301 631 2 446 
21
7 12 14 17 39 42 44 62 67 84 106 114 119 123 144 155 172 180 182 185 190 
34 23
924 916 895 847 749 726 113 61 436 214 333 941 53 13 101 152 52 273 359 174 354 482 661 
23
2 27 41 47 52 64 66 67 75 78 83 85 101 111 112 116 123 129 143 154 166 167 190 
35 21
999 953 913 872 186 197 57 689 97 13 646 215 274 431 320 212 360 449 460 34 515 
16
3 10 12 30 31 37 79 91 101 103 105 109 130 146 180 188 
36 22
901 872 821 720 225 166 94 48 224 814 666 70 699 338 971 712 415 269 343 602 482 645 
18
20 24 25 31 38 109 111 114 120 127 129 136 165 172 176 185 187 197 
37 26
921 951 877 868 860 809 708 182 170 51 65 714 48 548 252 858 44 537 261 274 399 450 484 417 431 468 
25
5 7 13 22 28 35 42 43 53 81 83 88 94 103 105 112 123 141 161 168 181 186 187 191 198 
38 20
971 353 404 233 397 75 517 670 118 479 894 487 546 981 648 578 680 753 978 830 
18
5 10 16 22 24 36 41 57 59 64 71 91 108 132 147 159 167 177 
39 19
922 816 244 275 122 35 290 730 545 305 696 333 352 306 454 205 353 561 524 
18
21 33 41 42 45 99 101 106 109 135 139 145 146 150 151 161 189 192 
40 21
968 912 910 897 681 186 356 181 238 306 128 65 316 68 401 327 650 119 341 443 513 
26
3 7 9 16 19 31 32 68 78 85 96 103 117 120 121 132 138 142 143 149 156 157 171 185 186 191 
41 15
996 816 734 674 616 508 235 64 74 125 619 160 715 426 409 
29
4 9 16 17 34 38 39 57 61 73 85 99 100 108 109 111 117 125 127 130 148 163 168 170 175 185 187 191 197 
42 13
805 776 865 729 391 757 60 107 167 395 21 259 276 
25
1 9 23 28 33 37 39 46 52 78 81 89 90 114 116 118 130 143 146 154 155 157 163 177 190 
43 23
964 859 843 839 922 774 109 24 47 127 569 746 413 277 129 216 371 583 694 383 22 577 644 
19
0 25 28 31 37 58 82 93 129 133 136 143 171 174 176 182 184 185 198 
44 19
979 978 909 319 173 513 150 308 699 100 886 442 42 449 453 503 533 647 808 
16
3 8 11 33 68 83 84 94 104 105 116 121 169 174 175 189 
45 18
960 862 181 143 398 142 95 187 189 114 410 305 314 450 82 637 525 752 
18
8 9 22 25 39 54 60 67 68 73 75 109 116 122 153 159 161 198 
46 24
949 922 784 775 723 711 127 189 115 251 388 490 207 323 358 902 347 936 492 650 65 102 324 657 
27
6 12 23 29 42 59 63 67 92 104 107 108 110 127 131 132 137 144 147 152 156 158 181 182 184 186 187 
47 17
430 345 581 940 496 938 70 216 998 591 676 744 590 738 775 825 858 
16
2 11 15 22 28 34 66 80 81 83 84 89 125 126 162 175 
48 26
912 908 892 865 735 817 632 204 923 183 502 95 107 498 100 216 603 196 233 768 287 398 466 399 467 598 
16
9 20 55 62 76 83 87 109 112 124 132 139 154 188 190 195 
49 21
991 938 908 862 836 342 329 278 597 264 110 236 822 415 484 521 629 731 522 633 660 
21
22 30 66 68 71 72 73 76 79 84 88 95 140 150 156 158 162 173 178 179 193 
50 20
831 419 918 252 218 186 102 527 311 413 809 365 745 375 380 283 394 13 679 420 
14
8 68 73 76 78 103 117 127 133 143 146 180 186 192 
51 19
970 933 635 148 102 510 44 588 914 285 47 761 862 307 395 597 244 614 615 
22
7 9 19 24 26 63 75 84 89 94 96 100 105 111 122 125 144 160 168 183 191 192 
52 25
814 869 758 747 727 301 420 235 58 293 139 627 479 979 831 202 350 588 788 344 492 527 617 725 688 
22
2 5 9 15 17 28 34 42 68 74 80 92 109 120 149 151 161 170 174 175 188 198 
53 23
909 907 866 861 751 728 244 618 155 461 43 400 8 29 75 556 309 615 982 464 545 333 555 
21
3 37 57 66 74 90 97 104 112 113 117 118 121 128 136 159 165 171 178 181 196 
54 19
948 931 466 738 292 7 377 188 937 641 123 313 905 388 885 182 441 742 791 
26
10 17 18 21 29 45 60 67 70 72 73 74 75 78 79 82 100 132 133 135 143 144 156 178 183 184 
55 21
794 249 555 161 759 204 43 966 226 44 469 355 491 939 458 671 523 749 416 379 564 
18
8 13 14 48 61 63 66 90 106 107 116 124 139 160 173 175 179 183 
56 18
958 315 302 234 116 184 318 478 246 801 576 578 630 553 664 861 787 821 
10
17 23 70 72 127 134 169 180 186 194 
57 24
788 745 713 916 213 90 22 396 86 197 848 774 71 237 272 476 354 405 369 925 814 444 648 450 
23
15 16 27 38 41 53 61 70 88 93 96 97 119 121 135 157 163 175 177 180 195 196 198 
58 26
950 892 608 597 512 98 43 614 59 935 195 128 17 700 108 34 656 434 323 205 426 310 187 335 198 420 
15
4 43 72 87 105 107 108 114 116 124 133 140 163 184 189 
59 18
968 358 273 143 698 430 685 988 322 22 429 786 956 445 84 824 861 867 
20
2 11 13 28 38 46 87 102 111 129 148 150 162 163 165 167 170 180 188 192 
60 18
449 649 331 394 320 452 472 506 540 761 937 863 291 587 638 939 125 680 
15
23 45 54 62 85 97 100 105 112 135 136 146 153 185 189 
61 26
995 833 760 712 608 606 496 193 295 481 615 171 129 350 734 401 486 43 400 71 858 192 377 394 212 492 
24
8 19 21 27 41 55 57 64 69 71 76 88 102 104 110 113 114 129 135 164 172 174 185 196 
62 15
922 954 682 545 500 267 6 581 3 625 251 115 112 406 117 
22
7 16 20 26 27 31 33 48 60 65 78 88 100 104 120 139 143 154 168 173 191 192 
63 21
987 982 945 972 935 481 194 806 230 181 708 61 505 552 558 282 615 683 648 696 846 
20
16 20 24 29 46 51 55 64 78 82 89 101 109 122 131 141 165 167 177 194 
64 30
793 743 697 695 694 915 730 656 345 617 88 636 377 679 13 159 499 877 211 26 856 375 659 363 511 463 413 524 849 590 
29
13 28 29 34 38 61 63 79 86 92 95 97 107 108 110 116 132 135 137 138 145 146 159 164 169 183 190 192 195 
65 13
999 923 915 767 917 594 732 171 178 280 333 452 470 
14
1 2 13 19 62 66 74 131 137 160 169 184 185 199 
66 14
997 987 856 710 639 631 141 811 267 75 195 527 374 388 
19
5 6 18 19 23 34 47 49 53 55 65 72 77 97 101 142 161 162 192 
67 18
915 811 544 748 476 365 773 122 9 757 114 641 412 560 777 592 602 690 
17
21 30 33 34 45 46 54 68 71 118 128 130 135 136 182 198 199 
68 21
949 920 918 770 650 445 1 312 960 72 109 39 388 694 352 389 450 71 626 589 655 
22
14 40 44 45 49 50 52 67 74 88 89 106 120 128 129 138 149 157 175 184 189 194 
69 23
791 740 114 762 725 392 731 139 604 530 62 15 559 576 24 313 415 927 298 103 325 228 376 
15
5 24 61 100 101 124 133 156 162 170 177 181 185 189 195 
70 20
997 935 244 942 239 198 708 618 26 638 260 186 492 286 546 571 500 722 924 739 
19
3 19 21 54 56 57 91 102 108 125 133 136 152 156 165 180 183 191 197 
71 17
922 260 56 73 211 127 823 268 192 710 561 669 771 733 750 794 809 
12
15 21 38 49 61 67 83 90 120 124 160 189 
72 15
987 412 493 408 367 534 296 63 48 74 209 158 393 121 138 
26
8 9 10 16 49 54 56 58 66 88 92 95 108 116 119 121 133 134 142 144 151 164 173 188 189 196 
73 15
766 585 517 393 321 651 311 268 181 414 193 10 214 201 252 
17
16 24 41 45 49 50 54 97 124 130 140 149 160 165 167 176 182 
74 21
907 834 959 811 323 281 485 66 172 346 716 350 227 486 458 898 713 438 549 261 779 
26
2 26 29 31 52 53 54 65 68 81 84 87 93 120 136 139 144 145 154 156 157 158 174 181 186 189 
75 18
964 728 656 195 151 661 143 350 128 383 78 485 504 529 614 592 694 711 
15
22 30 34 45 51 54 76 93 102 106 140 158 166 181 185 
76 30
906 888 887 833 671 913 654 704 556 467 163 766 248 350 187 169 996 441 263 82 230 195 380 673 562 414 127 423 141 437 
31
1 9 20 22 26 31 48 49 50 61 75 84 111 113 118 121 127 128 129 144 145 149 156 163 172 175 184 186 187 188 189 
77 14
994 829 870 768 439 908 279 799 612 662 805 669 783 749 
14
30 66 80 85 116 123 143 150 158 167 184 186 187 188 
78 14
820 775 774 609 577 393 125 83 821 328 535 127 200 334 
23
7 32 34 40 42 50 54 62 63 79 88 91 99 101 110 116 118 125 146 169 172 183 185 
79 21
961 923 902 864 197 77 178 143 121 203 730 358 145 404 408 806 510 525 592 634 759 
24
1 23 25 31 35 49 54 64 78 80 83 86 101 109 126 156 158 160 167 176 186 189 190 192 
80 16
969 917 849 758 831 576 936 545 126 245 794 46 247 428 745 524 
17
1 2 3 9 21 47 52 77 79 84 109 113 115 150 177 188 193 
81 18
918 886 648 710 370 518 97 539 336 743 427 686 59 762 608 867 327 882 
18
14 21 23 27 32 37 42 47 74 97 100 112 127 134 146 181 184 192 
82 16
878 632 585 967 525 694 439 214 382 76 732 52 18 120 890 278 
14
18 25 32 43 54 63 85 93 95 120 137 149 171 189 
83 16
834 651 588 951 543 488 670 381 370 399 59 4 89 346 91 128 
21
15 34 37 44 47 48 71 79 86 103 106 121 122 124 125 129 138 147 161 163 175 
84 11
935 738 607 713 118 861 419 317 576 273 460 
21
33 44 47 49 51 74 76 80 94 110 117 120 124 140 158 159 161 165 166 179 195 
85 21
951 861 237 150 182 880 658 184 36 123 860 268 270 280 364 579 634 709 265 598 672 
15
2 3 13 31 34 40 41 60 77 82 109 120 148 165 184 
86 16
1000 796 745 670 627 525 467 737 142 5 234 318 631 427 308 357 
14
11 23 64 79 83 92 100 118 119 153 167 176 178 190 
87 18
969 502 604 839 173 785 170 196 85 64 67 439 541 723 575 618 681 838 
23
2 5 31 48 58 59 74 93 100 109 110 135 137 142 158 163 165 168 169 175 187 188 199 
88 19
994 913 843 362 250 706 185 36 376 750 196 85 697 486 826 500 738 649 684 
24
1 16 17 24 37 49 57 61 62 68 72 78 112 117 119 121 124 127 134 166 172 174 179 195 
89 28
973 911 849 918 844 795 720 712 819 671 96 121 65 439 835 798 132 95 452 588 327 360 496 315 537 426 629 653 
13
7 24 42 47 51 63 68 105 116 119 142 152 182 
90 11
764 680 636 276 395 591 787 175 307 758 503 
23
1 10 12 14 18 22 42 53 55 71 92 107 122 131 141 149 158 165 177 180 185 186 193 
91 18
923 884 172 166 148 78 86 93 426 794 313 408 561 867 298 446 583 628 
17
4 5 16 35 38 70 78 95 110 111 126 163 165 185 192 195 196 
92 14
867 765 704 501 934 101 703 74 176 190 498 605 588 384 
18
6 13 46 52 64 72 86 90 100 103 116 124 126 137 148 154 165 180 
93 26
981 881 898 861 779 606 712 342 254 33 989 249 521 108 414 593 482 99 857 450 422 459 546 398 472 479 
20
1 11 43 57 74 75 82 87 99 111 112 113 118 137 144 145 148 162 171 195 
94 21
993 979 889 873 823 187 510 159 156 45 248 81 673 57 279 293 301 481 576 682 764 
16
17 21 26 37 44 51 84 102 124 128 133 145 156 164 165 166 
95 15
947 930 967 695 923 566 515 188 384 57 257 458 339 949 388 
20
10 11 49 64 72 82 91 97 106 107 122 134 139 144 161 164 174 187 192 198 
96 17
862 145 128 247 112 231 294 43 302 76 335 414 440 209 579 761 613 
17
17 20 22 40 51 57 110 118 121 125 133 147 160 171 176 177 197 
97 29
923 897 740 670 642 114 352 887 702 147 98 797 353 378 691 25 878 138 175 186 577 639 269 661 439 440 650 21 465 
23
2 7 10 53 57 60 64 66 73 81 95 98 105 142 149 152 170 174 176 178 179 185 199 
98 16
949 861 790 605 604 748 561 896 845 29 3 584 346 362 359 529 
16
13 17 22 23 24 26 97 109 114 137 150 152 153 170 182 191 
99 24
846 833 659 181 863 160 432 73 209 38 17 824 565 343 860 416 2 594 966 781 300 559 596 605 
14
9 23 39 41 78 93 104 123 133 138 150 160 171 196 
100 20
972 960 939 919 363 873 228 194 217 112 369 464 600 411 855 441 430 578 833 767 
21
22 25 41 51 54 60 62 69 81 86 87 92 102 129 137 139 141 152 154 164 197 
101 18
984 955 288 424 161 552 628 739 369 131 173 139 592 409 742 748 891 899 
21
3 12 25 34 35 39 63 66 69 78 79 121 128 145 150 161 174 178 180 190 198 
102 20
981 733 180 105 62 905 239 225 262 534 832 92 721 295 376 347 495 555 518 695 
18
5 6 25 59 61 70 75 94 100 121 136 138 142 146 147 164 169 189 
103 19
940 836 335 811 495 169 407 104 141 362 85 91 900 419 443 528 451 507 598 
16
7 21 26 35 37 40 50 83 92 108 129 156 170 180 186 190 
104 18
850 384 197 777 246 416 896 267 193 720 400 621 168 649 417 787 778 815 
18
12 18 26 44 46 53 61 62 99 109 127 131 145 152 163 181 185 189 
105 23
975 848 687 244 226 196 468 795 536 863 567 604 794 54 549 253 113 449 417 602 480 999 592 
20
1 3 24 35 37 44 51 58 60 89 97 119 125 132 141 153 176 186 188 195 
106 22
904 835 786 49 297 443 153 914 840 63 318 763 171 430 219 515 543 547 603 455 640 723 
25
6 10 23 29 33 39 55 68 75 83 95 121 122 125 145 146 151 153 158 168 170 174 186 191 195 
107 17
927 451 309 260 923 176 32 763 603 756 715 817 128 831 572 868 833 
21
9 21 22 23 32 46 55 58 64 90 95 110 115 127 139 143 154 175 178 192 194 
108 23
928 865 840 831 825 341 715 269 575 728 952 212 37 95 482 514 548 436 769 597 775 627 721 
15
6 38 41 46 58 64 70 72 103 115 118 126 145 153 165 
109 25
959 906 820 730 705 668 924 221 193 158 549 157 135 324 426 359 457 969 784 525 96 503 534 615 654 
31
0 21 22 27 35 36 39 41 45 48 52 63 79 80 85 87 98 104 118 127 132 133 140 145 159 168 171 173 191 193 195 
110 12
979 899 663 844 504 76 823 41 132 131 208 227 
19
4 7 46 61 64 78 84 87 91 96 107 120 141 151 152 157 165 168 181 
111 19
948 917 909 394 357 301 7 13 731 805 481 380 787 205 501 415 526 292 588 
18
2 16 23 34 36 41 51 59 76 91 93 123 151 163 167 178 188 190 
112 22
789 825 751 614 545 232 187 46 369 420 539 284 25 501 287 108 330 373 461 866 496 532 
22
1 22 23 26 27 34 37 48 53 60 81 88 93 117 119 122 130 135 139 144 172 196 
113 21
962 901 847 45 105 453 9 19 238 28 250 928 891 484 262 744 285 618 195 713 763 
17
1 4 11 32 53 61 76 80 93 151 154 164 167 178 184 190 192 
114 17
101 22 889 461 67 733 34 970 489 152 744 869 795 948 579 686 854 
21
5 18 27 28 30 33 36 42 58 61 98 119 122 127 130 132 145 147 149 188 194 
115 17
761 151 389 134 504 97 5 379 89 395 147 480 192 229 394 213 509 
11
1 15 80 107 108 123 124 145 147 154 160 
116 19
952 907 220 183 96 271 160 139 835 428 104 342 750 272 320 375 655 598 820 
18
5 23 26 34 42 44 45 55 58 64 72 77 78 89 92 129 160 167 
117 20
888 840 698 251 421 582 165 267 352 590 847 440 77 519 242 57 168 390 354 428 
13
13 18 40 41 50 53 84 88 112 149 175 182 196 
118 25
746 675 714 603 595 164 338 482 261 483 879 842 139 177 547 107 366 367 421 887 591 992 437 518 563 
25
0 10 11 18 25 30 42 53 67 76 78 86 93 96 108 109 119 123 143 147 164 172 189 195 199 
119 22
898 856 810 803 724 362 18 77 40 414 686 208 231 342 546 364 492 941 127 90 201 645 
25
1 4 8 27 33 57 72 86 88 89 105 112 114 118 123 128 145 146 147 160 161 189 192 193 197 
120 26
966 950 942 668 303 940 274 234 16 33 344 993 364 379 413 467 989 286 397 471 962 925 851 444 629 663 
24
3 9 20 23 36 40 52 62 68 71 74 82 84 85 110 129 158 163 165 168 175 180 188 196 
121 26
939 905 837 652 620 607 181 402 217 506 161 871 205 9 281 44 674 267 354 621 547 362 431 493 480 517 
26
15 18 19 25 26 40 44 53 57 72 76 83 88 96 101 102 106 122 123 126 129 131 141 160 167 191 
122 15
839 754 747 729 620 554 26 534 7 957 413 34 283 955 428 
18
1 25 26 45 51 63 83 90 95 106 112 114 121 129 163 180 191 195 
123 25
989 794 678 654 226 177 75 262 211 137 426 57 858 192 414 236 647 610 785 267 326 864 383 739 554 
21
14 33 34 37 77 99 111 115 118 119 121 124 129 135 138 143 154 171 182 187 191 
124 13
879 720 592 564 540 382 130 487 968 16 429 741 248 
23
10 15 31 48 55 58 69 71 73 83 84 88 92 94 115 123 126 130 132 136 146 151 163 
125 21
998 883 846 838 804 234 642 630 778 192 549 178 6 88 427 503 536 570 409 742 759 
21
10 12 19 27 41 47 51 70 78 83 96 105 106 139 151 157 158 161 163 185 188 
126 21
967 855 638 303 133 11 215 285 421 131 816 483 514 565 832 351 536 547 563 578 595 
20
10 15 27 31 47 79 91 92 108 121 124 137 156 165 168 174 175 191 193 194 
127 16
971 404 793 351 305 276 60 230 571 503 61 938 71 510 34 255 
25
17 22 25 28 36 41 46 50 56 76 81 88 104 107 109 114 134 138 140 152 164 168 172 178 197 
128 20
822 811 145 131 972 306 973 714 284 210 312 105 220 479 226 235 51 273 280 504 
12
9 14 21 53 67 68 76 94 101 119 149 165 
129 23
986 910 901 865 849 270 593 248 452 188 208 314 845 586 218 329 898 343 449 580 311 348 829 
32
1 5 7 8 15 16 17 19 25 34 36 43 59 61 68 76 83 100 103 116 120 121 122 123 135 152 156 157 159 160 169 172 
130 27
983 946 942 937 898 722 621 668 113 538 555 157 3 88 672 302 321 508 563 341 11 381 240 388 425 738 516 
21
10 11 21 35 41 42 67 73 112 114 124 132 135 144 147 156 161 162 167 183 198 
131 20
895 264 236 907 241 389 124 846 291 687 835 245 23 319 424 366 477 520 845 623 
17
1 8 11 24 46 63 65 90 104 121 136 141 164 166 170 189 190 
132 19
912 103 86 528 960 72 701 938 13 147 45 156 291 393 495 192 525 89 644 
19
30 32 38 40 46 48 54 64 105 109 114 124 130 135 136 156 160 192 196 
133 24
943 828 856 782 750 648 330 415 235 568 211 100 474 355 96 989 249 98 246 298 747 155 414 480 
19
6 12 43 50 54 58 69 70 72 94 96 99 109 136 142 145 147 153 191 
134 24
982 947 890 785 695 297 373 994 254 441 527 936 677 85 418 622 397 413 407 37 481 78 559 665 
16
15 32 56 72 81 88 95 127 145 147 168 176 182 183 186 192 
135 22
850 823 524 865 643 129 283 741 334 385 20 263 800 60 403 599 133 577 614 745 79 634 
20
8 26 30 39 54 57 60 61 64 67 87 112 123 129 130 132 158 166 196 199 
136 17
132 81 106 15 763 314 260 408 945 427 512 477 783 639 241 759 862 
24
4 15 31 36 43 53 60 67 70 74 102 124 131 132 133 161 164 169 172 174 177 179 194 198 
137 21
853 851 784 58 381 64 234 50 26 156 411 25 919 142 334 669 3 447 532 505 665 
21
0 13 21 46 64 65 82 87 92 93 98 100 126 152 155 157 166 172 180 187 188 
138 28
990 973 966 941 910 902 827 812 784 155 138 27 5 736 24 256 857 783 289 315 803 322 433 438 950 506 208 652 
22
5 6 12 14 18 25 29 40 64 68 83 99 102 123 127 162 165 166 170 174 190 194 
139 22
980 903 863 167 155 198 640 23 736 144 212 210 247 341 157 379 993 438 961 591 539 602 
26
7 12 23 25 28 31 39 48 55 62 74 95 100 107 112 125 140 142 144 145 148 155 156 167 180 198 
140 11
753 673 353 343 162 161 228 270 236 594 254 
18
6 8 14 20 21 49 58 73 75 84 109 127 139 146 160 168 188 191 
141 23
953 929 752 689 13 103 830 16 15 593 653 98 172 481 600 402 821 414 17 535 18 277 573 
22
3 21 27 37 63 90 100 105 110 121 131 144 145 150 154 155 173 176 177 182 191 197 
142 23
903 864 826 807 730 211 731 176 601 146 21 108 293 77 673 229 672 487 930 560 628 683 727 
14
18 23 24 40 66 72 87 89 97 102 133 139 163 170 
143 20
998 843 794 772 64 63 18 205 75 630 51 88 192 379 968 413 440 2 520 708 
20
29 34 40 42 43 50 54 62 77 107 118 123 146 150 154 156 171 179 197 199 
144 15
907 783 724 746 542 813 524 145 430 243 105 526 169 212 234 
20
21 24 31 33 46 51 54 72 74 76 93 95 112 130 139 141 146 148 152 181 
145 23
947 980 906 850 778 746 893 5 69 528 579 40 107 70 393 583 546 21 378 130 270 285 590 
26
8 19 39 64 74 76 93 94 101 104 106 108 109 114 115 119 133 134 139 141 167 170 174 177 179 191 
146 28
974 881 848 943 721 156 159 312 81 591 741 1 781 41 864 124 235 738 368 250 657 508 982 612 925 629 749 638 
20
13 20 35 39 42 50 60 64 78 81 102 106 119 124 140 143 144 154 168 181 
147 21
913 717 681 149 204 221 208 255 33 877 803 63 106 624 209 229 331 368 381 536 547 
18
22 38 46 83 96 102 114 115 118 119 130 133 134 156 162 181 195 196 
148 22
944 886 849 820 268 899 381 223 123 192 668 275 348 773 468 245 171 467 578 813 628 643 
16
15 21 30 41 59 85 92 93 139 144 160 181 182 184 188 198 
149 24
990 976 963 950 892 869 687 679 272 363 158 22 33 407 560 385 422 299 484 513 599 261 631 648 
13
40 52 68 73 76 82 90 97 114 117 128 151 178 
150 24
845 831 797 780 714 78 25 280 135 305 812 146 72 911 208 531 37 326 167 375 804 138 397 678 
12
1 2 39 49 59 77 80 98 99 101 141 143 
151 13
811 758 720 669 619 30 385 762 728 575 593 101 594 
13
2 39 52 72 106 110 111 113 124 125 149 155 164 
152 22
914 820 765 168 124 762 22 232 989 64 282 411 479 853 483 484 465 613 526 711 79 745 
17
20 46 70 89 97 98 100 104 110 127 129 137 144 153 166 171 184 
153 18
322 33 935 713 926 260 906 177 32 428 361 435 448 740 45 859 426 796 
18
0 22 23 28 45 60 86 98 105 106 108 133 152 154 155 159 167 199 
154 21
938 878 826 777 769 177 1 269 35 405 8 5 14 310 356 755 459 728 580 682 581 
21
21 34 42 48 62 74 92 100 107 113 115 123 141 143 146 153 167 173 181 186 198 
155 23
905 900 861 788 93 144 21 395 954 843 769 32 31 3 649 227 568 947 96 614 675 55 758 
12
8 22 26 29 33 42 137 139 141 151 153 187 
156 24
990 979 835 808 792 932 784 282 180 269 116 167 249 554 776 551 596 410 632 675 832 684 419 752 
31
14 18 19 23 24 26 30 40 46 49 54 69 70 74 76 79 94 103 126 129 130 132 139 143 147 164 178 191 195 196 197 
157 24
836 861 676 748 341 562 351 504 87 21 49 705 113 372 812 146 405 675 490 482 510 653 781 670 
17
8 11 31 40 42 57 68 74 110 125 129 137 163 178 184 194 198 
158 17
933 372 206 138 149 38 837 194 517 440 292 168 575 643 595 842 906 
21
5 18 22 25 46 49 74 75 77 79 84 87 90 106 120 125 135 165 169 177 180 
159 22
980 898 842 764 669 215 932 44 926 741 63 652 282 356 464 244 96 614 708 671 739 756 
14
25 27 38 45 53 64 84 109 129 153 170 173 177 191 
160 15
956 700 485 74 984 712 66 760 97 928 146 195 657 623 470 
23
2 4 15 17 29 51 55 65 71 73 79 96 99 115 116 119 121 129 132 140 148 187 196 
161 21
790 891 743 658 12 57 4 43 191 344 582 314 535 182 552 637 511 953 102 583 602 
16
8 11 37 39 45 52 66 83 84 95 101 119 125 130 136 191 
162 19
908 880 832 468 479 785 445 297 676 50 124 804 534 650 657 759 234 567 715 
18
9 14 19 20 47 49 59 66 69 93 130 138 147 166 173 183 188 197 
163 17
824 304 324 128 604 63 746 709 4 22 566 442 465 550 777 518 611 
23
10 19 24 41 42 57 58 59 76 83 87 91 104 111 120 122 124 125 142 157 170 184 185 
164 29
898 856 768 742 739 719 642 535 821 118 752 49 304 389 46 3 651 22 316 58 206 658 325 199 495 738 146 516 524 
21
1 20 25 27 61 64 72 94 95 100 102 113 118 127 131 136 151 156 169 186 196 
165 21
929 917 889 884 720 370 179 142 87 376 133 119 204 271 418 649 668 580 691 200 718 
31
0 3 11 20 23 32 36 53 59 63 70 73 84 85 87 90 91 92 94 108 110 120 126 128 138 158 166 178 180 191 193 
166 24
930 901 899 877 766 729 175 140 497 120 23 111 74 229 234 274 844 326 505 464 538 970 674 595 
20
3 26 34 75 84 88 94 131 135 137 138 152 162 165 176 183 184 186 189 198 
167 28
985 887 637 610 670 596 919 586 764 246 382 511 141 396 139 292 599 377 479 6 196 21 284 256 330 871 390 436 
23
6 9 34 38 59 63 73 77 79 86 111 113 116 121 130 139 145 153 154 177 181 186 191 
168 22
961 947 748 226 210 693 138 720 54 129 92 451 638 803 655 449 264 375 463 510 541 640 
17
7 9 37 41 51 62 87 106 109 110 120 126 127 134 140 146 169 
169 16
899 882 760 966 660 421 639 27 974 209 4 187 483 245 844 283 
18
9 27 28 44 56 64 65 78 87 102 129 136 158 164 168 180 189 197 
170 21
879 874 838 834 710 761 688 53 119 230 264 166 536 772 69 416 749 144 662 707 729 
23
4 6 9 10 17 41 52 59 69 97 98 103 106 131 138 142 145 159 163 174 176 184 195 
171 23
978 937 898 797 905 387 659 351 589 169 28 509 85 857 80 410 416 433 429 449 619 975 605 
13
15 40 43 53 82 93 96 99 109 123 143 152 197 
172 20
977 899 893 871 182 97 109 653 806 204 493 36 767 222 253 317 47 861 350 617 
13
27 33 36 61 76 78 88 112 118 127 129 136 137 
173 16
988 878 535 744 455 380 345 175 502 315 34 709 63 97 423 66 
15
0 2 23 32 49 55 62 72 109 141 154 159 162 191 193 
174 18
991 204 261 378 412 905 175 987 210 432 494 507 949 577 23 985 603 746 
21
19 25 43 44 52 61 74 88 95 97 101 106 126 136 138 145 170 180 181 182 188 
175 20
795 774 702 204 32 213 844 178 150 87 227 313 317 640 316 353 608 373 394 590 
21
1 3 4 5 25 41 44 47 52 55 57 68 76 83 87 107 117 120 126 184 193 
176 26
933 925 870 680 641 639 76 59 501 792 52 926 778 1 38 23 617 99 507 118 217 228 502 401 383 457 
14
17 36 43 73 79 86 96 97 105 134 141 166 170 184 
177 25
815 779 747 553 878 101 734 105 21 106 293 8 147 194 870 500 301 511 437 329 127 460 670 4 485 
17
22 29 38 42 57 63 69 80 90 96 136 141 145 158 159 167 181 
178 16
980 910 893 875 637 479 883 424 391 66 234 2 104 141 313 194 
20
1 4 5 13 17 49 53 54 86 97 101 107 111 113 127 149 156 157 165 183 
179 18
988 929 316 224 167 796 67 620 25 654 46 529 572 780 865 783 678 789 
13
21 49 55 84 88 97 136 143 145 180 188 196 197 
180 19
991 990 922 375 545 851 218 847 512 166 303 525 78 559 651 680 701 764 822 
24
10 15 19 31 33 35 50 56 57 59 70 90 92 101 103 120 122 137 139 158 165 169 174 179 
181 17
407 164 708 759 33 144 21 920 476 466 651 600 711 779 780 845 868 
21
11 18 37 46 53 69 74 75 81 104 110 144 146 147 148 154 167 174 177 185 193 
182 20
963 811 210 711 193 74 234 143 812 294 231 416 603 548 320 616 559 551 514 662 
20
0 14 18 24 28 33 43 46 67 73 89 98 117 123 134 141 148 174 185 199 
183 17
863 209 668 189 260 38 548 304 610 95 270 455 642 710 427 575 834 
16
1 51 54 55 64 70 78 130 134 162 166 178 184 188 189 199 
184 23
925 991 917 889 825 456 7 602 375 398 324 646 497 988 803 187 557 611 669 717 922 774 818 
24
0 18 19 43 46 54 58 65 68 76 77 81 85 113 148 152 157 163 166 170 175 176 183 188 
185 23
931 929 912 351 323 459 916 65 575 762 584 140 962 888 294 627 924 295 628 671 898 676 682 
24
1 21 22 27 33 36 40 41 43 60 61 65 69 75 78 90 91 97 104 125 163 181 182 199 
186 21
961 903 95 333 127 1 717 14 456 176 226 447 166 240 242 765 284 500 782 153 708 
21
10 11 37 40 46 50 56 74 76 77 79 90 103 105 106 134 154 164 166 167 187 
187 26
982 911 848 740 671 669 808 660 246 126 87 154 80 816 261 435 47 639 937 271 530 532 630 593 627 655 
18
12 14 28 32 36 37 41 46 76 77 87 95 123 137 155 160 186 188 
188 18
976 342 341 562 317 368 65 575 609 129 430 441 957 365 513 783 709 863 
25
0 35 48 52 59 72 76 77 80 87 105 111 114 120 125 137 140 148 162 174 179 183 184 187 192 
189 12
859 646 628 511 122 637 25 194 937 223 253 499 
28
4 7 18 19 21 25 39 44 58 60 68 69 71 72 74 76 79 82 102 104 118 119 131 166 169 183 195 198 
190 15
847 761 622 569 431 70 545 35 83 216 940 668 379 500 415 
15
9 33 34 42 48 64 79 86 101 103 111 113 131 138 194 
191 16
641 566 519 677 422 389 40 868 18 674 368 432 58 275 926 280 
30
16 17 18 31 37 40 41 51 62 70 98 106 109 121 122 123 126 133 140 141 145 156 159 161 165 167 173 192 193 198 
192 26
959 862 755 681 605 291 633 189 115 680 14 927 372 43 396 430 697 438 549 719 423 534 449 486 537 573 
23
5 20 26 30 39 50 51 59 62 64 66 79 81 91 95 107 113 119 132 134 188 191 197 
193 22
1000 987 948 935 836 406 362 574 50 560 92 425 413 302 450 488 529 268 601 754 606 683 
14
0 11 28 49 80 90 109 119 126 165 173 175 181 191 
194 22
900 807 540 166 453 589 841 138 32 857 80 565 579 948 615 724 738 718 755 776 739 747 
11
25 56 63 68 107 114 126 136 138 157 190 
195 13
905 891 892 722 643 988 886 2 1 32 210 363 607 
20
21 26 48 57 64 69 84 88 91 93 105 106 109 118 122 147 156 170 189 198 
196 18
974 909 207 151 142 35 101 288 390 696 218 320 156 230 386 404 708 786 
18
4 53 57 61 72 91 99 112 117 120 132 135 147 156 160 164 179 197 
197 17
850 140 123 599 68 393 120 681 469 144 588 489 812 534 470 618 760 
16
36 41 70 96 100 119 127 141 143 156 162 169 171 179 192 196 
198 19
879 299 673 238 258 880 547 853 217 69 664 141 371 864 429 872 502 512 721 
20
3 16 37 43 45 52 57 67 95 101 130 136 139 148 154 157 166 189 191 195 
199 12
864 695 596 464 451 650 174 45 380 382 199 420 
15
7 16 26 32 65 67 87 97 118 135 143 153 182 183 185 
