200 1000
0 24
883 817 803 715 687 132 149 30 82 286 908 168 70 742 298 305 794 313 670 333 486 660 549 598 
12
29 43 109 118 137 153 165 173 182 184 188 193 
1 16
713 682 639 571 471 884 425 484 229 604 264 168 402 232 249 381 
25
8 12 16 42 65 76 79 80 88 90 93 105 112 113 115 119 122 129 131 150 164 175 178 183 185 
2 26
957 903 899 825 804 770 563 121 36 60 116 42 484 934 268 472 557 900 271 312 833 389 78 411 515 562 
19
15 17 18 24 34 47 52 59 65 74 80 85 87 97 111 150 151 160 173 
3 20
913 853 785 178 331 759 140 416 120 783 68 116 948 245 328 343 572 350 164 386 
20
13 20 23 24 27 35 40 44 53 70 80 85 101 105 120 141 165 166 175 198 
4 25
939 805 788 926 186 821 118 151 100 131 748 156 207 700 404 967 486 502 518 844 622 548 609 290 660 
16
5 25 32 41 58 91 110 113 119 136 160 170 175 178 189 196 
5 22
993 983 889 250 185 929 78 384 27 323 351 377 564 479 405 739 332 517 927 631 733 652 
20
4 11 20 27 37 38 52 66 69 87 91 102 114 116 129 138 158 175 178 192 
6 15
836 433 846 421 857 415 701 123 129 73 124 645 237 686 244 
14
17 20 31 46 66 92 102 106 108 133 138 140 167 170 
7 25
982 897 876 874 862 848 705 678 223 44 216 401 74 346 17 425 360 581 180 439 635 450 517 526 528 
15
33 37 40 51 62 78 89 97 103 110 129 139 168 189 199 
8 22
919 868 847 819 170 570 237 594 713 48 575 97 928 743 574 487 598 991 695 383 716 784 
19
1 11 22 27 44 45 50 55 61 72 119 129 131 135 140 145 155 157 161 
9 16
965 941 864 704 700 689 505 253 486 61 529 172 277 511 120 443 
21
29 40 41 42 45 48 51 52 72 76 80 99 107 120 128 162 167 168 169 170 190 
10 29
942 915 861 731 819 671 613 247 187 873 170 887 813 221 674 45 283 470 999 148 590 120 268 699 329 584 475 196 492 
19
21 23 35 38 54 72 90 95 97 106 118 124 125 126 130 163 170 180 186 
11 12
883 995 842 802 744 650 214 32 529 626 430 583 
24
5 8 15 16 17 24 26 32 44 47 59 86 93 95 113 118 130 131 157 161 165 181 186 193 
12 21
925 916 870 848 237 16 373 458 231 155 80 247 355 627 409 510 526 82 674 924 702 
13
1 22 33 35 46 90 101 104 125 133 138 139 187 
13 15
913 762 976 738 700 579 571 176 96 317 960 331 459 502 468 
17
3 14 15 18 31 37 55 59 64 65 85 92 98 117 137 146 178 
14 19
869 814 757 261 205 149 21 45 173 691 366 369 398 708 449 585 562 599 525 
15
13 31 33 55 68 81 90 123 128 138 140 156 162 182 187 
15 15
947 914 728 672 883 628 428 406 399 72 293 41 194 249 255 
23
2 11 13 21 22 23 24 47 52 57 71 83 115 121 124 126 129 134 136 148 160 171 180 
16 20
926 916 193 8 140 70 349 386 855 522 317 539 401 404 426 511 780 743 447 779 
18
1 11 32 38 40 41 57 62 63 72 73 88 91 111 129 191 198 199 
17 23
951 905 806 251 608 109 24 939 88 844 326 946 428 82 43 323 714 407 662 930 597 614 741 
23
2 6 11 19 23 28 32 33 41 52 54 56 88 94 96 98 127 129 160 170 176 178 191 
18 15
825 750 747 509 399 992 839 295 23 114 882 66 1 69 132 
20
2 13 54 66 82 90 104 114 117 118 121 138 142 156 158 181 182 184 189 191 
19 22
988 945 892 854 431 278 737 956 660 350 314 518 603 164 459 435 509 371 630 762 651 712 
18
17 40 51 61 65 66 70 121 125 129 145 156 162 163 174 180 184 189 
20 29
676 915 656 642 743 595 978 571 534 152 527 8 567 382 657 213 129 917 362 464 532 533 385 68 31 438 465 479 500 
17
3 5 6 36 48 62 63 76 96 120 140 146 152 162 164 165 192 
21 24
951 866 861 826 757 139 547 5 182 154 70 807 215 363 365 929 374 429 503 924 369 517 653 677 
28
10 15 22 24 39 54 61 67 70 71 80 81 94 103 107 109 128 130 137 140 141 144 148 154 179 185 189 195 
22 16
914 761 668 631 599 463 910 43 15 874 92 977 858 59 142 222 
26
8 12 15 21 27 37 38 45 47 49 75 76 90 96 98 100 107 109 112 127 147 153 155 158 177 185 
23 24
990 985 974 913 910 759 720 658 269 252 717 643 119 561 35 77 453 640 497 576 403 588 634 642 
27
3 10 15 17 30 42 46 56 60 66 79 81 86 98 99 106 107 111 112 116 120 139 142 153 156 165 173 
24 20
838 743 294 146 757 350 537 58 381 449 818 670 281 655 210 99 314 420 446 545 
22
2 3 11 15 21 25 36 38 51 63 69 73 88 89 98 105 131 142 144 156 163 182 
25 23
919 868 823 816 272 931 191 259 459 718 805 287 729 84 930 116 402 552 553 608 727 736 743 
25
4 24 30 36 43 45 79 82 100 101 102 118 121 122 127 129 138 139 158 159 164 174 175 189 194 
26 22
992 803 725 614 575 223 88 224 25 514 121 306 415 152 448 943 499 567 83 490 225 558 
20
11 51 62 74 76 94 98 103 104 112 116 121 122 135 155 156 166 192 195 199 
27 21
800 812 738 269 148 113 75 20 904 275 34 646 943 314 379 447 398 509 529 699 548 
21
3 5 8 22 34 57 61 62 81 109 112 114 119 125 126 141 159 164 169 172 185 
28 21
982 836 790 759 332 164 28 674 134 519 1 117 376 403 738 664 516 737 650 338 671 
16
17 37 42 43 47 52 59 64 114 127 139 153 169 182 187 193 
29 17
913 22 82 184 813 278 40 279 375 528 433 603 627 226 781 827 846 
13
0 9 46 54 63 64 74 106 138 143 155 160 177 
30 24
939 874 642 614 607 747 266 473 571 148 471 701 72 122 995 218 329 374 408 197 382 515 587 602 
14
23 25 35 49 67 75 77 114 118 132 135 148 156 192 
31 21
937 916 849 839 806 89 650 730 3 156 117 6 388 779 485 549 144 33 699 801 782 
21
6 13 14 35 36 40 43 62 74 76 79 85 87 124 126 136 139 144 157 180 191 
32 21
946 857 826 182 851 777 190 1 477 818 115 596 414 469 437 400 548 558 8 674 714 
16
4 11 16 17 40 78 81 82 107 113 132 134 165 173 187 199 
33 15
963 727 890 465 450 29 239 645 509 492 407 16 240 117 151 
21
7 12 14 17 39 42 44 62 67 84 106 114 119 123 144 155 172 180 182 185 190 
34 18
998 129 50 26 903 126 206 21 565 19 278 329 328 365 630 715 956 660 
23
2 27 41 47 52 64 66 67 75 78 83 85 101 111 112 116 123 129 143 154 166 167 190 
35 22
722 699 964 668 147 111 196 106 174 40 815 741 75 216 351 166 573 237 265 393 405 474 
16
3 10 12 30 31 37 79 91 101 103 105 109 130 146 180 188 
36 18
918 214 27 10 158 447 938 198 79 562 539 610 633 850 680 717 307 788 
18
20 24 25 31 38 109 111 114 120 127 129 136 165 172 176 185 187 197 
37 27
972 917 731 611 525 681 163 316 709 117 474 446 850 480 101 196 349 235 550 106 143 291 308 720 646 17 461 
25
5 7 13 22 28 35 42 43 53 81 83 88 94 103 105 112 123 141 161 168 181 186 187 191 198 
38 23
995 743 737 733 856 227 897 120 850 221 85 222 111 240 427 516 479 261 520 532 600 576 729 
18
5 10 16 22 24 36 41 57 59 64 71 91 108 132 147 159 167 177 
39 22
565 506 560 190 205 717 199 437 174 285 228 302 415 489 287 793 275 349 360 434 993 401 
18
21 33 41 42 45 99 101 106 109 135 139 145 146 150 151 161 189 192 
40 29
974 787 731 714 571 560 551 690 505 570 348 290 426 130 587 402 63 91 353 362 367 376 410 758 610 314 462 466 485 
26
3 7 9 16 19 31 32 68 78 85 96 103 117 120 121 132 138 142 143 149 156 157 171 185 186 191 
41 22
800 702 149 885 71 411 820 598 958 625 329 547 140 621 981 500 537 240 536 647 364 697 
29
4 9 16 17 34 38 39 57 61 73 85 99 100 108 109 111 117 125 127 130 148 163 168 170 175 185 187 191 197 
42 23
961 871 952 878 841 829 333 418 270 314 132 824 121 124 495 347 466 424 611 746 598 810 822 
25
1 9 23 28 33 37 39 46 52 78 81 89 90 114 116 118 130 143 146 154 155 157 163 177 190 
43 19
830 800 116 83 141 413 1 273 87 17 387 451 22 466 670 702 480 496 692 
19
0 25 28 31 37 58 82 93 129 133 136 143 171 174 176 182 184 185 198 
44 23
996 989 956 884 851 832 97 17 852 149 93 266 303 728 198 383 465 822 560 772 823 448 818 
16
3 8 11 33 68 83 84 94 104 105 116 121 169 174 175 189 
45 20
952 760 279 109 585 148 180 418 5 297 204 426 836 429 457 522 485 843 547 652 
18
8 9 22 25 39 54 60 67 68 73 75 109 116 122 153 159 161 198 
46 15
791 644 574 523 606 504 244 883 781 475 122 292 636 296 480 
27
6 12 23 29 42 59 63 67 92 104 107 108 110 127 131 132 137 144 147 152 156 158 181 182 184 186 187 
47 17
940 199 460 885 449 45 151 593 746 588 860 877 677 471 693 827 790 
16
2 11 15 22 28 34 66 80 81 83 84 89 125 126 162 175 
48 14
978 967 698 552 549 531 58 520 845 46 779 99 187 203 
16
9 20 55 62 76 83 87 109 112 124 132 139 154 188 190 195 
49 17
130 62 311 583 318 59 146 775 388 831 424 475 561 601 669 744 784 
21
22 30 66 68 71 72 73 76 79 84 88 95 140 150 156 158 162 173 178 179 193 
50 18
971 955 248 292 588 293 230 672 32 882 42 465 805 602 451 636 651 923 
14
8 68 73 76 78 103 117 127 133 143 146 180 186 192 
51 27
892 846 849 738 629 585 605 87 51 14 25 667 149 634 523 18 203 97 208 258 875 394 880 362 28 583 508 
22
7 9 19 24 26 63 75 84 89 94 96 100 105 111 122 125 144 160 168 183 191 192 
52 24
998 927 840 823 799 773 178 350 940 126 186 441 37 666 74 948 393 425 641 575 760 650 661 753 
22
2 5 9 15 17 28 34 42 68 74 80 92 109 120 149 151 161 170 174 175 188 198 
53 16
772 802 768 582 478 376 82 69 850 493 119 135 912 385 198 141 
21
3 37 57 66 74 90 97 104 112 113 117 118 121 128 136 159 165 171 178 181 196 
54 19
963 889 859 217 166 197 656 237 792 248 396 257 547 270 73 258 406 409 839 
26
10 17 18 21 29 45 60 67 70 72 73 74 75 78 79 82 100 132 133 135 143 144 156 178 183 184 
55 20
975 905 875 418 982 242 446 386 497 837 186 84 3 426 596 584 745 799 804 846 
18
8 13 14 48 61 63 66 90 106 107 116 124 139 160 173 175 179 183 
56 10
964 688 203 702 107 447 503 487 771 635 
10
17 23 70 72 127 134 169 180 186 194 
57 17
149 150 101 152 103 107 477 363 620 867 756 254 698 809 826 811 828 
23
15 16 27 38 41 53 61 70 88 93 96 97 119 121 135 157 163 175 177 180 195 196 198 
58 22
994 892 878 876 780 129 19 230 160 250 191 709 258 243 280 282 356 572 125 643 912 727 
15
4 43 72 87 105 107 108 114 116 124 133 140 163 184 189 
59 27
929 984 799 793 724 786 712 562 89 106 69 646 239 788 11 29 556 286 649 316 139 398 404 441 467 484 512 
20
2 11 13 28 38 46 87 102 111 129 148 150 162 163 165 167 170 180 188 192 
60 21
962 791 746 289 219 169 309 140 139 361 393 447 757 165 498 1000 297 334 519 618 727 
15
23 45 54 62 85 97 100 105 112 135 136 146 153 185 189 
61 16
997 957 926 903 984 899 744 675 459 329 52 451 184 469 112 197 
24
8 19 21 27 41 55 57 64 69 71 76 88 102 104 110 113 114 129 135 164 172 174 185 196 
62 26
990 969 942 893 841 825 713 622 144 88 664 72 963 38 395 429 179 332 570 621 94 57 150 339 497 534 
22
7 16 20 26 27 31 33 48 60 65 78 88 100 104 120 139 143 154 168 173 191 192 
63 20
988 961 838 775 476 816 189 214 325 532 514 895 192 562 817 683 691 778 233 788 
20
16 20 24 29 46 51 55 64 78 82 89 101 109 122 131 141 165 167 177 194 
64 26
847 740 688 859 637 615 578 239 790 605 494 384 435 76 6 27 397 41 448 516 877 433 470 490 549 576 
29
13 28 29 34 38 61 63 79 86 92 95 97 107 108 110 116 132 135 137 138 145 146 159 164 169 183 190 192 195 
65 9
804 667 616 255 220 16 491 115 540 
14
1 2 13 19 62 66 74 131 137 160 169 184 185 199 
66 18
893 292 858 192 235 779 102 60 63 318 369 612 760 452 707 672 635 820 
19
5 6 18 19 23 34 47 49 53 55 65 72 77 97 101 142 161 162 192 
67 24
979 949 902 679 141 515 658 214 243 206 371 846 809 254 287 184 406 382 497 795 499 553 241 574 
17
21 30 33 34 45 46 54 68 71 118 128 130 135 136 182 198 199 
68 27
997 886 732 974 715 614 793 608 980 166 387 999 74 31 7 279 20 394 230 602 417 249 117 487 816 446 527 
22
14 40 44 45 49 50 52 67 74 88 89 106 120 128 129 138 149 157 175 184 189 194 
69 24
918 906 898 888 470 538 295 874 652 476 119 912 98 492 495 878 767 599 928 854 108 626 734 857 
15
5 24 61 100 101 124 133 156 162 170 177 181 185 189 195 
70 15
799 774 434 41 929 215 181 571 486 333 10 175 601 142 193 
19
3 19 21 54 56 57 91 102 108 125 133 136 152 156 165 180 183 191 197 
71 16
624 578 561 394 685 345 741 163 965 47 188 933 321 703 210 242 
12
15 21 38 49 61 67 83 90 120 124 160 189 
72 28
988 907 772 687 682 653 585 535 34 527 886 72 184 23 851 74 1 12 107 65 139 240 654 543 247 383 434 485 
26
8 9 10 16 49 54 56 58 66 88 92 95 108 116 119 121 133 134 142 144 151 164 173 188 189 196 
73 22
912 865 818 706 296 534 815 260 244 45 572 301 70 837 319 331 499 388 626 509 511 598 
17
16 24 41 45 49 50 54 97 124 130 140 149 160 165 167 176 182 
74 25
998 935 906 727 617 529 917 177 7 398 175 311 201 507 521 40 59 207 281 316 791 384 376 393 453 
26
2 26 29 31 52 53 54 65 68 81 84 87 93 120 136 139 144 145 154 156 157 158 174 181 186 189 
75 25
920 799 796 758 680 649 640 233 488 181 138 687 428 436 547 160 258 443 334 482 497 553 560 857 561 
15
22 30 34 45 51 54 76 93 102 106 140 158 166 181 185 
76 24
987 923 888 841 272 544 120 3 77 316 452 113 335 388 885 108 404 813 591 560 838 801 653 789 
31
1 9 20 22 26 31 48 49 50 61 75 84 111 113 118 121 127 128 129 144 145 149 156 163 172 175 184 186 187 188 189 
77 17
972 604 689 757 487 263 124 643 859 711 659 246 727 334 667 703 788 
14
30 66 80 85 116 123 143 150 158 167 184 186 187 188 
78 18
950 460 817 92 7 259 983 650 769 14 533 623 714 836 920 930 416 934 
23
7 32 34 40 42 50 54 62 63 79 88 91 99 101 110 116 118 125 146 169 172 183 185 
79 17
842 428 154 477 97 488 4 41 175 271 156 526 320 416 669 166 758 
24
1 23 25 31 35 49 54 64 78 80 83 86 101 109 126 156 158 160 167 176 186 189 190 192 
80 18
975 462 882 439 915 313 636 103 125 711 489 372 520 814 962 617 984 799 
17
1 2 3 9 21 47 52 77 79 84 109 113 115 150 177 188 193 
81 26
991 870 865 803 773 950 728 977 718 552 47 2 49 132 21 188 307 394 300 275 386 807 178 437 499 704 
18
14 21 23 27 32 37 42 47 74 97 100 112 127 134 146 181 184 192 
82 22
971 941 936 855 837 224 185 94 38 17 292 33 802 247 543 274 328 583 651 618 642 664 
14
18 25 32 43 54 63 85 93 95 120 137 149 171 189 
83 18
962 536 319 812 207 341 230 785 930 375 227 616 752 624 679 739 892 928 
21
15 34 37 44 47 48 71 79 86 103 106 121 122 124 125 129 138 147 161 163 175 
84 23
989 957 934 815 799 692 236 265 129 184 491 195 121 288 293 344 313 368 953 657 594 298 557 
21
33 44 47 49 51 74 76 80 94 110 117 120 124 140 158 159 161 165 166 179 195 
85 21
861 811 298 621 46 716 420 792 607 197 333 176 155 439 447 683 313 498 467 275 497 
15
2 3 13 31 34 40 41 60 77 82 109 120 148 165 184 
86 20
930 852 35 358 321 423 661 283 196 952 434 723 774 557 564 877 396 803 752 826 
14
11 23 64 79 83 92 100 118 119 153 167 176 178 190 
87 27
948 944 935 867 842 675 609 579 294 855 226 262 802 580 136 222 339 526 366 570 369 549 401 486 483 187 446 
23
2 5 31 48 58 59 74 93 100 109 110 135 137 142 158 163 165 168 169 175 187 188 199 
88 26
970 906 881 815 808 165 352 849 590 743 842 250 139 258 292 853 113 76 320 959 885 478 750 81 599 765 
24
1 16 17 24 37 49 57 61 62 68 72 78 112 117 119 121 124 127 134 166 172 174 179 195 
89 8
710 508 202 167 245 280 482 278 
13
7 24 42 47 51 63 68 105 116 119 142 152 182 
90 17
960 418 588 237 485 4 31 504 521 555 544 610 157 712 687 834 836 
23
1 10 12 14 18 22 42 53 55 71 92 107 122 131 141 149 158 165 177 180 185 186 193 
91 26
894 862 858 728 641 622 184 31 286 320 131 642 87 257 187 988 544 42 190 84 343 999 370 378 835 502 
17
4 5 16 35 38 70 78 95 110 111 126 163 165 185 192 195 196 
92 20
945 901 858 195 151 712 140 627 183 43 413 122 566 962 370 444 681 782 799 847 
18
6 13 46 52 64 72 86 90 100 103 116 124 126 137 148 154 165 180 
93 18
966 892 526 554 628 370 5 651 808 298 631 719 682 852 735 831 805 879 
20
1 11 43 57 74 75 82 87 99 111 112 113 118 137 144 145 148 162 171 195 
94 16
402 341 324 278 40 383 145 871 854 4 288 203 67 796 116 129 
16
17 21 26 37 44 51 84 102 124 128 133 145 156 164 165 166 
95 16
896 843 924 703 586 582 122 694 31 789 296 832 373 421 612 544 
20
10 11 49 64 72 82 91 97 106 107 122 134 139 144 161 164 174 187 192 198 
96 20
992 910 377 961 887 255 269 306 997 220 83 224 372 111 632 484 573 783 871 908 
17
17 20 22 40 51 57 110 118 121 125 133 147 160 171 176 177 197 
97 13
955 669 527 878 487 146 106 577 186 277 535 382 427 
23
2 7 10 53 57 60 64 66 73 81 95 98 105 142 149 152 170 174 176 178 179 185 199 
98 23
888 769 694 678 676 342 403 44 166 408 301 449 800 430 433 267 415 526 609 632 903 274 644 
16
13 17 22 23 24 26 97 109 114 137 150 152 153 170 182 191 
99 21
937 880 843 276 633 877 26 391 196 48 490 660 779 943 18 486 555 593 802 565 824 
14
9 23 39 41 78 93 104 123 133 138 150 160 171 196 
100 17
944 306 510 307 312 216 31 494 790 309 802 486 76 668 840 6 857 
21
22 25 41 51 54 60 62 69 81 86 87 92 102 129 137 139 141 152 154 164 197 
101 21
918 902 716 296 98 165 220 183 590 489 119 351 959 663 589 410 713 417 496 439 550 
21
3 12 25 34 35 39 63 66 69 78 79 121 128 145 150 161 174 178 180 190 198 
102 24
939 836 806 730 720 109 75 839 62 19 631 49 110 176 448 134 652 996 515 823 638 684 105 697 
18
5 6 25 59 61 70 75 94 100 121 136 138 142 146 147 164 169 189 
103 22
863 851 667 593 68 709 154 797 205 90 72 225 582 589 250 232 454 488 338 440 221 554 
16
7 21 26 35 37 40 50 83 92 108 129 156 170 180 186 190 
104 24
940 933 927 57 761 465 27 61 231 622 5 430 7 313 123 839 395 993 253 988 766 26 322 592 
18
12 18 26 44 46 53 61 62 99 109 127 131 145 152 163 181 185 189 
105 19
805 185 169 792 237 20 615 123 488 490 494 528 498 907 130 574 742 705 741 
20
1 3 24 35 37 44 51 58 60 89 97 119 125 132 141 153 176 186 188 195 
106 19
989 960 364 449 167 65 408 425 570 234 530 436 584 639 662 786 9 416 712 
25
6 10 23 29 33 39 55 68 75 83 95 121 122 125 145 146 151 153 158 168 170 174 186 191 195 
107 22
932 904 830 288 339 257 831 794 168 131 242 976 902 310 429 616 144 295 485 638 506 617 
21
9 21 22 23 32 46 55 58 64 90 95 110 115 127 139 143 154 175 178 192 194 
108 17
969 384 527 935 389 440 354 3 285 591 466 357 875 740 905 586 956 
15
6 38 41 46 58 64 70 72 103 115 118 126 145 153 165 
109 24
972 966 949 909 821 273 238 143 870 130 79 385 742 285 794 276 841 64 397 530 723 568 346 790 
31
0 21 22 27 35 36 39 41 45 48 52 63 79 80 85 87 98 104 118 127 132 133 140 145 159 168 171 173 191 193 195 
110 22
964 741 716 692 757 202 73 947 22 343 40 289 364 71 367 370 497 541 247 469 543 607 
19
4 7 46 61 64 78 84 87 91 96 107 120 141 151 152 157 165 168 181 
111 15
879 890 788 762 614 535 328 888 208 340 936 749 375 453 402 
18
2 16 23 34 36 41 51 59 76 91 93 123 151 163 167 178 188 190 
112 23
902 877 840 624 621 202 872 206 156 331 225 484 370 397 10 417 172 468 133 466 874 504 543 
22
1 22 23 26 27 34 37 48 53 60 81 88 93 117 119 122 130 135 139 144 172 196 
113 21
807 777 914 729 40 2 14 159 677 338 340 459 234 345 69 217 587 615 839 691 704 
17
1 4 11 32 53 61 76 80 93 151 154 164 167 178 184 190 192 
114 21
945 919 918 893 102 17 100 321 37 2 189 257 230 315 880 621 32 328 619 662 824 
21
5 18 27 28 30 33 36 42 58 61 98 119 122 127 130 132 145 147 149 188 194 
115 11
977 956 771 730 825 468 420 473 500 665 563 
11
1 15 80 107 108 123 124 145 147 154 160 
116 16
943 894 893 881 829 636 585 561 546 667 4 108 50 118 275 481 
18
5 23 26 34 42 44 45 55 58 64 72 77 78 89 92 129 160 167 
117 12
874 586 416 927 162 867 493 204 55 174 214 387 
13
13 18 40 41 50 53 84 88 112 149 175 182 196 
118 18
903 732 261 159 550 884 477 33 815 131 487 491 480 591 663 690 310 791 
25
0 10 11 18 25 30 42 53 67 76 78 86 93 96 108 109 119 123 143 147 164 172 189 195 199 
119 19
923 879 801 53 393 64 1 630 681 41 511 141 80 191 304 475 601 42 745 
25
1 4 8 27 33 57 72 86 88 89 105 112 114 118 123 128 145 146 147 160 161 189 192 193 197 
120 19
991 958 268 149 936 233 845 57 607 52 715 56 923 354 531 548 582 764 819 
24
3 9 20 23 36 40 52 62 68 71 74 82 84 85 110 129 158 163 165 168 175 180 188 196 
121 26
994 847 798 751 678 653 637 9 87 54 253 263 385 311 318 913 654 395 705 2 446 213 472 249 434 619 
26
15 18 19 25 26 40 44 53 57 72 76 83 88 96 101 102 106 122 123 126 129 131 141 160 167 191 
122 20
942 907 844 153 629 256 88 150 82 982 575 10 294 308 411 818 644 688 617 691 
18
1 25 26 45 51 63 83 90 95 106 112 114 121 129 163 180 191 195 
123 23
816 742 685 6 774 108 526 836 577 152 41 24 185 872 206 342 393 176 213 229 706 447 639 
21
14 33 34 37 77 99 111 115 118 119 121 124 129 135 138 143 154 171 182 187 191 
124 23
951 939 923 891 708 18 209 600 675 9 235 239 609 435 492 93 611 354 391 576 991 584 598 
23
10 15 31 48 55 58 69 71 73 83 84 88 92 94 115 123 126 130 132 136 146 151 163 
125 21
961 931 791 771 223 172 15 644 208 60 434 25 392 402 657 489 625 959 626 677 634 
21
10 12 19 27 41 47 51 70 78 83 96 105 106 139 151 157 158 161 163 185 188 
126 20
895 894 744 148 131 98 285 993 438 403 292 564 310 509 510 621 171 689 651 721 
20
10 15 27 31 47 79 91 92 108 121 124 137 156 165 168 174 175 191 193 194 
127 24
995 810 789 971 786 718 782 301 272 34 139 186 137 277 317 349 395 701 820 450 148 592 614 661 
25
17 22 25 28 36 41 46 50 56 76 81 88 104 107 109 114 134 138 140 152 164 168 172 178 197 
128 14
931 927 789 631 563 488 974 107 450 984 32 436 130 395 
12
9 14 21 53 67 68 76 94 101 119 149 165 
129 17
227 414 18 307 817 97 953 213 879 281 355 882 357 347 643 707 887 
32
1 5 7 8 15 16 17 19 25 34 36 43 59 61 68 76 83 100 103 116 120 121 122 123 135 152 156 157 159 160 169 172 
130 17
986 251 676 190 581 2 18 400 350 91 572 361 583 645 463 722 892 
21
10 11 21 35 41 42 67 73 112 114 124 132 135 144 147 156 161 162 167 183 198 
131 14
860 609 923 889 804 566 277 305 904 598 241 302 327 446 
17
1 8 11 24 46 63 65 90 104 121 136 141 164 166 170 189 190 
132 16
758 656 500 909 484 651 90 949 524 167 370 54 689 179 900 339 
19
30 32 38 40 46 48 54 64 105 109 114 124 130 135 136 156 160 192 196 
133 16
925 815 724 671 548 867 493 476 164 580 87 465 583 243 285 369 
19
6 12 43 50 54 58 69 70 72 94 96 99 109 136 142 145 147 153 191 
134 22
947 985 800 761 317 164 589 213 587 706 796 167 524 660 20 753 161 543 653 692 603 714 
16
15 32 56 72 81 88 95 127 145 147 168 176 182 183 186 192 
135 16
856 725 644 925 551 706 485 412 99 78 527 408 238 200 285 360 
20
8 26 30 39 54 57 60 61 64 67 87 112 123 129 130 132 158 166 196 199 
136 17
341 868 878 286 189 2 824 750 151 712 547 874 696 867 280 687 872 
24
4 15 31 36 43 53 60 67 70 74 102 124 131 132 133 161 164 169 172 174 177 179 194 198 
137 19
875 764 667 191 21 621 200 119 489 337 26 507 102 435 338 449 568 196 603 
21
0 13 21 46 64 65 82 87 92 93 98 100 126 152 155 157 166 172 180 187 188 
138 27
905 874 841 840 774 737 711 238 153 780 114 437 87 13 32 912 542 972 269 371 453 808 623 688 466 382 530 
22
5 6 12 14 18 25 29 40 64 68 83 99 102 123 127 162 165 166 170 174 190 194 
139 19
961 959 153 17 442 30 95 49 197 455 11 606 218 592 315 445 991 547 817 
26
7 12 23 25 28 31 39 48 55 62 74 95 100 107 112 125 140 142 144 145 148 155 156 167 180 198 
140 17
807 550 76 13 438 608 99 745 36 170 270 551 600 74 111 666 760 
18
6 8 14 20 21 49 58 73 75 84 109 127 139 146 160 168 188 191 
141 18
718 202 559 763 171 35 676 68 527 561 336 373 560 259 481 501 573 585 
22
3 21 27 37 63 90 100 105 110 121 131 144 145 150 154 155 173 176 177 182 191 197 
142 24
960 828 988 248 258 394 260 868 350 498 600 931 783 43 777 185 474 391 455 500 921 551 531 742 
14
18 23 24 40 66 72 87 89 97 102 133 139 163 170 
143 18
968 789 150 127 238 680 112 248 299 9 689 72 368 708 776 392 540 703 
20
29 34 40 42 43 50 54 62 77 107 118 123 146 150 154 156 171 179 197 199 
144 15
864 711 602 486 791 604 349 42 563 478 36 91 227 276 284 
20
21 24 31 33 46 51 54 72 74 76 93 95 112 130 139 141 146 148 152 181 
145 27
820 776 560 846 550 503 469 721 129 66 90 13 539 58 219 330 51 396 137 586 142 259 315 564 305 342 393 
26
8 19 39 64 74 76 93 94 101 104 106 108 109 114 115 119 133 134 139 141 167 170 174 177 179 191 
146 18
869 282 316 192 48 151 848 902 88 741 297 158 306 361 385 438 456 567 
20
13 20 35 39 42 50 60 64 78 81 102 106 119 124 140 143 144 154 168 181 
147 28
968 875 819 745 713 957 698 133 405 755 89 204 941 238 340 493 8 650 58 299 924 739 554 393 427 470 202 572 
18
22 38 46 83 96 102 114 115 118 119 130 133 134 156 162 181 195 196 
148 33
996 929 837 926 815 784 712 833 648 538 528 803 507 209 73 165 148 68 383 958 218 12 456 240 213 324 853 779 372 474 384 933 489 
16
15 21 30 41 59 85 92 93 139 144 160 181 182 184 188 198 
149 20
1000 963 847 468 189 614 835 44 481 148 641 487 683 499 684 489 711 843 251 806 
13
40 52 68 73 76 82 90 97 114 117 128 151 178 
150 13
973 925 781 661 640 505 149 366 52 221 501 801 308 
12
1 2 39 49 59 77 80 98 99 101 141 143 
151 20
988 986 975 861 84 270 780 213 715 239 461 488 554 707 598 247 802 812 305 823 
13
2 39 52 72 106 110 111 113 124 125 149 155 164 
152 22
761 579 222 123 790 50 3 848 145 34 474 363 754 384 253 401 823 305 416 390 501 466 
17
20 46 70 89 97 98 100 104 110 127 129 137 144 153 166 171 184 
153 26
862 810 728 719 669 797 427 228 859 711 230 240 647 286 541 932 340 29 510 840 396 549 274 533 69 661 
18
0 22 23 28 45 60 86 98 105 106 108 133 152 154 155 159 167 199 
154 21
896 836 795 757 330 24 687 221 459 124 396 37 513 448 488 83 675 904 497 506 693 
21
21 34 42 48 62 74 92 100 107 113 115 123 141 143 146 153 167 173 181 186 198 
155 20
914 891 772 217 136 113 300 138 716 276 110 739 295 431 394 922 700 422 75 556 
12
8 22 26 29 33 42 137 139 141 151 153 187 
156 21
947 895 860 154 1 994 698 126 236 849 442 40 68 771 729 322 424 492 789 382 768 
31
14 18 19 23 24 26 30 40 46 49 54 69 70 74 76 79 94 103 126 129 130 132 139 143 147 164 178 191 195 196 197 
157 25
931 867 830 801 758 314 840 433 155 60 223 112 885 330 971 379 389 165 424 509 325 510 528 957 698 
17
8 11 31 40 42 57 68 74 110 125 129 137 163 178 184 194 198 
158 15
990 867 523 448 328 308 264 62 130 602 24 228 201 690 231 
21
5 18 22 25 46 49 74 75 77 79 84 87 90 106 120 125 135 165 169 177 180 
159 16
983 940 821 749 823 704 700 608 159 61 808 196 270 356 623 521 
14
25 27 38 45 53 64 84 109 129 153 170 173 177 191 
160 19
954 932 196 175 600 150 165 898 454 25 110 339 588 659 863 256 663 729 772 
23
2 4 15 17 29 51 55 65 71 73 79 96 99 115 116 119 121 129 132 140 148 187 196 
161 10
665 659 594 578 352 38 435 460 494 501 
16
8 11 37 39 45 52 66 83 84 95 101 119 125 130 136 191 
162 13
976 942 902 711 555 476 46 23 518 127 372 360 475 
18
9 14 19 20 47 49 59 66 69 93 130 138 147 166 173 183 188 197 
163 25
924 895 824 740 793 645 552 167 193 165 134 30 59 618 433 214 231 827 309 360 234 345 412 432 502 
23
10 19 24 41 42 57 58 59 76 83 87 91 104 111 120 122 124 125 142 157 170 184 185 
164 20
996 911 804 509 369 262 58 252 796 748 987 765 584 51 754 598 734 610 699 801 
21
1 20 25 27 61 64 72 94 95 100 102 113 118 127 131 136 151 156 169 186 196 
165 13
640 632 580 432 890 74 59 471 114 135 268 882 406 
31
0 3 11 20 23 32 36 53 59 63 70 73 84 85 87 90 91 92 94 108 110 120 126 128 138 158 166 178 180 191 193 
166 18
177 404 330 792 755 164 623 953 139 155 465 559 518 759 537 474 622 624 
20
3 26 34 75 84 88 94 131 135 137 138 152 162 165 176 183 184 186 189 198 
167 19
966 727 309 238 313 299 47 145 315 361 419 474 344 529 839 543 586 446 668 
23
6 9 34 38 59 63 73 77 79 86 111 113 116 121 130 139 145 153 154 177 181 186 191 
168 18
938 467 323 221 503 452 512 690 616 732 132 798 811 828 788 825 884 847 
17
7 9 37 41 51 62 87 106 109 110 120 126 127 134 140 146 169 
169 15
873 853 603 548 848 474 464 200 587 179 216 419 816 238 341 
18
9 27 28 44 56 64 65 78 87 102 129 136 158 164 168 180 189 197 
170 11
843 698 648 487 737 550 533 116 252 85 476 
23
4 6 9 10 17 41 52 59 69 97 98 103 106 131 138 142 145 159 163 174 176 184 195 
171 20
726 544 461 417 169 271 198 61 401 300 226 277 362 220 257 326 79 338 73 369 
13
15 40 43 53 82 93 96 99 109 123 143 152 197 
172 21
989 801 792 220 908 834 390 108 569 215 252 340 359 33 144 699 463 633 18 684 573 
13
27 33 36 61 76 78 88 112 118 127 129 136 137 
173 18
915 207 394 171 306 63 369 238 349 842 928 40 410 378 415 526 795 906 
15
0 2 23 32 49 55 62 72 109 141 154 159 162 191 193 
174 18
849 268 140 21 188 106 69 630 374 419 674 932 451 767 662 478 737 751 
21
19 25 43 44 52 61 74 88 95 97 101 106 126 136 138 145 170 180 181 182 188 
175 14
933 992 822 928 78 687 75 973 837 293 671 781 118 186 
21
1 3 4 5 25 41 44 47 52 55 57 68 76 83 87 107 117 120 126 184 193 
176 23
982 915 904 815 738 663 98 563 97 44 696 104 622 380 639 86 450 484 654 462 560 646 655 
14
17 36 43 73 79 86 96 97 105 134 141 166 170 184 
177 25
948 924 905 876 766 748 205 698 180 1 112 76 857 6 215 232 287 293 315 497 349 342 643 495 607 
17
22 29 38 42 57 63 69 80 90 96 136 141 145 158 159 167 181 
178 18
965 562 142 132 239 276 157 305 551 101 619 923 109 257 367 513 678 893 
20
1 4 5 13 17 49 53 54 86 97 101 107 111 113 127 149 156 157 165 183 
179 18
795 2 173 688 100 7 941 312 380 467 652 387 212 582 257 590 279 760 
13
21 49 55 84 88 97 136 143 145 180 188 196 197 
180 29
925 876 845 827 794 775 992 289 238 12 829 237 828 125 618 911 319 338 491 816 150 409 804 545 484 536 640 944 685 
24
10 15 19 31 33 35 50 56 57 59 70 90 92 101 103 120 122 137 139 158 165 169 174 179 
181 18
986 374 971 194 19 72 424 397 730 747 447 547 819 232 639 763 773 876 
21
11 18 37 46 53 69 74 75 81 104 110 144 146 147 148 154 167 174 177 185 193 
182 21
973 857 783 759 162 177 621 115 625 215 110 231 869 277 330 515 668 245 97 615 701 
20
0 14 18 24 28 33 43 46 67 73 89 98 117 123 134 141 148 174 185 199 
183 18
987 793 90 787 174 226 633 143 383 118 451 419 742 582 545 157 601 785 
16
1 51 54 55 64 70 78 130 134 162 166 178 184 188 189 199 
184 23
982 909 762 73 867 164 153 985 97 267 641 130 204 19 248 450 886 516 158 528 844 548 751 
24
0 18 19 43 46 54 58 65 68 76 77 81 85 113 148 152 157 163 166 170 175 176 183 188 
185 16
912 809 741 665 655 958 720 57 615 20 433 75 763 185 728 269 
24
1 21 22 27 33 36 40 41 43 60 61 65 69 75 78 90 91 97 104 125 163 181 182 199 
186 28
990 886 994 883 839 707 705 614 504 721 129 164 53 746 117 926 260 566 242 676 565 5 375 394 397 584 19 611 
21
10 11 37 40 46 50 56 74 76 77 79 90 103 105 106 134 154 164 166 167 187 
187 20
957 722 648 641 353 199 118 355 89 70 366 417 368 589 512 623 371 541 483 598 
18
12 14 28 32 36 37 41 46 76 77 87 95 123 137 155 160 186 188 
188 19
922 920 181 887 147 294 15 493 77 595 22 577 175 693 778 393 800 806 860 
25
0 35 48 52 59 72 76 77 80 87 105 111 114 120 125 137 140 148 162 174 179 183 184 187 192 
189 20
962 848 382 467 958 773 352 211 655 187 561 956 401 452 741 509 332 73 628 528 
28
4 7 18 19 21 25 39 44 58 60 68 69 71 72 74 76 79 82 102 104 118 119 131 166 169 183 195 198 
190 16
921 789 517 272 260 677 48 647 222 188 914 710 387 251 152 220 
15
9 33 34 42 48 64 79 86 101 103 111 113 131 138 194 
191 21
842 797 780 282 344 11 623 297 433 241 809 143 415 479 405 490 658 688 540 420 679 
30
16 17 18 31 37 40 41 51 62 70 98 106 109 121 122 123 126 133 140 141 145 156 159 161 165 167 173 192 193 198 
192 24
939 926 949 838 817 174 242 858 599 47 591 161 133 28 351 43 896 230 243 634 407 744 670 720 
23
5 20 26 30 39 50 51 59 62 64 66 79 81 91 95 107 113 119 132 134 188 191 197 
193 22
964 960 904 303 254 57 971 897 83 917 695 399 468 604 262 595 614 630 800 184 776 803 
14
0 11 28 49 80 90 109 119 126 165 173 175 181 191 
194 26
954 839 713 675 261 109 840 211 894 80 937 49 641 17 377 4 485 903 570 509 717 532 57 538 662 625 
11
25 56 63 68 107 114 126 136 138 157 190 
195 14
950 841 702 498 233 925 177 353 291 973 956 701 276 378 
20
21 26 48 57 64 69 84 88 91 93 105 106 109 118 122 147 156 170 189 198 
196 18
958 322 223 275 23 652 686 771 228 436 640 39 742 527 548 673 990 916 
18
4 53 57 61 72 91 99 112 117 120 132 135 147 156 160 164 179 197 
197 14
959 639 635 531 433 553 128 254 17 241 660 269 403 131 
16
36 41 70 96 100 119 127 141 143 156 162 169 171 179 192 196 
198 23
989 858 852 983 280 178 89 268 884 107 632 225 373 390 407 491 495 863 530 285 544 589 624 
20
3 16 37 43 45 52 57 67 95 101 130 136 139 148 154 157 166 189 191 195 
199 23
782 654 237 271 749 601 46 386 454 224 241 360 3 77 889 556 519 694 28 818 263 273 561 
15
7 16 26 32 65 67 87 97 118 135 143 153 182 183 185 
