200 2000
2 71 30 75 23 24 97 27 60 49 16 100 99 61 16 95 61 29 18 5 
27 9 63 59 71 38 69 57 80 15 78 33 85 7 7 7 83 56 85 42 
4 52 93 54 12 61 49 24 41 18 28 68 78 91 26 100 28 46 57 59 
60 34 91 96 93 49 2 75 4 38 68 59 90 61 65 1 21 65 25 13 
34 52 80 11 94 58 63 73 55 19 31 67 4 73 62 96 22 16 22 77 
53 90 88 42 2 52 95 74 16 19 86 1 22 66 11 68 23 25 40 29 
43 23 95 47 95 57 94 68 24 16 45 76 5 32 70 58 35 64 31 50 
34 16 2 7 81 12 74 55 37 66 84 31 88 30 29 82 86 23 50 9 
90 46 37 46 77 58 3 11 73 33 12 58 48 13 64 81 76 90 87 64 
55 22 47 94 52 75 75 89 97 76 50 38 21 38 83 49 95 85 59 67 
69 22 24 17 86 39 49 14 80 87 29 86 9 75 79 12 50 6 100 98 
81 49 36 54 86 18 2 32 55 13 98 23 34 73 91 72 64 39 85 43 
78 13 81 86 40 11 97 89 16 48 38 49 49 73 2 86 43 3 18 97 
15 67 71 1 40 62 72 55 52 8 49 29 72 29 66 11 40 14 51 7 
62 89 55 10 13 56 47 7 11 64 3 25 31 26 77 22 87 100 76 38 
7 24 19 31 5 84 93 44 98 96 50 11 84 57 72 48 12 18 55 22 
82 9 99 64 34 75 37 20 75 64 10 33 39 80 15 43 63 8 38 12 
3 40 22 38 96 45 85 7 63 91 81 96 100 79 11 33 5 47 5 31 
10 66 64 48 45 30 43 59 37 80 71 91 19 44 28 14 89 65 73 3 
55 53 98 54 83 60 39 87 6 95 70 67 60 85 66 4 14 8 14 51 
88 36 93 6 80 21 72 20 37 44 74 91 48 71 97 30 30 35 68 87 
29 37 53 40 21 70 95 35 78 8 37 17 96 81 74 27 1 45 46 89 
40 19 80 87 41 28 16 22 14 36 60 94 72 64 33 45 33 79 31 10 
86 19 78 81 99 52 7 52 96 4 40 88 74 71 74 66 50 42 87 63 
77 46 56 100 9 40 44 94 18 26 3 56 96 81 88 95 84 47 98 31 
50 37 18 76 60 92 41 9 33 80 72 9 77 79 8 38 71 4 31 88 
81 85 95 77 17 83 71 52 29 68 83 30 56 100 57 15 91 50 76 75 
29 99 83 57 77 43 46 47 98 76 87 78 13 81 54 81 15 76 33 95 
95 15 77 3 14 33 17 57 82 44 31 62 42 66 19 19 60 64 17 57 
92 55 86 56 88 92 36 2 67 20 97 14 34 25 16 100 57 84 8 91 
28 38 52 69 55 22 39 66 38 8 22 81 62 60 36 49 51 23 3 69 
43 51 82 28 75 97 27 31 33 86 73 60 76 25 80 30 98 71 96 35 
78 69 15 91 28 2 40 30 25 94 99 19 44 32 46 18 29 25 100 61 
10 73 72 85 49 51 67 46 21 14 33 50 34 99 41 14 1 32 43 77 
25 93 95 68 25 92 85 53 16 84 65 78 8 36 14 56 38 80 54 11 
45 86 60 79 36 100 92 88 83 86 64 7 79 10 74 3 2 10 7 17 
46 23 94 53 10 8 9 47 39 14 57 84 99 69 14 86 20 57 74 3 
42 37 9 72 47 35 74 100 44 32 16 89 54 62 42 63 69 2 62 59 
15 18 94 65 38 7 2 58 63 75 60 57 64 68 28 62 2 54 61 46 
85 76 86 91 89 79 5 9 80 66 68 46 36 61 62 73 20 64 30 34 
90 89 90 53 9 70 14 10 75 26 7 11 54 93 1 42 71 6 51 3 
23 70 100 58 30 14 31 1 77 12 35 18 1 76 71 9 97 36 70 71 
62 77 82 15 21 34 56 43 91 58 97 14 27 49 71 57 62 53 9 90 
65 43 7 65 71 29 25 67 65 94 38 26 22 71 92 94 4 99 37 47 
57 85 60 83 33 82 91 94 35 100 83 51 94 42 67 64 70 91 83 34 
36 72 11 10 42 54 3 97 53 91 43 9 76 54 91 8 36 82 54 22 
33 36 72 26 29 38 42 99 80 24 84 67 47 95 76 40 48 31 36 100 
21 31 60 48 36 51 56 71 84 9 44 16 96 15 93 25 4 34 75 35 
9 58 54 55 52 29 94 52 11 82 3 84 64 63 31 99 65 38 22 48 
98 65 15 46 32 7 70 87 93 96 74 1 53 27 8 57 7 53 8 18 
86 62 1 49 76 83 100 40 21 21 39 18 37 53 63 20 12 84 7 4 
79 32 56 84 58 15 40 64 20 99 81 5 60 33 6 88 16 57 27 36 
29 18 5 17 22 20 37 85 55 95 40 86 26 96 69 83 62 8 46 81 
58 79 38 69 11 95 56 26 3 35 13 31 52 70 47 25 89 83 10 43 
29 49 80 54 96 48 88 10 7 86 42 64 64 79 33 26 25 40 4 27 
74 16 9 77 37 56 2 25 90 63 20 71 11 99 24 59 99 64 68 5 
49 9 69 12 40 53 37 64 92 40 43 18 8 51 94 44 58 47 21 100 
9 92 70 20 90 45 30 88 8 97 93 56 5 13 19 44 17 56 60 60 
47 2 77 6 4 23 2 62 69 74 13 78 65 34 49 54 78 78 94 38 
74 38 45 78 2 64 74 70 71 33 29 17 34 6 75 89 28 28 50 48 
1 14 25 65 47 73 70 77 2 15 14 75 52 58 5 5 21 30 74 91 
62 3 60 47 60 86 35 39 13 37 86 65 50 63 81 97 35 50 73 37 
17 38 63 68 95 19 25 68 48 98 58 9 52 69 7 11 54 42 1 18 
78 87 82 79 49 14 27 35 16 51 23 32 88 38 51 35 56 75 2 4 
73 11 64 24 80 71 87 85 12 87 55 41 25 88 71 73 2 98 60 17 
100 82 48 88 19 98 22 27 25 75 30 97 85 93 72 16 15 58 53 26 
97 7 18 21 46 41 46 99 38 5 15 37 38 14 76 9 64 49 35 88 
23 64 36 8 8 7 75 23 17 27 100 13 85 70 33 31 10 30 29 99 
34 96 35 72 61 63 80 24 11 14 63 86 29 98 45 36 57 19 10 73 
98 10 37 82 79 21 64 40 51 45 38 36 92 24 7 52 86 38 28 49 
3 90 34 31 88 78 19 96 48 80 20 45 41 56 79 19 28 94 10 78 
90 47 14 81 71 72 33 56 10 60 56 64 1 89 47 88 18 17 35 18 
96 54 62 37 9 92 7 89 86 17 66 75 63 31 8 85 55 92 93 16 
3 48 79 3 89 25 43 58 93 77 75 89 31 89 77 91 80 35 79 17 
3 97 44 66 27 51 2 81 42 94 96 44 42 27 46 82 3 40 39 96 
17 14 36 47 2 12 89 33 46 68 50 1 64 45 66 42 95 19 23 88 
13 70 83 6 48 80 87 51 20 25 46 36 90 81 34 43 44 22 76 41 
41 77 41 4 73 58 46 67 77 20 6 89 41 88 46 89 67 32 39 38 
8 36 25 50 68 58 92 11 32 19 51 72 47 44 28 19 1 73 37 77 
44 42 17 84 81 62 72 48 45 62 37 5 49 62 54 16 19 97 26 2 
16 29 74 14 72 53 33 72 25 69 1 68 63 69 3 43 83 27 42 27 
88 79 83 89 40 36 4 10 85 82 64 100 10 89 13 33 41 97 56 65 
18 8 84 80 77 86 74 59 12 68 37 52 46 72 40 37 7 95 98 43 
76 61 42 37 49 7 69 89 55 77 5 72 84 88 3 12 26 77 70 89 
96 59 92 41 30 31 29 88 26 26 31 53 39 24 90 87 82 10 76 37 
86 32 60 22 20 63 33 97 91 55 85 86 65 77 78 46 59 58 33 36 
83 15 89 21 91 30 60 72 39 87 60 77 18 20 98 89 34 82 85 76 
36 22 13 52 50 90 97 8 47 82 96 81 96 84 54 86 13 65 10 3 
51 21 79 20 92 28 9 25 10 45 52 97 18 64 49 67 5 97 27 3 
78 74 36 74 9 89 11 73 5 72 75 55 93 6 26 84 33 34 61 94 
31 12 43 48 28 43 67 32 39 45 35 17 18 22 42 26 10 4 98 66 
76 24 20 20 29 45 55 14 31 15 59 13 79 1 60 6 43 78 89 82 
74 75 50 91 96 91 68 57 94 17 22 21 41 93 40 21 90 95 86 20 
61 45 32 91 97 43 48 92 73 89 25 46 63 74 89 11 64 56 67 57 
25 41 78 17 33 69 37 22 15 75 93 28 71 76 18 67 71 18 10 95 
6 34 40 20 7 28 30 22 36 97 79 60 89 8 76 21 28 64 95 43 
38 39 70 8 67 39 27 89 56 88 83 13 22 74 33 80 2 62 2 37 
10 32 48 98 39 23 71 66 86 17 60 76 7 29 35 25 20 61 13 27 
1 47 40 22 21 72 1 74 85 2 62 95 33 9 44 23 83 66 41 20 
34 100 95 41 81 82 17 100 94 82 78 94 28 17 15 100 40 68 73 25 

0 43
1954 1714 1634 686 590 1256 604 518 680 1531 1108 476 1612 664 32 67 90 640 470 351 1597 1439 1202 1890 389 355 751 909 1365 970 1812 1022 1061 1313 1076 1137 1153 1241 1162 1249 107 1292 1551 
23
14 20 22 33 34 37 52 67 69 82 89 93 123 135 139 145 169 173 179 189 190 195 196 
1 42
1991 1981 1712 918 1861 992 827 669 797 678 1085 134 1376 1487 14 199 1383 533 1938 753 200 1162 329 993 1015 948 1422 737 1053 1090 1099 1221 1266 891 1444 1482 1814 155 1182 1498 398 1504 
15
7 16 17 29 36 40 42 54 56 59 76 93 104 129 132 
2 39
1953 1880 941 423 860 837 541 763 1000 983 169 1824 876 145 1144 914 45 1792 212 1053 1419 1120 1307 1203 1607 185 1212 1086 1323 1148 1306 1324 1374 1411 1586 490 1122 1754 1791 
17
4 29 36 47 63 75 98 114 142 145 146 150 160 162 173 175 196 
3 37
653 986 506 152 411 725 762 40 429 1298 666 740 327 326 89 1029 2 1371 85 1158 129 783 1560 809 908 54 1239 923 1901 1111 1374 453 1559 1525 244 1587 1735 
17
13 17 20 29 43 55 65 66 82 121 136 157 167 173 178 193 199 
4 41
1964 1505 238 406 1732 73 71 922 413 393 709 1005 243 79 520 1152 179 1067 324 1035 166 200 596 658 562 720 905 749 810 901 1068 1713 212 1081 219 1167 1224 1233 1873 1162 1320 
21
2 15 21 23 29 35 44 74 107 122 132 145 146 149 153 158 162 165 166 197 198 
5 31
1905 1666 1611 1825 1566 1561 1557 1548 1214 1121 1090 1781 338 372 1588 848 328 1539 244 466 806 102 28 1393 24 468 465 798 952 841 1083 
23
22 28 36 47 48 74 77 81 87 97 114 120 134 141 142 148 157 164 169 184 185 193 197 
6 43
1799 1795 1756 1666 1572 412 187 399 251 1674 331 849 575 1209 1130 573 319 1318 46 299 78 43 196 511 277 593 358 279 1148 618 840 625 1032 777 1004 372 135 1162 1638 1401 787 1419 1470 
17
10 40 43 57 68 69 71 79 87 90 102 103 161 168 179 183 193 
7 41
1875 1851 1825 1774 1724 680 655 970 551 292 1402 1587 600 679 346 1 1054 2 1424 491 15 683 1305 831 705 942 448 1410 1070 1241 1392 1577 531 610 1400 1438 1455 1468 1655 322 1665 
21
1 21 27 28 40 53 57 73 75 87 88 89 122 142 157 163 166 173 174 177 186 
8 30
1952 1897 1552 1533 1270 1263 1943 1721 1499 315 1525 156 110 841 319 1224 299 669 1025 248 729 1467 838 912 917 1198 88 976 1017 1021 
26
36 53 64 76 77 85 86 88 96 111 112 120 127 133 148 149 150 154 160 174 176 179 189 196 198 199 
9 39
672 473 459 763 1941 440 107 427 1278 1503 160 821 903 192 86 165 182 1270 1033 860 953 997 1040 1188 1385 1312 1391 1724 1680 1443 217 1481 772 1562 1970 1733 1995 20 1837 
22
18 28 31 49 50 59 61 73 95 106 108 109 118 127 133 135 136 149 159 172 180 183 
10 38
1998 1896 571 460 620 501 625 467 1348 321 66 290 843 1657 85 1121 1306 167 143 696 199 910 930 58 1006 1079 1303 373 1400 1716 1321 1334 490 727 1359 1169 1406 1606 
16
6 25 39 43 53 56 72 108 110 141 160 165 170 176 193 195 
11 37
1979 675 1563 1785 653 616 332 289 215 90 1792 65 784 1021 389 298 219 154 1708 351 234 1077 1296 688 1320 1423 1751 1435 1506 1520 1530 1919 1565 1673 1549 1628 1865 
23
21 27 35 42 48 49 52 54 63 82 85 87 89 102 104 105 115 117 122 147 183 184 195 
12 38
754 1235 432 1846 1135 657 420 1197 148 851 382 66 1509 1731 710 81 184 1183 1442 1154 48 1914 808 866 133 923 1054 112 1060 1240 1395 1423 487 13 1119 1830 367 1710 
22
16 17 29 33 38 41 44 71 78 83 86 89 101 109 111 118 131 133 140 141 145 160 
13 41
1982 1958 1918 1826 452 1876 296 1073 186 889 301 227 819 1041 284 462 225 54 132 1501 577 761 50 649 556 3 714 755 1031 1108 1121 1200 1348 1324 388 1415 1748 329 1514 1704 1725 
21
3 35 36 45 47 48 49 64 70 84 89 91 95 97 114 122 129 136 167 172 199 
14 46
1945 1910 1908 1877 1822 1812 1744 1729 739 673 639 574 500 611 513 1623 1626 1545 15 1627 442 126 150 940 1170 203 191 801 287 1393 1011 1122 1746 87 1667 245 1193 1298 787 1340 1636 1374 1491 1971 1655 1661 
17
0 18 27 31 52 74 83 94 96 116 134 137 141 148 162 177 196 
15 32
1860 1712 1423 1384 1209 1229 1007 773 287 266 1156 231 1065 214 801 690 1551 1181 34 124 1010 566 295 937 567 427 682 433 471 536 1096 615 
21
4 43 47 56 64 69 70 80 86 108 113 121 124 148 162 163 166 171 186 196 197 
16 45
1918 1885 1835 1734 1680 1652 1636 1590 1585 613 579 243 559 4 1373 1362 1547 1182 329 181 356 442 837 16 603 682 1570 1131 657 474 316 1574 697 710 769 186 739 897 1061 1209 1120 589 1300 1388 1562 
25
1 12 24 25 26 35 40 44 64 89 93 103 115 116 121 137 149 153 156 158 159 163 165 177 185 
17 46
1902 1822 1755 1746 1698 1510 566 825 556 520 575 20 1654 390 991 244 212 1647 67 347 1075 680 262 1039 117 52 660 734 861 906 1486 1012 998 1077 1847 109 1373 473 1184 589 1221 1548 205 1311 1418 1455 
18
1 3 12 21 36 60 83 92 97 111 121 142 147 152 158 169 184 188 
18 48
1913 1877 1855 1758 1671 1651 1882 1645 1637 428 559 1747 325 444 427 982 511 256 27 1396 532 199 1860 122 220 1918 22 654 576 655 667 1186 169 722 1277 819 510 668 826 1394 920 1290 1051 1271 1419 706 1338 1474 
22
9 14 22 29 31 33 50 65 78 82 89 94 103 107 108 146 148 163 182 185 187 191 
19 42
1939 1872 1844 1830 692 285 46 1748 1823 796 1055 840 1314 827 1123 1345 793 823 1455 1043 1746 482 69 1364 1512 384 869 70 281 1987 1118 1223 1232 1384 1679 1442 530 1478 1484 1614 1726 1739 
22
28 29 34 48 66 78 79 113 115 125 127 128 129 136 142 151 165 173 179 180 181 191 
20 43
1981 1992 1834 1831 1763 511 659 494 383 467 1762 1392 523 421 1013 530 1048 1714 550 1734 74 28 80 145 1942 204 1359 727 838 773 276 829 1421 1118 360 1229 1169 1350 1400 1533 1712 1964 1727 
12
0 3 32 64 121 130 138 156 162 168 175 193 
21 37
751 492 344 1084 1375 521 679 1789 1982 244 709 314 776 434 1026 110 31 845 202 599 778 184 816 1901 242 953 1096 1125 1655 865 1181 1305 1452 162 1821 1932 1875 
19
4 7 11 17 27 51 52 62 65 73 90 91 107 121 132 147 171 173 178 
22 34
1597 1529 1502 1796 1463 1443 1327 1229 1210 1144 1121 998 1416 898 595 1877 101 27 707 979 54 136 99 210 65 213 383 1607 534 636 542 1642 569 726 
16
0 5 18 33 47 58 62 70 113 115 118 120 127 134 173 182 
23 42
1885 1858 1771 686 1969 468 1726 411 263 438 1864 47 10 248 470 100 150 113 170 85 368 997 695 781 702 866 878 888 1739 813 1129 748 1143 1328 1189 1995 1205 501 1607 1619 1077 1709 
16
4 25 38 57 65 67 101 103 124 137 138 147 170 171 176 179 
24 42
1790 1787 1636 1628 501 1204 979 124 383 716 302 1660 80 573 543 69 196 168 642 563 172 725 1021 1354 1206 732 1361 1730 782 393 867 915 1157 313 1182 1544 1228 1561 726 1279 1346 1418 
21
16 34 44 46 55 57 59 78 85 96 105 111 115 121 124 149 156 176 177 181 191 
25 39
1925 1919 771 126 1548 724 445 1222 1444 407 1980 637 1562 1238 903 34 1884 821 1006 90 1117 25 262 694 964 968 349 981 1124 1420 17 1202 133 1239 1352 1694 1329 1566 1803 
19
10 16 23 41 43 45 77 85 89 124 131 132 135 143 159 160 167 169 173 
26 44
1944 1931 1903 1884 1766 898 847 795 766 1819 792 707 189 1447 538 464 665 1183 257 1145 412 934 1650 939 820 978 1200 1311 1421 315 1026 1984 1036 105 1053 1140 1362 1392 1541 1555 1604 348 1612 1625 
16
16 29 60 97 106 108 119 128 144 151 154 163 181 187 191 195 
27 41
1819 1772 1849 1770 1764 613 1427 599 673 632 598 166 1387 454 1564 250 909 593 435 74 1184 226 1262 442 1019 1537 1031 1045 1205 1047 1528 1233 623 1492 1288 1362 919 1472 1581 1710 1724 
21
7 11 14 21 63 64 92 96 104 122 128 132 152 179 184 187 189 193 196 197 199 
28 38
903 533 1088 902 1531 887 879 678 283 178 498 735 72 303 1450 1654 653 890 964 329 1664 1032 973 1229 1374 1403 1344 1502 1908 1434 1513 1592 1873 1715 1729 285 1786 1816 
24
5 7 9 19 30 43 45 52 57 59 67 84 87 92 113 115 117 149 163 167 175 177 180 183 
29 44
1907 1733 1501 1660 317 220 738 1108 276 202 296 1873 293 451 858 472 285 30 1613 349 543 21 574 128 681 815 367 841 1398 847 882 865 1260 1281 1745 7 86 1429 1914 1282 843 1001 1317 1442 
23
1 2 3 4 12 18 19 26 40 48 83 84 96 103 108 126 141 157 169 172 181 189 199 
30 41
1989 1955 1881 1735 622 400 1584 456 1221 413 72 698 475 1 573 415 1787 918 444 1155 211 1173 195 210 707 929 900 742 790 254 1123 530 1004 1448 1490 1095 1298 423 1608 1624 1730 
16
28 42 46 57 64 74 78 90 107 108 118 135 137 138 151 156 
31 49
1942 1838 1830 1717 1604 1590 1508 402 344 219 1968 151 373 346 87 142 255 316 1106 16 41 60 81 433 1105 473 1537 510 954 1505 1426 715 937 745 786 17 807 1790 1000 220 1168 1502 1186 1273 1927 1295 1138 1375 1420 
20
9 14 18 33 52 83 103 104 115 128 138 149 157 165 170 173 176 179 183 191 
32 39
1971 935 512 478 467 463 426 1758 422 674 1775 748 1599 417 891 545 1063 1881 222 355 639 560 379 803 193 1062 869 871 917 957 978 1200 1234 77 1262 1269 1394 339 1682 
25
20 33 35 38 39 45 49 59 63 66 67 70 87 97 106 107 109 132 133 145 162 176 179 187 199 
33 34
1943 1827 1710 1690 1461 1577 1392 1186 1449 1153 967 952 1157 380 1521 226 498 178 32 1566 715 428 444 270 529 880 103 510 531 515 774 1402 1328 810 
26
0 12 18 22 31 32 38 50 70 76 79 94 118 122 136 137 141 143 152 157 163 169 171 173 179 193 
34 37
732 721 829 570 980 348 693 20 764 949 1874 1911 16 756 83 934 1526 457 1482 799 595 119 883 1233 1418 1974 1263 1643 1485 1323 816 1369 1850 1750 1332 1806 1848 
17
0 19 24 52 62 72 87 88 94 95 101 113 118 119 132 175 190 
35 34
1973 1834 1769 1567 1495 1392 1187 1166 1145 1681 1052 534 1978 1053 313 1731 473 66 916 892 709 717 1704 76 853 1609 758 1637 638 860 882 771 1191 784 
27
4 11 13 16 32 42 43 54 59 73 77 79 98 101 102 104 110 120 127 129 132 154 157 167 185 198 199 
36 43
1907 1858 1845 1743 1707 1705 678 1381 668 675 624 735 934 539 724 689 393 1503 519 548 232 360 529 862 18 499 758 649 1016 1028 1107 1403 1301 1923 1449 933 1486 1326 1456 1462 1570 323 1587 
19
1 2 5 8 13 17 70 79 88 92 94 97 117 134 147 158 159 176 190 
37 46
1901 1876 1858 1799 1744 1309 451 458 932 446 1038 265 1697 117 471 1655 287 445 1444 71 218 250 13 1926 188 253 1859 516 960 600 621 633 371 134 1003 1919 655 877 1713 765 1392 839 788 1036 1041 1085 
21
0 46 51 55 58 63 72 74 77 86 105 107 131 140 148 152 155 160 175 194 196 
38 46
1926 1860 1841 1802 1691 1647 1636 1599 1473 446 264 5 153 1115 330 251 205 131 1397 624 661 96 1058 505 1060 408 119 127 578 796 887 65 934 1245 1008 1156 938 939 1973 946 951 313 1103 1106 402 1113 
22
12 23 32 33 49 51 54 55 56 58 64 74 96 118 127 143 157 159 164 171 174 184 
39 38
1898 502 358 913 1616 510 212 1312 46 49 11 62 1010 71 661 108 1255 764 796 1909 1277 412 807 323 165 1113 1132 1201 1280 556 1188 1432 1495 636 1426 1821 1059 1849 
15
10 32 41 56 75 88 102 111 122 127 135 154 169 170 195 
40 33
1797 1682 1641 1499 1805 1435 1420 1341 1137 403 1280 318 1075 163 44 1241 538 75 38 963 1905 1868 980 1950 1321 1136 951 1847 885 883 957 595 1076 
20
1 6 7 16 29 69 78 79 81 102 104 109 110 122 139 140 162 165 185 199 
41 52
1947 1886 1757 1752 1711 1687 1642 1794 1636 1619 1589 1550 1680 1522 777 222 776 635 561 783 820 512 31 1363 374 781 395 558 1372 361 203 1054 217 270 797 800 1009 26 895 937 861 940 1029 764 1238 1349 1242 1830 1672 1277 1397 1476 
17
12 25 39 50 63 64 65 85 90 99 121 122 128 131 144 158 160 
42 43
1877 1809 1793 1771 1742 1595 480 548 469 1024 448 442 32 209 22 575 65 200 149 122 138 1135 819 416 890 1828 169 1038 896 886 1044 904 941 962 1258 1272 1345 650 1361 1472 1546 1388 1476 
21
1 11 30 35 84 90 106 110 113 119 121 123 147 149 158 165 166 175 180 186 188 
43 39
1941 1925 570 799 1934 354 1575 667 344 1824 190 78 1399 330 169 959 696 143 1255 1808 160 319 338 812 1100 1248 1164 1553 1701 391 1260 1397 1730 1488 388 1257 1573 1600 1718 
19
3 6 10 15 25 28 35 46 51 53 57 63 64 83 93 111 114 175 182 
44 35
1947 1902 1754 1742 1671 1971 1638 1620 1595 1544 1399 1378 1295 1593 557 1755 1237 307 1765 1506 544 1105 190 1360 953 176 173 654 1057 798 869 937 1944 1093 1185 
24
4 12 16 24 60 64 70 75 83 87 88 101 109 116 126 145 149 153 159 165 173 179 191 195 
45 34
1973 1969 1814 1559 1554 1510 1364 1343 1240 1215 952 802 277 447 225 1976 89 531 1420 199 28 1893 1560 265 376 1726 394 443 477 507 626 559 750 713 
17
13 25 28 32 59 63 64 71 80 90 97 134 142 154 169 195 196 
46 44
1998 1935 1821 1810 1793 1745 1750 881 733 1325 1728 798 1766 739 1294 364 1585 430 1170 223 926 725 1539 1626 209 130 247 1209 803 250 273 368 921 1156 1340 1352 555 1266 1424 1535 1433 1454 1569 1606 
17
24 30 37 43 54 57 83 99 104 124 141 142 145 170 181 182 188 
47 29
1942 1885 1627 1458 1298 1285 576 1974 1271 383 298 393 127 600 736 1948 616 1796 168 871 707 1897 1379 713 1189 1875 839 936 953 
15
2 5 13 15 22 71 74 91 96 97 104 117 148 159 184 
48 47
1896 1841 1826 1625 1485 1448 1542 515 145 513 1179 346 753 284 1447 25 336 268 786 2 890 181 218 536 1313 264 111 541 1022 1207 1244 354 582 755 779 542 1016 1420 1025 1753 1358 1200 1225 1257 1078 1315 1325 
18
5 11 13 19 29 75 76 96 103 107 110 111 119 141 143 162 177 196 
49 54
1941 1906 1494 1474 1376 1366 1344 1298 314 129 1091 143 1545 439 1115 140 805 1882 1803 65 223 334 53 1163 458 1410 383 67 476 239 1954 1322 137 1992 412 96 681 565 591 1760 496 654 533 691 750 987 706 1253 779 796 897 1097 1843 1211 
24
9 11 13 32 38 55 57 58 61 70 91 97 117 124 126 129 139 140 144 150 151 153 161 190 
50 37
782 662 1624 294 608 312 765 1002 1076 468 838 875 709 658 12 789 1304 45 23 855 1706 952 1125 1828 194 1142 1277 1278 627 706 1417 1642 1790 1662 1968 1889 1924 
15
9 18 33 41 57 68 73 92 94 100 106 154 180 189 198 
51 36
1929 1845 1764 1737 1672 1872 1206 1121 936 935 1763 912 1016 868 26 485 1688 874 800 689 275 900 530 706 632 699 584 1081 1044 82 452 2 705 43 6 746 
20
21 37 38 43 62 80 102 108 111 113 129 139 146 155 168 169 174 182 183 193 
52 39
1825 1763 769 558 151 332 654 510 1616 263 742 189 1262 109 1145 1972 1419 938 69 1586 503 457 141 1013 1117 1561 1147 1153 146 1252 1759 1285 1380 1091 1249 1565 1477 797 1666 
19
0 11 14 21 28 31 34 65 70 71 103 127 128 141 180 186 188 193 196 
53 36
2000 1844 1713 1344 1443 999 1724 984 1504 949 1124 939 887 1311 201 116 1404 405 69 27 803 248 189 4 300 366 428 1594 1335 1150 632 654 685 1259 223 778 
24
7 8 10 43 59 61 69 71 73 79 96 113 123 130 135 143 148 165 170 174 180 182 195 197 
54 38
1989 1875 1005 1560 212 830 386 1829 817 744 1396 211 655 576 203 915 125 1679 879 777 161 1271 1053 1061 1585 1659 1233 1293 1303 561 1430 1104 1578 1469 1785 1561 1798 1845 
17
1 11 35 38 46 58 62 79 99 108 112 125 153 170 188 194 196 
55 37
1984 817 1631 1153 842 519 801 394 478 34 432 1690 215 844 68 107 312 1940 1652 862 612 1639 1972 1035 524 287 1077 1188 1176 1206 634 1503 1361 1519 1815 1665 1919 
20
3 24 37 38 49 58 59 64 71 93 95 98 108 119 128 130 138 158 194 195 
56 35
1807 1613 1611 1584 1281 1158 1135 820 43 1228 451 1164 91 601 1868 18 1404 72 35 1958 1921 1699 256 1747 1155 1081 119 1046 306 161 211 1285 619 74 814 
17
1 10 15 38 39 70 91 93 100 139 144 159 169 177 180 185 197 
57 40
1977 1878 1795 1626 724 394 324 523 30 1066 107 144 385 1532 467 334 97 837 985 1101 1022 1059 259 1443 11 1591 357 752 320 794 1063 475 870 1107 1186 1372 1451 1052 1526 1527 
29
6 7 23 24 28 30 43 46 49 50 70 73 74 88 93 98 102 105 109 114 132 139 148 165 173 174 177 182 196 
58 31
1920 1781 1569 1160 1154 937 907 1509 214 1157 10 554 1584 104 874 319 23 686 9 1743 781 328 873 429 606 1173 988 322 840 1147 851 
18
22 37 38 49 54 55 70 73 78 89 97 114 125 128 141 158 165 183 
59 42
1993 1811 1777 765 550 1918 417 1527 1947 367 350 529 11 1639 747 36 295 958 913 1624 88 52 79 1357 883 962 1923 975 1450 1055 1058 1475 1080 1317 1428 1233 1242 1256 1301 1671 1378 1692 
23
1 9 24 28 32 35 45 53 55 65 85 90 110 132 162 171 177 178 179 191 192 197 198 
60 40
1828 776 1479 1714 529 1902 638 1822 479 769 66 446 486 27 1100 23 792 1035 640 1193 482 542 912 222 839 884 900 1640 908 97 966 1080 1127 1534 1194 1360 1377 237 1501 1683 
15
17 26 44 72 77 120 130 141 156 159 176 177 180 198 199 
61 38
1903 1896 925 398 268 1082 1080 178 655 692 344 89 21 753 1123 90 978 97 1836 125 1568 1563 1642 436 989 1866 997 1002 266 1688 1372 1079 1201 1289 145 1646 1111 1664 
10
9 49 53 80 92 102 107 130 157 175 
62 47
1933 1861 1769 1842 1763 1706 1644 767 571 1126 494 1945 602 1234 489 1768 1452 267 472 390 712 1267 474 1878 219 1181 227 224 826 1159 335 888 45 1230 914 1345 950 969 1039 1015 541 1094 1243 1257 845 1398 1435 
19
21 22 34 51 54 66 69 74 77 82 88 96 99 111 126 141 175 184 197 
63 33
1798 1765 1611 1597 1325 1689 1208 282 1924 1258 185 111 169 594 8 1625 552 882 179 327 1882 1105 735 347 385 1004 819 708 387 1035 591 1520 632 
18
2 11 27 32 37 41 43 45 77 111 130 133 134 150 153 175 191 198 
64 39
1986 1944 818 1003 1653 540 691 612 493 883 67 1473 164 1126 949 1282 1393 1983 1430 65 1652 388 1054 273 384 673 1000 1001 1334 1009 1076 1452 1536 617 1565 1698 1900 894 1921 
27
8 13 15 16 20 27 30 38 41 43 44 45 55 69 105 110 124 127 136 138 146 150 151 162 167 180 195 
65 36
1986 1592 1507 1499 1374 1118 1064 1059 1017 857 850 369 236 644 1563 1008 712 160 24 653 122 864 87 470 484 1329 626 1149 705 779 861 639 1887 1813 1036 740 
25
3 18 21 23 41 52 59 89 90 96 108 121 133 134 137 143 144 150 152 160 163 167 173 191 193 
66 42
1824 1796 1676 1797 849 1631 556 1 326 343 659 1120 1436 855 70 472 1945 444 1471 595 200 912 914 922 974 490 1122 981 1015 1024 1098 1239 297 1324 260 1445 1655 1497 64 1565 982 1614 
15
3 19 32 62 71 91 98 117 118 121 159 165 186 195 196 
67 39
1858 532 1568 428 333 535 331 341 205 210 49 134 290 211 143 1031 91 960 170 577 198 599 619 639 1448 780 1668 745 1140 1975 1185 1970 1259 1572 1277 1239 1476 1669 1718 
7
0 23 28 32 77 111 140 
68 36
1777 1629 1783 1487 1391 1321 1281 1221 1081 1003 906 842 1880 178 110 535 797 20 33 1803 730 1921 1884 108 182 146 590 1446 1335 743 204 419 856 449 653 718 
12
6 50 74 76 80 84 91 101 127 135 143 179 
69 40
1973 1961 1887 1700 559 744 610 136 765 1468 86 478 715 333 44 114 429 89 663 110 1339 628 1294 434 118 750 897 927 956 1103 1127 1201 1142 1284 1471 634 1582 699 1568 1678 
22
0 6 15 40 53 62 64 72 73 90 95 107 119 124 143 148 153 155 165 167 186 198 
70 35
1965 1874 1824 1636 1573 1544 1485 1321 1228 1711 1119 1587 1106 1104 1046 1042 943 539 945 242 235 164 53 12 345 889 148 518 294 553 1852 557 728 765 883 
17
13 15 22 32 33 36 44 49 52 56 57 58 76 98 156 197 198 
71 47
1951 1729 1948 763 744 1299 1746 1667 719 164 700 1695 589 581 331 1626 43 615 931 1716 1005 597 782 274 490 1747 167 1425 184 1331 1842 1368 1244 296 947 1093 1278 1923 1291 1363 1399 1470 1949 1475 1050 1524 1640 
23
6 12 45 47 52 53 55 66 93 100 102 113 116 117 126 130 132 135 141 143 159 163 197 
72 38
1859 749 1637 740 744 522 676 158 573 269 980 1128 752 1418 385 1754 45 1525 534 297 254 1364 788 804 982 1002 1668 1824 481 1034 1097 1282 55 924 1398 1408 1469 1769 
14
10 34 37 60 69 75 98 119 130 149 155 169 188 194 
73 43
1920 1799 1774 1748 578 726 146 412 1448 655 13 790 622 1510 501 302 144 107 983 426 290 867 516 1385 1496 913 1460 1788 1077 1016 1253 1825 1430 1796 1480 322 243 1507 1639 556 1662 467 1731 
19
7 9 21 35 50 53 57 58 69 78 97 112 119 141 176 185 193 197 198 
74 44
1960 1953 1911 1681 1576 1532 1436 422 371 785 364 305 350 188 1051 577 181 29 436 265 1213 111 174 415 1284 1037 168 449 1540 671 545 553 559 611 403 640 825 1024 713 985 1308 59 691 1323 
25
4 5 14 30 37 38 47 57 62 68 91 94 106 116 117 119 120 136 140 150 159 174 177 181 194 
75 51
1951 1673 1538 1426 1413 1228 696 1678 493 421 88 1956 1087 657 659 1212 317 58 1947 209 1280 727 415 859 1232 126 940 180 168 1782 202 705 1820 240 714 719 756 908 750 1568 936 778 252 805 963 1034 1067 742 1137 1299 1220 
22
2 7 39 44 48 72 81 82 84 85 90 102 119 120 124 143 150 164 172 182 188 192 
76 41
1993 1955 1927 1617 814 370 1443 1554 751 683 1312 680 769 532 539 605 520 262 635 1425 1207 863 399 873 366 919 963 1082 1191 330 1278 1327 1379 315 1421 1943 837 916 1469 1457 1615 
18
1 8 33 48 68 70 82 85 94 98 120 130 142 154 156 159 160 180 
77 42
1946 1897 1869 1787 864 1456 767 806 1359 751 717 1745 1192 752 1529 21 9 452 57 1802 538 1389 773 76 96 1354 230 151 1594 881 981 1009 1141 1363 1208 1222 1327 1406 947 1421 1424 1651 
19
5 8 25 35 37 60 62 63 67 81 94 102 116 162 166 174 177 192 195 
78 42
1979 1860 1957 614 838 515 168 1625 203 605 1715 520 1445 350 502 1608 3 215 378 931 1449 924 1082 1929 1139 1976 1265 591 1302 272 1299 1447 999 1394 1870 1475 1481 898 1372 1688 1770 1841 
18
12 18 19 24 30 40 58 73 95 112 120 130 144 162 180 185 191 193 
79 35
1475 1971 1564 1453 1961 1443 1420 1291 1143 1103 1832 944 880 854 1500 797 109 7 89 209 246 150 261 312 618 267 268 1856 228 302 1551 404 656 1678 679 
22
6 19 33 35 36 40 53 54 84 99 104 110 115 116 131 133 135 180 187 188 192 196 
80 44
1918 1766 1706 500 598 445 411 1695 589 1980 242 243 798 1691 743 369 1929 1376 1677 176 329 1069 1994 414 809 846 849 918 656 419 1288 1015 371 766 1082 1267 1341 1194 130 1236 1391 1503 1535 1609 
15
15 45 51 61 68 83 89 125 147 149 157 175 184 192 193 
81 40
1895 1902 1823 922 774 785 489 507 727 1208 43 1486 1819 25 210 368 1441 1515 852 1906 1037 901 427 255 1038 1260 1057 1068 1126 632 1422 1257 1267 1277 1314 1545 716 1585 1732 1787 
15
5 40 75 77 83 86 99 109 130 135 161 162 174 179 180 
82 41
1981 1897 1891 551 685 470 684 368 1950 923 427 1922 342 332 221 124 275 1015 558 163 318 1243 1761 710 90 1117 730 742 746 777 879 661 1451 1540 1622 389 1653 1699 1842 1637 1874 
16
0 3 11 18 62 75 76 90 93 111 123 134 149 168 171 190 
83 37
1955 766 729 615 513 418 627 66 1065 192 1117 73 5 410 121 142 582 797 879 524 1156 1238 1941 1333 1629 1391 191 1613 1399 1418 1529 1640 1569 1644 1752 1627 1943 
20
12 14 17 29 31 43 44 46 80 81 111 116 122 145 160 168 169 171 175 185 
84 36
1930 1928 1751 1485 1535 1387 1302 884 879 871 846 1172 839 179 1664 184 133 1333 149 812 1610 204 272 1237 386 29 288 356 492 1526 601 1839 692 618 881 770 
19
13 28 29 42 68 75 79 99 104 120 122 124 132 133 134 140 141 160 189 
85 33
1962 1843 1727 1620 1489 1395 1354 1536 1240 1203 1187 1183 1043 1328 292 85 41 23 280 535 35 1300 1041 301 602 454 471 760 1015 859 863 1437 882 
17
8 11 24 25 41 59 75 76 90 112 113 118 121 147 151 173 199 
86 48
1932 1821 1708 1687 1624 1583 1488 1429 1423 1281 415 600 225 504 188 221 850 108 467 151 309 938 190 122 817 185 384 180 493 1549 1233 516 171 645 770 307 1018 781 1927 1690 31 821 1226 831 500 1053 1304 1359 
19
8 12 15 37 81 90 112 122 124 126 131 135 140 141 159 181 182 184 199 
87 40
1982 1969 1951 982 1759 756 689 690 662 33 1933 1143 228 1819 588 35 1873 1478 139 359 155 1450 1017 1078 1767 1135 1246 1188 1290 1519 1667 172 1594 1821 164 638 480 1033 1823 1863 
20
5 6 7 11 28 32 34 44 94 119 120 132 133 159 171 175 176 182 188 193 
88 43
1904 1883 1863 1763 1710 792 726 677 1675 411 892 1558 662 498 387 868 85 1349 781 860 147 246 161 635 244 1465 865 888 1011 1017 1202 900 1137 564 1433 1274 1329 1407 287 1472 1615 1536 1574 
18
7 8 34 36 39 44 57 62 91 92 109 130 135 143 151 172 177 190 
89 28
1978 1896 1916 1842 1706 1643 1782 1560 1396 1298 1284 1158 201 898 68 135 20 329 754 331 739 367 541 430 247 617 2 1075 
20
0 7 11 12 13 16 18 25 58 65 80 91 112 143 163 165 173 176 183 188 
90 51
1912 1883 1874 1825 1775 1671 1891 1654 1603 1564 462 314 330 609 1765 580 308 48 1713 212 1211 297 352 1852 114 538 301 666 1036 1674 805 632 1027 575 654 180 1286 1471 818 1447 313 866 1088 1789 1236 968 1412 992 1034 1487 1530 
25
6 21 30 41 42 45 59 65 69 75 82 85 86 92 96 102 109 110 118 126 160 172 184 185 192 
91 32
1966 1967 1819 1672 1434 1234 1085 848 156 1182 146 977 52 1556 816 113 802 99 749 490 288 764 1860 1527 898 306 144 514 1158 603 529 574 
19
13 21 47 49 56 66 68 74 88 89 99 104 135 143 158 162 182 192 194 
92 55
1960 1915 1897 1895 1849 1815 1740 1684 1654 1648 1615 1361 528 787 1083 549 1820 1030 498 638 1349 614 456 567 1653 863 431 44 191 1984 641 88 1611 347 368 1256 113 575 654 741 805 1157 841 859 911 965 988 1672 1040 1426 83 1189 1983 798 1351 
15
17 27 28 36 50 61 88 90 145 148 165 177 187 189 192 
93 39
1851 749 1922 342 636 1376 684 650 514 1624 1305 1379 771 142 1104 396 1062 226 1810 1336 14 367 265 1375 1585 637 365 876 1531 899 938 1345 1419 1089 1159 1251 491 1360 1544 
12
0 1 16 43 55 56 57 71 82 142 176 186 
94 40
1990 1832 1766 712 1304 312 1385 594 1791 1001 1112 540 350 426 315 914 218 284 26 1764 716 645 92 724 52 289 763 1429 1302 859 1071 293 1478 1019 784 1258 291 1397 886 1676 
19
14 18 33 34 36 50 74 76 77 87 95 98 107 109 125 129 137 164 175 
95 41
1733 562 192 386 573 336 299 262 1446 304 23 43 549 362 1546 1760 22 56 295 611 607 872 1886 1728 1649 1511 879 1212 1031 1660 1032 1402 1974 1184 1278 72 1336 1224 1382 1411 1703 
19
9 13 34 55 69 78 94 99 100 113 116 121 137 158 161 166 169 188 198 
96 41
1926 1918 1874 1823 1789 778 77 560 411 381 277 1259 943 818 28 113 467 743 1059 433 246 802 565 1601 242 1019 272 975 1045 1230 1233 1023 1418 1277 1303 1340 1367 1590 1527 1606 1708 
19
8 14 24 27 29 38 47 48 53 62 65 90 98 113 134 143 172 177 182 
97 30
1985 1951 1913 1895 1843 1283 1201 1105 1943 537 826 843 928 457 984 459 610 92 925 997 442 368 1819 1301 1153 635 731 842 1809 847 
21
5 13 17 26 32 36 45 47 49 58 73 105 109 159 160 174 177 183 184 186 195 
98 41
1999 1900 1879 1855 1757 885 1138 1076 1705 357 47 208 1261 1577 42 537 1485 736 104 289 470 249 768 610 926 690 927 974 1159 951 1346 1382 1512 1586 780 1570 1752 1673 1719 323 1745 
21
2 35 55 57 66 70 72 76 94 96 100 105 107 111 113 117 120 121 169 177 182 
99 39
1959 1834 885 681 385 1606 651 1539 527 675 1206 495 162 325 1472 1583 1657 1789 87 8 883 93 210 1006 1020 741 267 1057 1231 1879 1247 1765 1380 1445 1516 1595 1737 1023 1813 
17
41 46 54 62 79 81 84 91 95 104 134 150 161 172 177 178 184 
100 37
1685 996 1514 588 524 185 1382 594 880 3 538 164 1217 901 664 923 307 679 521 1232 345 663 900 767 785 547 1021 962 1041 1633 67 1094 1326 444 1392 1569 1675 
8
50 56 71 95 98 127 170 188 
101 36
1787 1779 1770 1744 1725 1563 1547 1546 1738 1479 1867 1460 1895 1340 1945 1205 1628 666 1235 162 1788 271 49 160 435 514 207 392 651 1462 426 796 300 966 935 1130 
16
12 23 34 35 44 68 115 128 147 156 159 166 181 184 195 198 
102 35
1674 1588 1557 1359 1353 1310 978 905 1584 1510 844 799 351 1300 338 839 321 1709 525 195 637 574 631 697 443 184 702 1901 717 1504 764 788 1529 1307 789 
20
6 11 35 39 40 51 57 61 71 75 77 90 110 127 128 148 157 158 173 198 
103 47
1975 1930 1919 1683 1653 1651 1625 1571 708 634 1226 674 1852 193 347 270 345 1529 243 1205 22 1748 10 360 123 44 118 1273 906 1091 55 766 840 852 907 1499 718 955 1643 1485 1090 1109 1234 1189 1505 1039 1513 
15
6 16 18 23 29 31 48 52 107 122 125 143 182 184 187 
104 40
1990 1927 1910 1863 590 1811 739 406 332 1109 1553 552 1477 345 367 604 497 181 245 180 417 840 1007 1086 1139 1178 275 1302 1348 5 1427 1499 1572 1646 731 1600 1629 1703 1695 1806 
26
1 11 27 31 35 40 46 47 79 84 91 99 105 116 157 160 161 165 168 169 180 181 184 189 192 194 
105 44
1895 1894 1702 1636 1836 730 581 1941 914 1247 387 1629 760 245 763 590 960 1552 905 352 204 1092 1561 1166 291 180 1216 39 1001 24 68 919 95 983 181 847 726 884 973 1033 1116 1185 1294 1377 
17
11 24 37 57 64 97 98 104 108 113 115 131 136 142 154 182 187 
106 41
1867 1784 677 1968 862 960 997 1253 515 413 514 412 264 782 316 516 42 279 1489 177 683 1951 529 766 818 1373 94 1595 1706 837 231 863 879 950 1431 592 513 1066 1420 1442 1507 
15
9 26 32 42 50 74 108 116 124 140 169 170 183 187 195 
107 40
1794 1728 1631 380 1305 318 213 28 410 257 72 313 1182 1391 206 166 990 1464 42 274 116 1 67 527 1381 643 477 1346 727 816 741 899 961 1544 991 1258 1377 641 1431 1505 
23
4 18 21 30 32 37 48 61 69 94 98 103 118 120 128 141 148 158 165 168 177 189 196 
108 42
1960 1946 1895 1859 1696 1656 346 290 838 1060 1104 77 114 782 255 1550 1545 658 102 1366 350 10 800 941 1200 1031 1035 1151 183 1447 209 367 1236 1284 1383 1444 1563 770 59 1639 146 1647 
20
9 10 15 18 26 29 30 51 54 55 65 105 106 113 144 150 151 158 185 199 
109 48
1968 1958 1913 1901 1512 1465 776 537 1166 1425 545 915 1875 1322 689 519 1948 1000 924 213 405 269 935 397 81 1450 416 1751 1119 263 851 1486 222 372 981 902 919 920 1747 957 949 1895 1342 1263 711 1264 1287 1317 
16
9 12 32 40 44 57 81 88 90 94 97 145 159 174 186 196 
110 29
1946 1933 1820 1730 1692 1681 1660 1630 1591 1411 1346 1222 183 166 1528 418 25 824 147 1167 929 522 530 299 743 817 1140 944 1213 
21
10 35 40 42 48 59 64 79 90 102 119 137 149 152 162 167 171 182 188 193 197 
111 32
1976 1873 1722 1547 1525 1422 1375 1845 1327 1252 1245 266 997 1760 317 1020 1928 152 536 1682 91 387 383 494 588 1801 1394 210 950 153 1078 1187 
25
8 12 17 24 39 43 48 51 62 63 67 82 83 98 113 114 145 148 155 164 176 184 187 191 194 
112 36
1941 1808 1720 1449 1422 1355 1353 1996 1219 963 241 1900 198 1115 264 1254 1180 292 33 509 1241 316 1859 860 1699 367 959 1525 1155 711 147 739 1137 767 670 818 
13
8 54 73 78 85 86 89 136 146 155 157 161 187 
113 37
1970 1012 1160 940 956 717 674 748 539 24 579 820 1373 1235 1867 187 1297 930 913 115 1063 95 1122 1065 1381 1133 1305 1389 1611 1425 646 1436 1772 1785 1383 1857 1921 
26
15 19 22 28 34 42 51 53 71 85 95 96 98 105 108 111 117 127 129 132 139 148 159 163 170 185 
114 35
1849 1774 1651 1602 1594 1550 1530 1506 1341 1299 1962 1296 1554 1295 1050 1310 348 8 1862 1011 276 286 139 105 1880 363 635 413 796 500 772 653 801 1440 885 
16
2 5 13 43 57 58 111 128 131 134 142 156 166 174 175 189 
115 37
1994 1033 897 1526 657 546 1952 799 561 1264 1057 1945 399 1287 542 239 1534 891 1181 75 1518 278 248 1432 471 1211 1544 1877 1066 1301 1143 1442 547 1574 1609 1658 1737 
19
11 16 19 22 24 28 31 79 101 105 117 122 132 147 150 158 168 173 177 
116 34
1768 1693 1516 1458 1454 1380 1362 1147 1106 1096 532 1025 1544 1248 1026 1833 316 155 1141 290 540 632 904 1800 1208 431 1023 1663 701 796 1017 1899 234 1085 
22
14 16 44 71 74 77 79 83 95 104 106 122 124 133 142 167 174 176 184 193 194 196 
117 47
1879 1734 1698 1694 1673 1637 1596 1548 1534 644 163 593 186 563 300 1373 740 23 214 1854 116 573 1054 86 797 1978 1346 161 310 705 757 658 1053 1386 798 207 918 1018 1154 131 1237 1356 1401 656 1446 222 1486 
19
11 28 36 47 49 66 71 74 98 113 115 139 141 155 159 161 179 190 192 
118 35
1906 1880 1806 1779 1645 1612 1508 1118 1075 1974 1012 1973 271 356 467 998 739 369 368 1391 1243 614 1156 564 1080 673 291 772 561 783 1813 999 888 889 978 
19
9 12 22 30 33 34 38 66 85 90 107 120 123 143 157 164 165 176 178 
119 40
1943 1886 1866 510 473 672 1841 577 492 137 1691 502 1687 344 1055 1610 1758 1252 411 675 912 1023 1356 1795 926 1111 1191 1372 1405 1422 1644 206 759 1470 860 623 1492 300 616 1801 
22
26 34 42 48 55 69 72 73 74 75 87 110 140 142 144 151 152 159 166 176 177 184 
120 41
1954 1930 1917 1899 544 461 493 335 298 311 621 1398 38 220 30 564 1341 1378 309 799 88 167 286 1766 819 1596 1019 1268 1823 1123 1281 1400 1087 1403 1538 1542 1545 1993 1598 1709 1735 
23
5 8 22 35 60 74 75 76 78 84 87 98 107 118 130 134 151 154 184 189 193 195 199 
121 44
1829 1812 1804 1749 1676 1657 1453 1225 470 467 726 468 589 431 451 422 1347 596 122 899 1269 259 920 278 1092 1203 602 1342 387 1016 1423 550 708 725 653 1206 845 1688 29 1056 1309 296 1086 1323 
20
3 15 16 17 20 21 24 41 42 65 66 85 95 98 125 138 165 173 177 191 
122 49
1972 1923 1725 1709 1638 1462 429 170 1132 48 1428 85 1232 1898 397 1767 1688 1056 1440 334 418 181 535 165 416 182 700 1675 885 426 1872 1240 171 642 563 1728 1254 622 1275 643 161 872 956 986 1200 1268 1286 390 1338 
25
4 7 11 13 27 33 39 40 41 83 84 86 103 115 116 124 125 130 138 140 145 171 182 183 197 
123 51
1946 1943 1937 1916 1896 1793 1663 1754 1596 1592 1549 534 1015 508 977 453 243 235 1988 13 71 477 958 1032 375 718 86 1624 1308 123 1048 142 1641 614 629 640 172 646 669 780 1300 431 747 1407 459 775 776 1146 828 1093 1239 
12
0 42 53 82 118 125 132 162 164 177 182 184 
124 46
1640 1546 644 1583 635 1005 731 1701 990 1278 1653 547 880 543 536 511 585 1690 1532 505 949 76 917 1075 1724 223 112 741 815 21 612 217 796 1748 800 1392 1919 971 126 995 1157 1224 1272 1308 1409 1488 
24
15 23 24 25 46 49 64 69 75 84 86 106 116 122 127 135 136 159 166 176 179 181 193 195 
125 34
1753 1854 1743 1674 1841 1656 1613 1829 1533 1223 1950 1136 1037 753 377 1171 505 1953 288 1614 134 242 656 1266 674 748 1972 899 825 936 447 1002 965 993 
17
19 54 58 80 94 103 121 122 123 144 150 154 163 168 169 172 179 
126 45
1997 1985 1924 1910 1905 1843 1797 1771 536 478 65 328 1401 214 843 361 677 1306 37 511 1473 86 508 100 285 1216 110 115 304 1331 699 1661 754 1785 758 837 1660 949 1430 1014 1125 1279 1612 1264 1422 
21
29 44 49 62 71 86 90 137 143 148 151 153 162 163 165 166 168 173 174 176 190 
127 48
1827 1756 1724 1614 1607 1573 763 687 668 1689 583 496 163 592 1826 1036 557 1110 439 1225 1473 288 954 384 284 1468 1657 314 980 93 804 120 989 337 811 1181 844 882 1437 1978 951 1053 1086 1707 1154 1027 869 1343 
17
8 9 19 22 35 38 39 52 64 68 100 102 113 124 138 151 161 
128 41
1800 1778 496 434 1786 1470 426 574 391 942 1963 1015 131 47 1624 755 202 676 433 729 144 1328 546 172 147 201 359 596 610 1175 859 1525 1104 163 1190 1298 1344 1392 1445 1468 1531 
20
19 26 27 31 41 52 55 58 101 102 107 114 134 138 145 167 176 186 190 193 
129 41
1862 1833 1820 764 1578 768 1064 734 615 1670 325 641 160 1892 233 148 523 128 1355 170 733 180 210 1509 798 907 1788 998 1763 1210 1506 1240 1161 746 1062 1457 1315 1972 866 1340 1778 
18
1 13 19 35 49 51 94 113 136 142 143 151 155 156 158 184 189 197 
130 43
1968 1949 1862 1831 1576 431 209 594 742 565 723 1414 150 1019 375 317 489 1279 481 447 854 144 223 79 1185 85 638 897 1304 1526 1720 772 794 1622 832 390 1101 1359 497 1366 1477 1375 1391 
19
20 53 55 60 61 63 71 72 76 78 81 88 120 122 133 142 149 193 199 
131 41
1970 1938 1811 693 1078 1707 834 426 1203 409 1807 385 63 560 165 260 87 376 530 846 1455 1771 912 1981 1033 1493 1098 1135 1108 415 810 1205 1686 1355 1405 1517 684 1632 400 1743 1731 
18
12 25 37 41 79 86 105 114 136 140 154 155 156 158 161 175 178 193 
132 40
1738 597 1707 495 125 494 489 667 193 1935 1303 468 1633 606 764 1652 102 525 130 741 1689 1610 253 1359 499 1798 218 740 1110 770 27 817 1778 830 1656 945 1500 1079 1708 1305 
25
1 4 21 25 27 32 34 35 57 59 71 84 87 113 115 123 134 139 145 147 161 169 178 192 197 
133 44
1984 1842 1828 546 1138 1814 1656 469 428 421 51 385 1949 369 1780 42 252 57 566 1528 791 396 1794 293 56 158 1651 656 413 808 1230 969 615 1089 897 1134 1160 1530 1697 1223 1303 1673 824 1535 
18
8 9 12 32 63 65 79 84 87 116 130 136 143 148 186 190 193 199 
134 41
1768 1700 640 660 371 815 1222 254 588 1587 44 132 1080 226 799 103 917 74 1318 370 47 691 1320 1258 705 671 1224 1298 1936 1304 1874 689 1637 1322 1031 1347 354 1381 1918 22 1523 
21
5 14 22 36 45 63 65 82 84 96 99 114 120 128 132 160 170 177 184 195 196 
135 40
1991 1977 1903 45 1710 747 698 344 349 201 1459 20 109 1811 659 182 320 822 506 901 980 1773 1141 1511 1390 1501 1880 1406 1412 286 1471 1489 149 1255 1571 230 1652 1573 1654 1816 
19
0 9 25 30 39 53 68 71 79 81 86 88 91 124 136 146 152 163 192 
136 46
2000 1957 1949 1876 1866 1850 1743 522 1077 1936 514 1513 452 450 43 728 397 1618 312 1696 432 1459 1899 793 3 60 200 204 85 1372 977 187 627 747 291 844 1140 880 351 1694 1226 1453 1567 862 1652 1687 
18
3 9 13 19 33 64 74 105 112 124 129 131 133 135 146 159 178 189 
137 42
1992 1773 1749 1617 544 1583 492 435 384 310 737 98 653 6 853 142 919 633 1114 582 557 952 1470 355 1181 1260 1576 367 209 999 1853 510 1142 1226 1244 1340 1525 1342 573 1442 1826 1589 
11
14 16 23 30 33 65 94 95 110 126 161 
138 40
1944 1889 1883 689 679 1359 676 512 515 447 70 800 958 1846 51 414 693 377 1635 312 389 1351 496 829 711 893 1016 1034 1112 1561 1324 1694 660 1687 1881 1644 1723 221 1801 1851 
12
20 23 30 31 55 64 121 122 127 128 148 160 
139 35
1969 1915 1804 1762 1689 1591 1427 1399 1306 1202 1190 1056 179 1928 115 1711 157 897 921 70 1035 369 225 3 484 1320 654 597 708 1719 1238 720 809 833 848 
12
0 40 49 51 56 57 113 117 132 143 172 181 
140 39
1922 1853 1184 633 707 411 337 623 31 620 1693 588 958 1954 58 443 289 1288 888 98 624 1215 267 955 1192 934 1008 1049 1056 1199 1227 1671 1583 576 1603 1776 1618 1625 1679 
16
12 37 40 49 67 74 84 86 106 119 122 131 146 164 188 193 
141 46
1911 1823 1711 1697 1688 250 213 694 197 1840 655 68 66 179 653 24 611 1351 1890 152 583 1136 899 1668 88 1028 159 791 445 1235 998 1072 1742 715 1031 1153 535 1325 1791 1396 1092 934 1408 1463 1108 1661 
24
5 10 12 14 29 33 46 48 52 58 60 62 71 73 84 86 107 117 163 167 170 178 180 197 
142 31
1766 1747 1592 1320 1244 1201 1047 1038 316 1728 1395 285 1114 744 194 1961 1480 999 925 167 1252 660 80 1043 488 743 534 164 429 494 584 
19
2 5 7 17 19 45 46 76 93 105 114 116 119 129 130 163 170 174 189 
143 41
1920 1893 1873 1768 1047 1084 455 1565 690 548 511 144 1102 1418 1055 1529 1946 1788 258 132 1118 1120 932 1564 1172 1210 411 1280 1502 1313 1348 1397 1898 476 160 1503 636 1821 1742 1692 1850 
26
25 33 38 48 53 65 68 69 71 75 88 89 91 96 103 118 126 129 133 139 151 161 164 165 193 195 
144 35
1956 1566 1610 1536 1182 1163 1454 825 821 1646 1572 1313 129 50 1042 339 15 1952 1360 287 355 245 21 1204 427 453 589 949 690 468 1507 471 856 560 745 
10
26 41 49 56 65 78 108 119 125 170 
145 40
1968 1942 599 414 710 589 746 543 1900 1505 1752 409 417 1044 491 1395 124 253 94 252 955 354 833 1055 1499 939 1138 444 1471 561 1193 563 1195 1750 1628 1391 1418 1472 26 1606 
20
0 2 4 12 32 44 46 83 92 109 111 122 128 132 158 160 188 193 195 199 
146 50
1969 1621 1567 1561 1515 1509 1474 1427 1419 1369 1540 513 1863 362 880 202 91 552 922 1352 562 178 42 1683 893 101 477 65 460 689 985 109 1293 576 628 1183 670 427 743 171 724 803 1786 838 1019 229 1177 861 1268 1058 
15
2 4 18 51 64 112 135 136 140 152 163 164 167 182 197 
147 49
1944 1912 1879 1777 1708 1630 1562 1515 1497 921 1925 503 436 1139 1287 346 1180 864 66 303 588 430 209 122 1419 234 47 1742 162 1161 182 203 612 1165 455 771 780 1950 1160 1002 802 1027 1138 1109 1112 1736 1341 1448 1485 
16
11 17 21 23 36 42 80 85 101 115 132 152 157 175 180 191 
148 45
1940 1931 1892 1822 1669 613 420 383 1918 1049 398 916 1656 390 388 1732 73 221 401 6 264 634 1973 77 257 1996 890 621 1546 187 661 1663 1031 814 1221 987 348 1217 1393 1316 289 1395 859 1491 1608 
22
5 8 14 15 18 37 47 53 57 69 92 102 107 111 113 126 133 138 156 157 191 193 
149 49
1942 1937 1922 1881 1814 1810 1785 1676 1653 497 321 247 74 814 401 6 1042 188 1687 581 107 161 935 1490 1696 353 1167 183 676 1071 703 1256 216 1638 769 776 1948 1553 920 1640 1087 967 1125 1695 1458 345 1214 1584 1223 
18
4 8 9 16 24 28 31 42 44 72 80 82 110 130 160 164 173 194 
150 24
1956 1976 1347 1755 238 190 870 162 689 50 1875 395 1172 1289 142 427 1404 886 590 1712 1083 807 912 1146 
16
2 8 49 63 64 65 74 75 99 108 115 125 154 157 190 192 
151 38
1985 1983 1042 1560 1179 564 1489 551 594 1697 1223 1556 79 35 128 661 1451 108 1084 136 1744 1191 1270 1309 526 1316 1113 1745 1350 1757 315 1421 1532 1547 1638 1470 1786 1800 
19
19 26 30 49 64 85 88 108 119 120 126 127 129 143 158 160 177 191 199 
152 43
1905 1884 1259 816 1975 790 637 1838 416 388 1797 375 412 373 101 1655 1541 61 140 725 1391 266 347 1087 370 1110 863 1677 1679 968 1018 1919 1129 852 1089 1253 1254 1873 1320 1437 1785 1469 1725 
14
17 27 33 37 65 110 119 135 146 147 157 184 190 196 
153 45
1952 1930 1878 1832 1788 1899 1741 705 483 557 964 589 685 1277 1763 1684 583 704 442 286 387 1608 1107 633 258 21 395 14 1357 763 895 1986 880 1117 443 1154 1598 1184 728 1202 1276 1231 1306 1363 1624 
12
4 16 44 49 54 63 69 126 164 174 176 187 
154 36
1736 1727 1693 1661 1621 1565 1491 1421 1922 1330 1279 1250 1210 1053 827 124 44 37 224 708 42 1971 232 1211 286 291 1918 1696 512 357 389 489 92 573 171 689 
17
8 26 35 39 45 50 76 105 120 125 131 150 156 157 172 178 199 
155 31
1469 1428 1262 1159 1139 1015 1815 1445 779 1004 745 1555 334 521 336 962 37 294 479 1252 475 611 199 339 709 346 1969 674 378 502 578 
14
37 51 69 72 111 112 117 129 131 159 162 165 182 191 
156 38
1955 1846 530 784 229 376 337 724 95 1242 392 245 1508 437 42 256 730 804 711 1027 237 1088 889 1023 1652 1032 1649 1254 1079 1237 1410 620 1252 1405 1526 1750 1764 1765 
17
16 20 24 30 60 70 76 101 114 129 131 148 154 158 168 193 199 
157 44
1972 1926 1753 580 230 1575 469 785 859 657 1775 353 1588 166 358 832 1165 592 1461 34 1925 108 1571 386 12 954 692 472 1025 727 1356 730 1374 584 742 1149 97 887 5 1032 247 1116 1168 1564 
23
3 5 7 29 31 33 35 38 61 80 102 104 112 118 147 148 150 152 154 170 190 191 193 
158 41
1941 1896 1861 804 768 800 1429 664 578 183 454 898 419 353 1990 94 1204 510 1768 127 904 1792 142 831 1386 846 49 918 1732 924 1109 1807 1017 75 1181 1243 1493 85 1033 1665 1690 
23
4 16 17 36 41 42 55 58 91 95 102 107 108 115 129 131 145 151 156 163 182 193 197 
159 40
1902 1897 1991 1833 215 91 511 432 62 1246 1468 418 236 1494 1605 461 145 156 45 50 71 861 632 518 1150 767 1063 386 1176 1286 1182 1656 1528 1449 84 1506 1555 1717 859 1807 
27
9 16 25 36 38 44 47 56 60 66 71 74 76 86 87 97 101 109 113 117 119 124 136 155 169 175 185 
160 34
1963 1889 1657 1548 1321 1310 1590 998 1330 997 972 688 353 659 391 95 7 1858 1451 8 424 662 1499 1314 426 323 434 580 1776 1221 629 592 530 641 
20
2 8 10 12 25 37 41 65 76 83 84 90 97 104 134 138 145 149 151 192 
161 39
1847 1813 512 493 437 1769 249 693 558 1446 218 33 526 356 251 93 56 88 9 1550 128 1608 610 633 1872 845 687 694 765 903 994 1062 1232 1487 236 1500 1607 1307 1702 
16
6 49 81 95 99 104 112 117 127 131 132 137 143 171 176 180 
162 34
1904 1876 1761 1610 1443 1256 1715 1234 1799 1207 1181 1054 1658 215 88 51 391 1020 216 1283 284 1808 106 69 732 1300 264 706 1968 414 1556 557 517 591 
23
2 4 14 15 20 32 40 48 59 64 77 78 81 91 110 123 126 155 163 189 190 191 198 
163 41
1977 1812 1772 725 553 331 617 1862 914 1432 259 324 178 19 815 186 288 1102 616 293 1662 1736 900 333 965 1914 413 1282 1124 1156 987 1303 1334 1593 1373 1530 1567 396 1581 1560 1639 
21
7 15 16 18 26 28 33 65 71 89 113 125 126 135 141 142 146 158 162 176 194 
164 35
1685 1583 1459 1190 950 942 745 711 902 199 1299 522 1807 1770 1326 253 610 1 429 463 1232 233 122 1490 1120 676 1119 934 157 268 490 1281 504 435 620 
16
5 38 75 94 111 118 123 140 143 146 149 153 165 177 188 193 
165 42
1920 816 1791 1238 233 232 133 22 499 721 313 392 1498 125 162 1589 9 443 1 42 446 1078 1485 98 1588 87 626 1275 643 959 652 673 1558 768 867 886 1034 1214 1808 1492 710 1500 
29
4 10 16 19 31 40 42 44 53 57 58 66 69 89 92 104 107 118 121 126 143 155 164 167 186 189 195 197 198 
166 40
1844 455 618 899 1136 1469 579 213 4 73 158 1367 1700 96 663 1625 872 1662 160 518 913 1829 1039 1891 153 943 1259 1257 1810 1494 842 368 1790 1297 1534 1707 1549 1806 1888 1809 
16
4 7 15 42 77 95 101 114 119 124 126 167 169 173 194 199 
167 32
1999 1767 1701 1898 1528 1396 1672 1302 1773 1181 1141 1103 148 1920 107 345 532 1061 25 103 341 211 359 1274 682 1171 320 801 823 453 533 610 
18
3 13 25 28 35 64 65 69 110 116 128 141 146 165 166 178 193 197 
168 38
1956 1879 971 1237 468 306 219 961 92 1393 129 1350 1424 1858 941 1810 862 1232 896 1528 123 1196 994 93 633 1103 1154 1213 1142 1221 1365 12 1434 147 1648 1729 1733 1764 
13
6 20 51 82 83 104 107 115 125 126 156 181 194 
169 35
1871 1841 1776 1764 1431 1185 1001 224 20 1987 100 1030 216 1909 1428 318 1567 87 886 404 1929 449 1671 1079 450 793 1970 1045 860 1177 363 400 881 1957 884 
24
0 5 17 25 29 33 39 45 51 56 72 83 95 98 104 106 125 132 159 166 171 182 187 198 
170 35
1942 1794 1659 1658 1641 1624 1545 1360 1292 1764 1283 1037 211 221 305 46 209 1223 76 1377 637 1337 671 349 979 757 572 1322 656 1324 695 817 1301 820 835 
17
10 23 31 39 46 53 54 100 106 113 134 141 142 144 157 174 175 
171 37
1948 774 108 647 1942 613 472 901 408 1185 1444 957 365 286 928 138 1890 152 1299 1107 317 949 1075 55 1161 1236 1289 1308 1466 1725 1579 1583 249 1750 634 1898 1904 
14
15 21 23 33 38 59 82 83 87 110 122 161 169 187 
172 43
1898 1772 1944 1707 1677 719 1689 504 763 1059 1651 370 36 961 558 161 82 304 1192 458 441 1292 1947 288 227 1337 761 839 884 420 894 1095 764 369 1396 1544 1007 1481 1609 690 374 1638 1658 
14
9 13 29 75 88 90 96 99 125 139 154 188 191 197 
173 44
1861 1691 1571 675 1727 305 823 665 1368 533 1846 977 1865 1075 1260 430 425 943 93 381 126 1232 7 1953 768 632 326 881 814 321 1246 954 1020 1105 1114 1291 1309 1345 1395 1441 446 1552 1564 1485 
24
0 2 3 7 19 21 22 25 31 33 44 57 65 85 89 102 115 121 126 149 166 182 185 189 
174 37
1988 591 665 603 85 614 836 325 29 806 1842 70 292 1674 884 1661 1920 556 1074 712 1265 293 581 1269 479 728 734 118 750 314 946 1261 1844 1607 1792 1643 1795 
19
7 8 38 51 53 57 74 77 81 97 109 114 116 126 142 153 170 182 183 
175 46
1921 1883 1848 1845 1653 1675 1517 632 1691 1296 625 200 1109 1887 228 450 814 24 517 912 1393 482 8 838 127 724 197 167 175 1285 1098 1064 913 1545 531 1084 1578 1183 1104 1124 853 1169 1599 1204 1250 1299 
23
2 20 28 34 37 42 43 61 62 63 80 83 87 94 114 131 147 159 170 178 179 187 197 
176 35
1974 1843 1835 1546 1476 1331 1562 1155 1153 1022 944 928 841 123 752 1822 157 786 94 68 1753 1642 865 273 579 201 386 1332 777 4 448 580 787 639 729 
24
8 10 23 24 31 32 36 60 73 87 89 93 111 116 118 119 124 126 128 153 161 163 186 187 
177 40
1994 1859 1054 1575 211 681 428 1376 270 1343 263 499 420 46 43 90 228 149 806 822 824 881 729 887 1183 1664 999 426 1058 1127 1882 1171 1872 766 1319 1254 1409 340 1446 1445 
27
7 14 16 24 28 48 56 57 59 60 74 77 88 92 96 97 98 99 107 115 119 121 123 134 151 164 197 
178 43
1848 1759 1678 1625 665 229 330 959 1033 1255 262 92 1461 141 430 746 512 117 165 751 1380 292 1659 1106 698 224 1965 938 767 1083 998 1235 936 1568 1912 1280 1307 1069 1543 1562 78 1500 1579 
13
3 21 59 99 118 131 132 136 141 154 167 175 181 
179 29
1903 1798 1365 1144 1119 1094 915 1756 202 474 32 217 562 154 783 25 314 1675 1342 417 791 1343 677 1048 123 789 822 1203 870 
20
0 6 8 19 23 27 31 32 33 44 59 68 81 117 124 125 175 183 188 193 
180 38
1908 1820 868 979 1016 352 469 185 1628 519 179 214 235 1456 1641 217 1808 1097 1028 1186 1593 950 1187 540 1409 642 1195 269 1454 1602 1288 588 1378 1457 1538 1655 1670 1746 
21
9 19 28 42 50 52 53 56 60 64 76 78 79 81 104 141 147 161 192 195 198 
181 43
1988 1975 1928 1899 1872 1850 343 972 1601 308 826 352 226 246 298 1827 247 89 263 26 1606 568 517 7 231 1479 1637 227 662 1439 706 783 834 284 837 915 999 1591 1007 590 1222 1280 1428 
16
19 24 26 29 46 74 86 101 104 124 139 168 178 184 185 190 
182 47
1896 1751 1706 1671 1809 1651 1645 1600 1322 384 51 88 135 619 145 1876 612 445 811 258 1072 531 1511 642 864 327 1178 123 648 1018 131 1079 763 824 1745 955 1032 636 320 1110 1136 1155 1283 1265 949 80 1423 
25
18 22 43 46 51 53 57 75 86 87 91 96 98 103 105 110 122 123 146 155 158 169 173 174 198 
183 40
1971 1864 927 39 828 495 695 678 497 978 533 1384 448 78 263 935 340 637 1081 1562 178 956 1067 1326 1632 1474 1017 1107 1222 1831 1278 1300 1332 1431 1432 1433 1982 86 1508 1726 
14
6 9 11 28 31 51 58 89 97 106 122 174 179 198 
184 43
1971 1932 1931 1924 1919 1844 1837 1245 663 1010 986 1302 1672 658 21 112 199 456 1566 3 82 1022 1207 1128 40 1146 1154 917 601 1312 1342 1749 912 1544 636 1663 1560 1718 322 1349 1586 1744 1780 
25
5 11 17 27 38 47 62 80 86 90 97 99 101 103 104 111 116 119 120 123 129 134 152 181 198 
185 38
1861 1809 780 743 529 48 517 961 326 178 61 303 271 612 217 1806 1253 388 1504 951 1580 979 1151 716 1743 1301 1677 1361 1403 1464 475 870 1502 747 1616 1764 1744 1749 
17
5 16 18 35 40 56 73 78 83 90 108 113 159 173 181 195 196 
186 38
1959 297 480 344 159 416 120 224 213 879 1175 189 205 57 575 370 762 808 911 775 1170 285 1391 996 1224 921 1316 1426 1347 1418 556 1504 1942 1547 183 1605 112 1692 
14
7 15 42 52 66 69 93 97 109 128 133 165 176 189 
187 45
1979 1959 1957 1878 1817 491 269 469 173 1472 411 670 586 697 1950 370 689 107 75 630 438 122 335 318 910 510 984 656 722 1018 821 868 1717 374 216 1480 848 1164 1820 319 1425 951 1980 953 1301 
17
18 26 27 32 79 92 103 105 106 111 112 153 169 171 175 176 195 
188 27
1820 1609 1907 1500 1496 1453 1099 1024 991 976 320 301 383 87 123 619 823 447 657 998 776 707 778 674 822 109 849 
18
17 42 46 52 54 72 75 79 87 89 95 100 110 140 145 164 172 179 
189 51
1939 1925 1831 1786 1769 1741 1626 1456 593 1000 1975 1817 1659 474 1908 881 442 394 1282 349 1488 303 673 132 1131 252 1279 174 154 1412 5 175 1490 1174 1367 419 182 590 748 1819 950 1078 1394 1049 1003 1082 471 1261 1323 1347 1408 
18
0 8 27 29 50 84 92 104 107 114 120 129 136 142 162 165 173 186 
190 44
1989 1969 1922 1885 1869 1763 1740 441 428 1501 401 179 278 302 598 30 48 443 850 481 560 86 1770 348 977 1394 1236 229 1709 587 593 818 1040 864 867 215 1163 284 916 1045 1247 1460 1018 1729 
15
0 34 36 49 82 88 117 126 128 133 150 152 157 162 181 
191 40
1979 1907 1818 1864 916 1407 1444 489 333 63 830 1570 558 99 739 344 107 1402 249 983 1168 1343 1501 68 1016 1040 1767 1056 1161 1531 1227 1287 1290 597 1308 777 1330 815 262 1526 
19
18 19 24 26 31 44 59 63 65 78 111 121 147 148 151 155 157 162 172 
192 36
1848 1656 1654 1593 1560 1311 1044 981 815 1468 691 251 1255 404 1865 163 379 11 1742 225 73 36 1864 828 495 1060 357 1706 966 633 448 474 1783 525 568 647 
15
59 75 77 79 80 90 91 92 104 117 132 135 150 160 180 
193 44
1941 1841 1721 1693 1847 741 371 733 714 861 1527 46 786 1008 531 491 412 4 1225 110 1627 111 645 329 1924 660 842 913 1234 997 740 1293 1589 1075 1105 1806 1727 1174 1433 1148 1227 1413 1430 1617 
33
3 5 6 10 20 27 33 51 52 65 73 78 80 87 110 116 120 124 128 130 131 133 140 143 145 148 156 157 158 164 167 179 195 
194 40
1923 902 875 1726 601 1304 598 1227 617 469 549 1452 741 483 779 1977 1819 2 201 1533 1822 242 194 1537 403 274 989 1021 1058 1043 1046 1103 1183 1279 1353 1398 1514 1493 1651 1767 
13
37 54 55 72 74 91 104 111 116 149 163 166 168 
195 37
904 604 1899 492 592 1184 749 596 392 1095 1909 934 1724 65 361 1997 1286 6 1375 449 634 143 285 1580 407 1987 294 915 1322 1483 1588 946 1657 1590 1827 1888 1976 
25
0 10 11 26 39 44 45 53 55 64 66 77 97 101 106 120 124 134 143 145 165 180 185 187 193 
196 36
1949 1904 1793 1450 1934 1342 1970 1563 1341 1518 1370 1333 1321 1300 1507 1248 1242 1020 280 218 1017 191 701 1397 990 53 383 87 529 476 521 1716 532 315 537 678 
20
0 2 8 14 15 27 37 45 48 52 54 57 66 79 107 109 116 134 152 185 
197 40
1983 1921 1906 728 1283 677 1158 664 613 574 648 742 1034 402 1802 143 1586 138 713 1527 186 1401 216 882 1659 740 345 892 982 1117 1598 1163 1190 1340 384 1569 1641 1652 1658 1765 
23
4 5 15 27 53 56 59 62 70 71 73 110 122 129 132 141 146 158 165 167 172 175 177 
198 37
1018 757 935 195 714 220 1589 414 569 216 265 214 503 1372 945 1261 1103 1165 1187 1424 1070 1307 1980 479 1427 1442 205 1627 1076 1155 1471 1393 1630 1926 1654 1888 1900 
20
4 8 35 50 59 60 63 69 70 73 95 101 102 162 165 169 180 182 183 184 
199 45
1970 1945 1878 1749 1584 1438 537 759 944 588 440 480 395 324 1429 86 1344 988 227 1872 450 246 1393 1055 897 942 977 125 1310 611 295 137 1006 1026 1057 995 1390 967 1204 1394 130 1315 1207 1218 1379 
20
3 8 13 27 29 32 35 40 60 85 86 108 120 130 133 145 151 154 156 166 
