200 1000
27 17 14 91 92 25 79 46 10 41 59 18 72 96 13 35 37 33 71 48 
14 54 96 57 34 50 9 75 42 5 77 68 22 42 59 13 18 89 10 80 
29 21 49 100 16 61 34 52 45 57 99 58 62 46 15 95 47 75 69 89 
80 97 56 53 91 14 17 8 2 27 87 83 47 35 34 14 47 20 65 91 
76 16 49 37 13 15 84 60 89 4 100 20 1 55 72 91 21 89 50 74 
67 89 8 13 75 42 78 22 61 94 12 88 9 60 76 22 26 59 33 15 
15 32 86 15 38 10 57 58 50 58 84 16 46 91 80 21 32 57 42 44 
50 53 31 11 65 59 84 90 69 16 56 83 47 94 49 84 3 5 94 52 
63 77 19 60 67 50 80 99 6 21 94 7 26 25 17 42 83 100 31 51 
67 39 86 13 32 34 49 34 39 94 37 53 70 7 12 36 56 44 86 13 
64 80 19 41 56 88 82 90 39 65 92 6 3 77 70 34 11 70 19 49 
63 7 53 32 13 16 20 68 59 57 80 75 36 50 15 43 37 97 32 76 
13 24 33 15 100 2 100 10 24 18 10 86 76 62 70 88 78 41 55 36 
97 86 10 85 35 77 79 72 25 11 99 37 34 31 3 85 84 2 95 59 
71 56 97 46 18 66 33 47 58 39 34 6 24 96 42 10 24 21 81 48 
31 31 84 16 13 86 100 49 39 46 7 9 2 3 54 71 20 38 17 29 
28 2 35 51 97 76 60 20 96 93 19 78 75 2 93 88 39 93 88 29 
90 94 37 91 49 42 61 20 79 77 1 58 31 35 8 27 62 20 99 58 
64 17 87 38 71 80 77 61 24 64 90 13 10 78 4 10 20 16 81 50 
45 81 8 75 67 67 53 29 38 3 38 53 20 24 43 42 3 19 54 78 
35 95 91 96 73 46 57 44 13 37 45 57 70 4 31 36 71 84 64 60 
86 1 13 57 77 55 50 31 25 56 9 59 50 51 6 22 48 62 17 60 
51 62 17 20 17 99 55 39 34 71 99 20 71 63 28 99 17 30 30 41 
85 38 52 34 40 9 8 87 71 24 46 73 37 14 92 54 13 98 44 46 
68 42 17 91 4 97 89 72 26 70 13 10 7 16 95 98 24 2 84 46 
78 82 70 66 95 13 71 7 11 15 5 30 56 21 72 12 17 61 83 42 
82 47 3 89 14 98 38 90 51 22 35 28 3 57 46 49 69 16 8 31 
82 12 61 38 84 32 1 1 44 35 94 26 82 49 66 95 46 3 36 48 
76 23 28 78 79 73 79 47 88 86 78 70 97 90 59 80 21 11 32 17 
45 78 94 78 26 59 25 23 13 60 70 89 82 97 18 60 21 96 59 9 
81 36 30 29 77 40 61 97 50 44 65 46 21 58 24 98 68 100 72 81 
59 42 69 93 90 86 52 11 34 10 71 14 97 52 95 73 91 7 22 92 
50 38 89 23 96 64 72 63 63 44 43 74 85 63 66 26 1 17 88 34 
79 58 99 27 9 93 52 51 51 25 42 53 62 31 75 9 94 46 24 9 
89 18 82 25 81 47 3 81 15 90 14 45 48 12 72 8 57 75 59 7 
51 100 59 64 82 85 73 28 83 48 36 23 65 17 48 45 15 2 77 29 
91 90 74 38 54 97 46 62 23 56 20 73 55 79 36 89 15 60 16 97 
7 3 20 72 71 19 68 37 20 45 65 10 86 90 100 91 38 97 52 60 
52 72 32 58 2 20 46 16 79 13 65 86 67 84 9 37 2 76 73 73 
20 90 82 58 79 33 48 69 29 100 28 80 23 12 38 24 31 35 91 61 
48 55 46 66 38 6 3 91 82 27 15 53 16 49 10 47 81 58 15 10 
9 94 41 31 5 78 54 87 65 44 48 64 51 93 29 40 99 31 83 32 
10 97 84 77 45 46 23 26 55 89 87 63 83 27 45 39 57 98 26 21 
93 73 84 95 17 64 35 67 95 17 98 56 65 34 32 10 79 7 87 85 
95 73 47 29 99 91 20 55 40 45 27 84 69 10 31 85 74 65 52 20 
33 1 27 97 34 58 6 64 64 44 48 11 16 46 91 15 88 10 21 79 
6 48 15 74 9 45 11 82 9 62 53 93 14 79 89 100 89 47 63 4 
90 63 14 6 60 57 72 100 18 92 78 24 91 92 49 100 36 59 33 96 
72 86 88 86 16 29 85 4 75 99 8 16 13 73 73 25 29 44 24 99 
88 53 74 78 45 22 29 32 33 62 80 56 47 19 93 14 47 29 70 73 
86 62 1 49 76 83 100 40 21 21 39 18 37 53 63 20 12 84 7 4 
79 32 56 84 58 15 40 64 20 99 81 5 60 33 6 88 16 57 27 36 
29 18 5 17 22 20 37 85 55 95 40 86 26 96 69 83 62 8 46 81 
58 79 38 69 11 95 56 26 3 35 13 31 52 70 47 25 89 83 10 43 
29 49 80 54 96 48 88 10 7 86 42 64 64 79 33 26 25 40 4 27 
74 16 9 77 37 56 2 25 90 63 20 71 11 99 24 59 99 64 68 5 
49 9 69 12 40 53 37 64 92 40 43 18 8 51 94 44 58 47 21 100 
9 92 70 20 90 45 30 88 8 97 93 56 5 13 19 44 17 56 60 60 
47 2 77 6 4 23 2 62 69 74 13 78 65 34 49 54 78 78 94 38 
74 38 45 78 2 64 74 70 71 33 29 17 34 6 75 89 28 28 50 48 
1 14 25 65 47 73 70 77 2 15 14 75 52 58 5 5 21 30 74 91 
62 3 60 47 60 86 35 39 13 37 86 65 50 63 81 97 35 50 73 37 
17 38 63 68 95 19 25 68 48 98 58 9 52 69 7 11 54 42 1 18 
78 87 82 79 49 14 27 35 16 51 23 32 88 38 51 35 56 75 2 4 
73 11 64 24 80 71 87 85 12 87 55 41 25 88 71 73 2 98 60 17 
100 82 48 88 19 98 22 27 25 75 30 97 85 93 72 16 15 58 53 26 
97 7 18 21 46 41 46 99 38 5 15 37 38 14 76 9 64 49 35 88 
23 64 36 8 8 7 75 23 17 27 100 13 85 70 33 31 10 30 29 99 
34 96 35 72 61 63 80 24 11 14 63 86 29 98 45 36 57 19 10 73 
98 10 37 82 79 21 64 40 51 45 38 36 92 24 7 52 86 38 28 49 
3 90 34 31 88 78 19 96 48 80 20 45 41 56 79 19 28 94 10 78 
90 47 14 81 71 72 33 56 10 60 56 64 1 89 47 88 18 17 35 18 
96 54 62 37 9 92 7 89 86 17 66 75 63 31 8 85 55 92 93 16 
3 48 79 3 89 25 43 58 93 77 75 89 31 89 77 91 80 35 79 17 
3 97 44 66 27 51 2 81 42 94 96 44 42 27 46 82 3 40 39 96 
17 14 36 47 2 12 89 33 46 68 50 1 64 45 66 42 95 19 23 88 
13 70 83 6 48 80 87 51 20 25 46 36 90 81 34 43 44 22 76 41 
41 77 41 4 73 58 46 67 77 20 6 89 41 88 46 89 67 32 39 38 
8 36 25 50 68 58 92 11 32 19 51 72 47 44 28 19 1 73 37 77 
44 42 17 84 81 62 72 48 45 62 37 5 49 62 54 16 19 97 26 2 
16 29 74 14 72 53 33 72 25 69 1 68 63 69 3 43 83 27 42 27 
88 79 83 89 40 36 4 10 85 82 64 100 10 89 13 33 41 97 56 65 
18 8 84 80 77 86 74 59 12 68 37 52 46 72 40 37 7 95 98 43 
76 61 42 37 49 7 69 89 55 77 5 72 84 88 3 12 26 77 70 89 
96 59 92 41 30 31 29 88 26 26 31 53 39 24 90 87 82 10 76 37 
86 32 60 22 20 63 33 97 91 55 85 86 65 77 78 46 59 58 33 36 
83 15 89 21 91 30 60 72 39 87 60 77 18 20 98 89 34 82 85 76 
36 22 13 52 50 90 97 8 47 82 96 81 96 84 54 86 13 65 10 3 
51 21 79 20 92 28 9 25 10 45 52 97 18 64 49 67 5 97 27 3 
78 74 36 74 9 89 11 73 5 72 75 55 93 6 26 84 33 34 61 94 
31 12 43 48 28 43 67 32 39 45 35 17 18 22 42 26 10 4 98 66 
76 24 20 20 29 45 55 14 31 15 59 13 79 1 60 6 43 78 89 82 
74 75 50 91 96 91 68 57 94 17 22 21 41 93 40 21 90 95 86 20 
61 45 32 91 97 43 48 92 73 89 25 46 63 74 89 11 64 56 67 57 
25 41 78 17 33 69 37 22 15 75 93 28 71 76 18 67 71 18 10 95 
6 34 40 20 7 28 30 22 36 97 79 60 89 8 76 21 28 64 95 43 
38 39 70 8 67 39 27 89 56 88 83 13 22 74 33 80 2 62 2 37 
10 32 48 98 39 23 71 66 86 17 60 76 7 29 35 25 20 61 13 27 
1 47 40 22 21 72 1 74 85 2 62 95 33 9 44 23 83 66 41 20 
34 100 95 41 81 82 17 100 94 82 78 94 28 17 15 100 40 68 73 25 

0 25
983 976 900 826 679 664 174 429 80 505 115 140 66 177 296 258 289 418 131 279 538 856 782 708 634 
21
32 39 41 64 71 83 88 103 107 121 156 157 160 162 168 169 175 181 185 186 194 
1 23
923 887 825 165 144 76 841 730 212 136 238 723 205 392 26 949 209 1 334 364 269 676 696 
19
27 30 32 37 71 74 92 95 115 136 146 152 154 159 162 164 166 168 191 
2 24
996 952 928 926 805 321 644 252 951 26 396 364 475 526 864 494 994 32 698 629 233 714 671 786 
11
14 20 51 58 71 92 129 137 170 187 198 
3 15
802 665 919 375 352 125 272 302 64 157 866 356 220 385 249 
21
25 38 42 53 56 58 59 66 69 97 100 103 108 113 145 150 151 167 181 191 193 
4 23
986 928 900 873 844 206 210 550 175 249 998 776 855 4 88 282 387 390 526 399 408 564 749 
19
8 44 55 83 86 95 101 107 131 143 148 153 160 161 178 187 195 196 198 
5 23
939 907 802 789 760 334 504 623 150 10 148 590 71 462 280 867 164 349 400 244 614 988 729 
19
8 18 26 32 35 41 51 54 85 87 109 118 126 149 166 167 171 192 199 
6 20
954 843 858 377 275 698 250 573 375 264 405 479 442 910 503 538 789 790 824 803 
30
20 23 32 35 44 50 65 72 75 84 91 103 105 108 115 117 121 128 131 133 144 162 168 169 172 181 187 190 194 199 
7 19
971 879 284 816 261 669 328 251 523 1 516 331 535 459 71 478 384 495 789 
20
12 27 40 46 55 57 58 82 102 126 131 136 137 156 169 184 185 187 193 199 
8 22
840 775 745 638 630 247 221 629 181 513 168 269 491 347 830 386 397 450 71 478 540 574 
19
4 5 17 21 59 60 67 81 95 111 117 139 143 159 170 179 187 193 196 
9 27
870 844 718 746 561 588 70 58 578 245 47 8 455 11 113 802 321 804 212 360 375 938 50 235 383 702 554 
24
22 27 29 31 34 35 50 55 59 62 63 66 67 73 84 89 103 147 148 156 169 175 181 187 
10 23
947 932 907 885 690 148 772 143 12 160 539 132 443 647 448 294 516 533 497 667 746 524 615 
20
13 22 43 48 57 58 65 77 79 83 85 93 95 121 126 127 132 158 164 171 
11 21
947 920 857 376 961 36 159 720 127 99 399 29 946 391 748 449 630 601 749 639 659 
16
16 32 48 59 71 82 87 90 91 111 124 152 155 163 183 186 
12 14
880 890 567 627 559 539 225 213 545 341 405 503 606 538 
22
7 14 15 17 27 30 37 42 72 96 110 118 121 127 134 153 158 159 168 176 183 192 
13 26
991 917 867 849 765 730 355 676 380 491 343 513 632 206 564 46 148 488 800 652 578 594 961 924 628 671 
26
10 14 18 38 39 44 79 85 92 98 107 108 115 130 132 140 145 146 148 153 162 176 182 188 194 196 
14 14
894 865 798 999 795 772 768 682 238 42 280 18 609 116 
21
2 12 13 15 17 20 24 50 70 104 111 119 126 128 131 170 175 178 187 188 195 
15 21
985 861 811 746 230 655 70 50 114 888 444 37 44 310 402 456 233 418 677 714 738 
23
12 14 24 66 85 89 96 119 140 143 148 150 153 158 159 160 163 165 168 170 171 174 176 
16 16
997 969 859 621 602 586 577 560 65 520 168 719 22 396 632 411 
16
11 25 27 47 71 79 107 110 130 157 165 172 183 188 197 199 
17 20
865 836 409 375 250 91 106 514 960 701 418 427 470 857 524 796 604 638 148 814 
17
8 12 14 22 28 59 96 97 101 107 113 123 137 148 168 186 190 
18 25
774 876 765 744 712 772 698 694 679 308 429 412 190 101 114 348 368 259 370 608 625 269 491 593 646 
23
5 13 20 26 28 30 41 46 53 65 69 70 134 137 140 148 156 158 160 175 182 185 190 
19 20
826 209 115 785 8 277 314 29 386 291 643 495 316 62 358 482 504 541 705 594 
15
25 26 28 44 46 60 95 108 132 147 160 163 169 180 188 
20 21
973 630 230 119 37 241 435 33 783 339 286 321 429 271 567 991 732 103 584 10 602 
31
2 6 14 18 35 55 61 62 68 69 74 91 102 106 108 120 121 128 129 131 133 135 149 152 153 155 158 168 176 183 194 
21 20
916 894 792 775 275 377 700 535 285 27 107 297 334 555 344 358 432 631 309 716 
17
8 31 39 46 72 77 85 90 93 94 114 134 145 148 149 165 176 
22 23
876 975 864 861 794 91 150 320 66 22 860 157 43 191 208 293 125 310 752 234 945 427 704 
25
9 10 17 26 31 43 48 49 69 72 82 83 89 105 115 117 119 136 138 158 165 166 171 183 187 
23 13
818 613 610 547 535 141 725 45 660 184 442 527 313 
20
6 45 49 50 54 55 59 71 99 100 113 124 128 133 141 143 145 150 188 197 
24 21
921 909 840 818 801 469 758 509 730 747 163 89 153 560 264 415 50 457 327 549 709 
13
14 15 29 62 63 92 109 120 121 139 151 166 192 
25 15
698 551 384 379 320 259 85 59 462 139 784 546 223 234 149 
20
3 16 19 28 40 58 66 88 91 105 111 117 118 138 166 169 173 183 195 197 
26 14
836 986 748 697 586 738 449 281 407 414 862 114 317 446 
20
5 18 19 22 34 58 69 72 79 80 82 105 132 138 158 161 176 178 191 197 
27 20
932 907 864 342 202 84 441 665 406 628 365 631 113 521 386 910 281 392 649 795 
19
1 7 9 12 16 32 43 53 59 81 110 121 129 130 137 155 168 172 195 
28 23
953 947 918 839 777 174 480 145 94 936 122 938 309 54 683 442 491 525 505 260 556 292 699 
22
17 18 19 25 34 37 41 52 64 69 84 85 86 103 116 128 135 141 179 180 183 197 
29 18
950 262 160 313 165 945 205 65 270 372 154 746 417 910 582 804 877 907 
25
9 24 31 48 74 88 96 97 101 107 112 114 120 126 127 131 138 151 156 160 161 171 189 192 193 
30 17
301 590 142 278 74 499 99 384 360 61 394 853 440 596 955 659 858 
24
1 12 18 31 33 43 54 72 88 89 94 104 108 114 128 141 142 145 160 167 171 173 177 183 
31 25
851 809 749 705 672 597 198 280 317 99 201 541 27 626 367 418 734 68 288 303 451 887 332 369 533 
30
9 21 22 29 30 34 41 49 62 65 68 71 86 87 95 105 106 109 120 124 130 132 144 146 148 152 155 167 174 181 
32 17
980 119 34 187 782 63 62 793 41 38 121 874 282 389 413 747 977 
21
0 1 5 6 11 27 74 88 101 115 116 121 123 127 139 149 155 158 195 197 199 
33 20
962 904 250 228 914 137 477 263 15 355 344 377 14 717 417 436 848 515 25 839 
15
30 46 49 82 100 102 118 124 128 135 154 165 170 183 187 
34 19
902 857 848 114 225 223 201 694 566 475 419 284 469 322 618 720 124 642 782 
18
9 26 28 31 47 57 65 73 81 84 90 116 118 122 158 159 170 178 
35 20
955 891 885 303 804 693 4 319 97 6 347 432 449 311 755 385 736 477 588 645 
23
5 6 9 20 43 51 54 55 62 76 78 99 105 110 118 131 139 160 163 166 177 178 181 
36 23
934 916 803 764 639 203 186 868 202 256 53 141 430 353 438 377 347 384 537 551 588 928 484 
30
37 48 51 53 55 59 69 77 78 84 88 91 93 96 99 103 104 109 111 116 117 128 135 168 170 181 188 191 195 199 
37 22
954 728 324 972 528 299 271 390 243 379 19 444 495 614 109 705 668 372 747 451 855 522 
15
1 12 28 36 65 88 97 102 106 114 116 119 164 179 198 
38 25
917 845 826 820 795 192 175 532 981 685 182 20 884 773 366 58 381 949 653 704 395 412 633 402 694 
17
3 13 54 60 61 68 69 104 105 110 145 155 158 160 164 166 167 
39 15
947 876 825 565 548 550 499 482 469 107 56 441 207 347 354 
19
0 13 21 43 49 53 76 117 119 120 130 142 144 173 175 177 183 194 195 
40 21
962 935 916 965 188 175 5 208 276 742 113 446 326 428 109 220 442 516 575 617 580 
16
7 25 47 51 52 55 69 71 105 134 147 158 160 165 172 177 
41 18
867 861 282 469 179 655 246 8 569 731 302 387 329 85 529 129 684 811 
19
0 5 18 28 31 48 49 67 74 96 101 105 109 110 119 122 149 155 185 
42 23
988 885 878 857 839 353 262 967 190 445 53 614 879 65 181 440 443 476 615 393 578 601 650 
24
3 12 52 53 66 77 81 85 92 101 106 108 127 128 133 136 143 149 154 155 166 175 182 194 
43 19
968 958 163 162 985 60 298 139 66 933 173 25 858 249 426 697 778 794 957 
24
10 22 27 30 35 39 60 65 74 96 97 99 102 112 122 129 136 148 151 156 165 169 175 180 
44 13
871 834 661 552 495 976 58 43 302 192 571 350 431 
18
4 6 13 19 47 82 110 113 122 135 157 172 178 179 183 185 187 193 
45 11
856 604 539 183 866 16 191 324 586 467 474 
20
23 59 62 63 73 75 78 80 82 85 93 100 104 116 128 131 164 165 177 187 
46 17
964 158 142 839 138 61 809 3 198 895 49 234 370 633 837 723 832 
15
7 18 19 21 33 70 97 128 144 172 175 176 182 183 189 
47 16
942 907 868 658 597 731 493 491 808 179 657 45 276 399 319 404 
19
16 34 40 44 49 65 68 71 72 108 115 129 130 160 162 169 185 195 199 
48 21
945 919 907 303 813 878 64 28 35 507 766 939 421 532 624 687 755 792 832 869 873 
27
10 11 22 29 36 41 54 60 72 88 99 105 110 117 135 138 140 142 149 156 157 169 179 183 187 195 199 
49 22
735 616 593 538 336 150 133 234 123 26 37 300 314 681 348 414 531 420 619 471 430 492 
17
22 23 31 33 39 41 47 58 72 114 129 133 136 144 161 166 199 
50 16
827 793 595 581 542 485 194 750 376 605 27 209 409 205 387 353 
21
6 9 14 23 54 58 61 86 110 120 122 124 132 144 146 150 162 166 174 177 187 
51 19
965 941 927 311 821 51 95 550 60 435 842 404 333 74 407 530 746 294 886 
15
2 5 35 36 40 81 98 111 140 155 165 176 178 187 194 
52 24
963 804 589 492 416 98 976 236 940 89 55 618 507 285 322 161 50 309 376 380 400 439 479 442 
18
28 40 42 70 74 116 117 129 139 141 142 158 159 171 183 189 194 199 
53 20
971 883 876 89 232 84 628 58 198 235 388 326 445 717 818 448 484 614 66 658 
14
3 18 27 36 39 42 84 93 96 99 113 136 141 158 
54 20
952 757 216 369 180 166 540 681 607 52 864 161 494 108 325 347 449 349 509 566 
17
5 23 30 35 38 48 50 75 80 82 105 107 126 128 156 187 196 
55 24
919 883 875 970 822 820 787 206 301 338 86 477 381 426 167 399 614 503 758 515 601 908 279 686 
26
4 7 9 20 23 35 36 40 59 69 72 89 92 93 99 116 117 128 147 169 170 175 178 180 187 193 
56 20
522 145 806 103 817 3 200 761 407 67 696 310 916 620 686 699 233 714 947 762 
21
3 62 76 84 85 90 96 104 110 111 114 116 140 144 150 154 162 178 180 186 197 
57 22
961 928 842 100 109 525 7 88 68 395 682 497 202 572 465 419 567 760 501 503 602 528 
20
7 10 34 74 82 90 93 94 101 102 123 135 137 149 154 155 168 179 181 187 
58 20
936 835 84 784 118 81 148 15 253 65 896 452 633 646 683 700 702 770 725 732 
23
2 3 7 10 25 26 49 50 62 64 72 73 152 156 158 163 168 170 180 183 184 187 195 
59 28
960 937 834 831 756 962 629 894 228 139 270 233 927 2 774 293 400 1 519 448 866 533 543 975 568 605 403 625 
27
3 8 9 11 17 23 27 36 45 55 61 62 64 82 83 114 123 127 133 136 143 163 170 172 174 184 189 
60 20
954 901 207 683 185 819 227 338 28 738 82 464 557 631 689 715 934 194 749 792 
20
8 19 38 43 48 71 78 80 93 102 104 106 109 110 121 151 163 189 194 195 
61 25
980 964 946 933 891 746 676 310 395 312 497 289 476 87 111 715 382 652 97 467 477 461 609 989 656 
15
20 38 50 59 64 86 89 99 126 127 152 172 187 188 194 
62 22
987 948 938 810 724 260 929 78 266 77 376 478 304 508 405 51 421 566 455 53 460 584 
22
9 20 24 31 35 45 56 58 59 100 116 117 124 128 133 141 142 151 159 171 177 196 
63 20
848 726 254 205 611 167 963 371 52 422 711 141 73 272 411 521 616 620 942 720 
13
9 24 45 70 71 102 103 128 136 145 151 172 176 
64 21
943 931 810 786 148 139 88 151 108 792 200 591 280 615 467 511 545 698 617 152 707 
19
0 28 58 59 61 67 78 87 93 98 99 127 143 144 151 160 182 186 198 
65 18
994 866 249 521 185 98 387 795 271 159 303 435 226 522 637 672 368 738 
19
6 10 18 31 34 37 43 47 75 77 89 110 123 125 126 142 150 170 188 
66 20
995 966 837 278 601 156 273 772 106 52 126 385 394 468 536 603 639 710 733 762 
19
3 9 15 25 42 93 101 102 106 116 123 130 137 138 143 170 180 185 192 
67 23
983 896 845 756 682 984 725 96 65 184 7 92 120 422 15 140 173 224 260 448 618 461 663 
14
8 9 41 64 72 80 101 128 135 138 145 167 175 189 
68 17
955 105 666 700 21 177 107 115 855 44 233 692 406 635 790 799 920 
15
20 31 38 47 72 78 80 104 129 137 139 145 149 157 160 
69 23
894 714 667 18 613 900 826 197 919 290 179 681 274 89 292 431 393 467 569 491 559 498 506 
18
3 18 20 22 26 28 36 38 40 55 83 87 103 116 141 150 169 179 
70 20
948 921 896 885 236 117 69 562 55 237 311 566 27 434 324 472 432 580 682 759 
19
14 18 46 52 63 88 94 96 102 103 123 134 163 170 171 173 181 189 199 
71 21
980 938 850 839 173 177 79 249 16 550 32 216 246 688 384 302 413 507 990 176 694 
22
0 1 2 11 16 23 31 40 47 60 63 72 74 86 89 92 112 119 127 128 163 181 
72 17
985 163 61 19 767 190 734 29 242 243 99 432 519 823 527 703 960 
25
6 12 21 22 26 30 47 48 49 55 58 67 68 71 84 100 103 113 130 144 145 153 155 176 184 
73 23
981 909 860 816 116 931 524 802 728 196 252 141 917 29 66 591 657 725 662 592 444 703 735 
17
9 34 45 58 75 79 96 108 118 119 121 124 135 137 152 175 188 
74 19
945 935 278 776 844 85 947 170 457 627 545 431 320 616 746 820 624 385 829 
19
1 20 29 32 41 43 52 57 71 79 89 101 144 155 162 184 186 194 196 
75 23
978 960 934 912 894 876 434 917 621 407 108 569 326 807 437 641 290 438 558 614 110 665 840 
22
6 45 54 65 73 80 88 97 111 112 117 125 128 136 153 156 160 161 171 172 175 184 
76 23
920 841 833 814 812 510 85 496 802 231 707 133 1 552 856 782 560 807 696 563 616 625 692 
14
35 39 56 91 99 100 113 124 137 148 170 173 182 195 
77 23
725 685 636 92 841 619 476 862 85 159 176 25 145 54 829 496 253 74 370 608 554 949 579 
15
10 21 36 42 65 81 89 95 99 105 112 157 158 159 160 
78 19
993 985 852 122 74 363 263 448 550 50 916 65 206 354 279 316 860 378 793 
15
35 36 45 60 64 68 80 83 88 126 152 159 177 185 197 
79 15
915 716 663 598 509 848 219 776 28 351 998 505 993 466 467 
15
10 13 16 26 73 74 83 120 135 143 145 146 161 163 189 
80 15
872 792 756 704 663 437 973 38 134 414 932 558 371 2 410 
19
26 45 54 60 67 68 75 78 83 85 107 122 123 125 128 165 172 178 188 
81 12
791 672 908 517 561 510 259 104 270 360 470 506 
15
8 27 34 42 51 77 93 94 111 112 132 141 170 171 198 
82 20
692 566 39 22 464 24 13 274 182 828 199 798 317 354 36 443 452 107 292 514 
19
7 11 22 26 33 44 45 54 57 59 86 90 101 107 111 113 131 188 189 
83 16
714 718 616 810 759 589 133 500 228 245 931 778 353 916 423 407 
17
0 4 10 22 59 69 78 79 80 85 109 110 116 121 144 161 181 
84 17
279 265 230 77 876 961 185 1000 371 556 715 734 662 773 856 155 895 
18
6 9 28 34 36 53 56 72 85 87 122 138 148 152 165 174 181 185 
85 12
895 750 726 698 292 159 678 610 372 389 476 492 
20
5 10 13 15 21 28 42 45 56 80 83 84 109 111 135 136 154 159 168 182 
86 18
830 813 247 757 233 114 675 400 30 625 31 553 368 338 375 425 466 686 
19
4 28 31 50 61 71 82 93 96 109 132 136 146 147 153 162 169 193 197 
87 26
964 943 909 899 886 871 854 266 555 17 302 839 506 727 162 689 883 143 551 200 348 221 406 867 497 571 
18
5 11 31 64 69 84 97 113 115 116 118 121 140 153 157 161 169 198 
88 17
970 381 76 64 874 356 321 627 461 486 365 587 641 700 719 881 924 
23
0 25 29 30 32 36 37 48 70 75 78 99 103 107 108 143 150 158 168 173 181 183 192 
89 21
996 942 825 822 20 9 877 26 224 335 223 227 12 493 615 578 67 622 673 84 676 
22
9 15 22 30 55 61 65 71 74 77 99 107 109 118 125 129 130 165 178 180 183 193 
90 22
831 807 773 662 278 739 184 114 102 425 557 35 13 494 328 510 399 603 649 501 538 589 
15
11 21 34 56 57 82 103 117 150 151 160 176 177 192 196 
91 21
963 989 952 890 736 178 127 100 48 61 430 198 309 259 666 717 421 243 465 533 563 
18
6 11 20 25 36 76 110 114 137 138 141 152 173 175 179 182 195 198 
92 21
906 828 786 251 659 211 205 725 392 293 599 21 650 263 620 32 304 357 743 373 645 
16
1 2 13 24 42 55 71 116 131 132 145 149 162 178 182 194 
93 18
998 953 200 914 238 748 106 69 698 416 172 468 7 488 558 696 825 751 
21
10 21 36 45 53 55 57 60 64 66 81 86 98 130 133 140 143 161 164 167 168 
94 30
982 927 892 883 975 938 827 821 785 721 701 294 456 204 153 589 719 164 53 410 433 369 458 829 755 348 496 683 252 622 
11
21 30 57 70 81 100 102 143 155 169 199 
95 27
927 895 739 701 648 178 661 365 433 87 1 225 678 86 49 292 671 301 912 690 505 472 475 740 592 416 601 
24
1 4 8 10 19 31 77 100 106 110 118 119 128 134 137 139 146 149 153 155 160 164 186 192 
96 24
960 938 979 831 869 684 657 174 106 293 336 159 465 101 311 430 340 417 855 485 436 149 75 445 
22
12 15 17 29 36 41 43 53 56 70 73 86 102 107 128 144 154 170 175 178 181 191 
97 24
865 819 815 814 166 7 313 87 40 410 31 982 168 688 355 281 399 443 779 446 582 960 146 479 
16
3 17 29 37 43 46 75 87 98 109 117 124 140 148 169 184 
98 14
758 587 548 708 504 335 91 105 602 483 126 36 178 251 
14
13 51 64 93 97 102 111 128 139 155 156 158 170 199 
99 17
1000 156 649 72 361 60 47 271 577 305 934 403 41 522 685 95 946 
24
23 35 36 43 48 53 55 61 64 76 77 88 89 112 118 122 128 129 134 136 163 172 195 198 
100 27
845 753 961 739 678 681 274 183 140 100 63 735 624 978 90 566 651 774 330 952 508 397 521 684 536 376 598 
17
3 23 33 45 62 72 76 94 95 107 114 121 125 135 157 170 196 
101 17
926 492 180 388 52 147 521 583 617 356 726 615 638 757 769 63 803 
23
4 17 29 32 41 42 57 66 67 74 82 116 124 143 145 148 150 163 170 179 180 191 194 
102 19
952 941 933 932 337 115 263 179 536 706 624 165 794 367 430 463 172 616 856 
21
7 20 33 37 43 57 60 63 66 70 94 96 98 126 127 149 153 171 187 188 196 
103 15
882 859 783 914 727 671 877 537 813 65 259 918 187 391 601 
17
0 3 6 9 28 36 63 69 70 72 88 90 148 171 182 191 195 
104 26
987 898 892 872 865 706 916 620 356 492 325 444 320 26 363 400 570 180 503 415 500 551 941 830 534 608 
22
14 30 36 38 45 56 60 68 120 123 127 129 132 151 157 160 163 166 167 173 174 178 
105 17
805 358 647 766 342 630 223 335 471 255 493 686 612 463 363 474 639 
21
6 22 25 26 31 35 38 40 41 48 54 77 109 122 127 146 159 164 183 197 198 
106 24
932 728 701 202 151 659 104 67 717 458 217 255 84 306 378 412 749 379 746 376 450 503 842 657 
16
20 31 37 42 60 66 95 108 126 133 136 157 159 162 166 190 
107 24
999 972 943 910 897 876 326 880 547 257 250 828 1 134 734 364 653 957 365 783 672 198 383 864 
24
0 4 13 16 17 29 54 80 82 88 89 96 100 118 131 132 144 154 168 180 191 192 193 197 
108 22
961 897 969 895 155 141 164 115 103 316 537 468 859 23 615 931 265 524 923 479 627 849 
26
3 6 13 19 20 30 42 47 73 88 106 110 130 144 146 149 150 153 156 166 167 168 172 178 191 197 
109 13
787 960 603 585 434 996 843 197 253 50 33 135 359 
20
5 24 31 36 41 60 83 85 86 89 97 105 123 132 135 145 171 173 185 193 
110 13
978 968 955 938 899 565 493 17 357 14 218 268 284 
27
12 16 27 35 38 41 44 48 50 56 60 65 83 91 95 108 113 118 126 139 144 145 152 162 181 183 198 
111 23
984 933 911 883 86 891 817 42 5 90 104 182 191 633 462 908 575 938 13 605 480 628 806 
20
8 11 14 25 36 51 56 75 81 82 85 98 117 138 160 163 165 168 183 195 
112 23
986 959 868 839 834 797 287 661 729 13 30 226 481 702 177 828 347 454 486 578 315 611 747 
16
29 43 71 75 77 81 99 114 127 128 136 181 188 195 197 199 
113 17
919 388 473 287 217 194 780 114 794 118 526 501 515 605 640 680 870 
28
3 17 23 44 53 72 76 82 87 110 116 118 119 120 127 134 135 148 153 158 159 163 164 166 173 174 180 191 
114 12
911 889 734 695 692 667 246 172 298 269 351 385 
20
21 29 30 37 49 56 59 91 100 112 117 120 130 148 168 171 172 180 181 193 
115 20
880 832 178 109 54 207 195 84 271 736 70 63 198 453 261 677 270 549 592 599 
19
1 6 13 22 32 47 87 120 125 130 139 140 142 146 152 162 173 189 191 
116 12
918 840 619 659 574 174 89 855 192 214 452 373 
27
28 32 34 36 37 45 52 55 56 62 66 69 83 87 92 101 113 126 133 134 136 137 151 169 170 173 182 
117 17
995 390 50 420 624 287 176 911 416 401 512 517 685 872 301 190 782 
27
6 8 22 25 36 39 48 52 55 62 75 90 97 111 114 125 128 147 155 158 159 180 181 182 185 196 198 
118 18
986 122 44 112 879 28 14 199 211 410 543 664 761 795 792 829 105 808 
23
5 12 25 33 34 35 73 87 89 95 99 107 110 113 134 141 145 148 149 163 178 189 196 
119 20
872 865 740 154 616 59 467 85 181 107 255 277 203 387 227 523 157 638 908 649 
22
14 15 22 37 39 41 71 73 95 113 120 124 125 129 143 147 149 156 167 176 184 187 
120 16
726 977 654 635 444 366 205 16 14 948 98 73 555 402 113 181 
16
20 24 29 31 39 50 79 104 113 114 115 119 160 164 174 186 
121 18
989 492 223 339 117 950 350 128 502 443 977 681 401 586 703 921 827 938 
22
0 6 10 12 20 24 27 32 60 73 83 87 100 131 134 149 150 154 175 182 185 198 
122 22
996 958 833 825 741 195 206 136 541 72 225 77 638 846 217 184 295 448 571 273 606 607 
15
34 41 43 44 50 80 84 99 105 141 144 160 174 175 180 
123 19
920 224 306 911 208 206 160 193 401 917 436 642 693 339 894 709 740 367 774 
18
17 32 57 59 65 66 70 80 104 109 129 135 141 146 161 162 181 187 
124 23
880 835 962 777 673 671 350 324 215 34 578 73 447 241 352 787 454 366 378 422 470 433 568 
18
11 23 31 33 50 62 73 76 97 101 119 142 148 161 163 173 188 190 
125 19
941 201 120 314 18 783 123 480 912 431 805 60 393 956 512 346 716 464 640 
14
65 75 80 89 100 115 117 119 130 138 149 150 159 160 
126 23
727 644 586 562 473 67 407 17 276 836 170 207 281 434 294 301 335 657 435 453 169 280 465 
16
5 7 10 14 29 54 61 65 78 102 106 110 116 132 152 188 
127 14
940 507 494 477 509 322 857 92 954 138 106 174 212 217 
20
10 12 29 32 42 59 61 64 71 102 104 105 112 113 130 143 165 171 172 182 
128 19
815 627 729 79 939 14 51 374 151 3 234 251 261 785 82 378 616 403 511 
33
6 14 20 23 28 30 33 36 42 45 46 54 55 62 63 67 71 75 80 95 96 98 99 112 117 147 153 163 164 165 173 184 187 
129 25
961 954 884 877 894 672 281 176 312 890 113 45 987 62 216 309 336 367 363 511 576 994 513 661 671 
20
2 20 27 43 47 49 52 68 89 99 104 119 123 140 160 167 168 175 183 184 
130 19
817 925 296 295 944 204 90 87 322 334 708 532 384 792 542 624 31 586 734 
23
13 16 27 31 39 47 66 72 89 93 108 114 115 125 127 138 146 147 171 173 174 177 183 
131 20
886 864 764 683 196 111 451 45 132 97 216 434 323 197 493 363 499 373 366 551 
19
4 6 7 14 20 29 35 45 82 92 107 121 161 164 168 187 189 192 197 
132 17
222 448 969 192 737 182 330 163 623 193 674 691 58 946 825 849 887 
20
10 13 19 26 31 50 81 86 92 104 107 109 126 140 146 158 183 184 195 197 
133 18
325 323 674 97 641 327 198 420 124 461 535 574 754 788 922 848 888 851 
16
6 20 23 42 49 59 62 93 106 116 141 151 161 175 194 197 
134 18
985 171 101 42 71 43 325 142 364 542 962 555 742 793 625 899 714 913 
17
12 18 21 40 70 95 99 113 116 118 121 151 154 156 163 176 193 
135 24
833 794 772 156 960 775 183 285 148 855 4 684 75 976 162 236 320 354 575 379 931 487 546 731 
19
20 28 33 36 44 48 57 67 73 79 85 100 109 113 123 137 158 173 192 
136 15
813 624 471 693 404 72 889 56 621 315 934 118 130 581 241 
25
1 7 22 42 43 49 53 59 63 75 85 86 99 106 112 116 140 143 153 159 164 169 173 184 196 
137 20
964 933 787 764 310 55 684 210 516 737 181 67 349 498 634 568 673 693 68 734 
19
2 7 17 18 27 57 66 68 73 76 91 95 116 135 139 142 165 166 176 
138 16
873 871 864 782 595 403 265 9 93 149 800 35 205 645 424 152 
19
22 25 26 29 48 66 67 84 91 111 125 130 139 151 160 167 171 175 182 
139 21
960 956 851 804 242 99 96 6 856 42 796 722 341 715 398 162 421 476 527 632 751 
18
8 24 32 35 52 68 95 98 110 115 137 138 142 146 159 160 169 181 
140 25
992 954 917 908 815 779 898 121 53 707 115 546 28 453 664 146 367 256 562 267 125 347 430 95 576 
17
13 15 18 48 51 56 87 93 97 115 129 132 136 149 152 153 190 
141 18
903 279 261 260 3 901 309 513 273 231 286 304 455 478 546 691 725 850 
15
23 28 30 52 53 62 69 81 91 118 122 123 133 146 173 
142 23
979 953 867 771 722 262 109 945 57 726 23 465 135 30 506 406 491 325 436 493 721 536 681 
12
30 39 48 52 62 65 115 124 137 139 162 182 
143 20
898 784 802 728 297 450 569 199 189 172 98 431 468 587 475 480 554 609 694 668 
27
4 8 15 23 42 59 64 66 79 88 93 94 101 119 127 136 144 145 146 151 152 163 173 175 176 184 196 
144 19
841 806 327 318 94 424 116 439 626 494 596 537 566 591 662 625 199 606 652 
18
6 31 39 46 49 50 56 64 72 74 83 96 107 108 110 122 143 163 
145 20
908 895 201 619 154 116 375 60 433 364 438 169 539 884 588 371 593 769 823 786 
26
3 13 21 23 30 38 63 67 68 72 79 92 101 109 110 118 143 154 157 166 177 178 180 191 194 195 
146 16
854 775 619 596 523 986 493 581 139 113 186 349 417 580 512 478 
23
1 13 31 50 79 86 95 105 108 115 123 130 132 139 141 143 152 155 158 174 175 188 193 
147 17
298 320 658 110 93 250 28 423 963 445 717 481 429 614 716 733 897 
17
9 19 40 55 86 117 119 128 130 155 157 159 161 164 167 182 198 
148 22
831 794 793 748 858 155 597 699 144 765 25 80 100 692 278 283 737 441 492 160 567 604 
25
4 9 13 15 17 18 21 31 43 76 84 97 101 103 113 114 118 124 152 157 159 165 166 183 199 
149 24
987 953 945 869 702 674 658 59 64 132 557 253 69 50 494 48 312 482 15 385 606 442 981 463 
25
5 20 21 32 41 42 48 57 68 92 95 102 108 118 119 121 125 140 151 163 170 176 184 193 198 
150 18
992 269 133 239 354 132 117 364 365 386 451 990 102 583 617 767 843 853 
17
3 15 23 50 56 65 69 88 90 101 108 121 125 151 152 170 172 
151 14
977 922 849 577 595 425 375 190 553 43 193 199 223 294 
23
3 24 29 43 60 62 63 64 90 104 116 133 134 138 143 149 150 153 162 172 187 191 197 
152 17
969 322 788 278 241 139 547 86 437 777 406 480 608 626 680 27 952 
24
1 11 20 31 58 61 73 78 84 91 110 115 126 140 143 146 148 150 154 156 158 169 178 184 
153 21
985 915 910 790 752 283 69 301 46 39 473 514 551 674 563 673 337 707 56 315 722 
24
4 12 13 15 20 72 75 86 87 95 102 108 113 128 136 140 151 154 160 173 188 190 192 199 
154 11
965 868 940 413 63 751 700 994 450 660 626 
19
1 33 42 56 57 85 96 107 121 134 145 152 153 157 168 178 190 193 198 
155 19
955 879 870 235 711 216 188 256 508 797 169 66 288 431 536 337 78 670 863 
19
11 20 27 31 32 38 41 42 51 57 72 74 94 95 98 117 146 147 176 
156 16
956 840 785 657 651 699 614 34 574 81 743 675 148 16 203 502 
21
0 7 9 18 29 43 48 54 58 75 98 108 119 134 152 159 174 178 181 192 195 
157 20
997 773 242 750 816 2 150 128 338 106 402 404 693 432 525 636 687 764 172 505 
17
0 16 44 48 68 77 87 100 104 106 145 147 148 154 168 192 198 
158 17
974 261 173 615 683 70 971 323 340 918 302 523 148 607 384 554 433 
29
10 12 15 18 20 22 26 32 34 38 40 52 53 58 77 88 98 113 117 132 135 146 152 160 167 179 196 197 198 
159 18
909 362 498 532 348 818 152 339 404 248 401 432 514 786 579 353 797 813 
27
1 8 12 15 34 52 62 77 78 85 105 106 113 117 125 136 139 147 148 156 161 170 172 175 185 188 190 
160 19
898 838 775 303 31 660 267 658 483 4 735 211 322 359 370 561 307 603 773 
30
0 4 15 18 19 29 30 35 38 40 47 64 68 75 77 90 95 104 111 120 122 125 129 138 139 153 158 175 184 188 
161 17
953 358 69 266 224 27 388 536 755 675 777 195 602 750 852 899 931 
19
4 26 29 49 75 79 83 87 93 123 124 131 133 147 159 162 165 169 197 
162 16
755 552 601 550 991 260 250 241 62 808 774 43 94 219 240 231 
22
0 1 6 13 47 50 56 74 86 92 106 110 115 123 142 151 161 163 169 171 182 194 
163 18
955 401 390 990 102 386 232 946 525 695 481 592 692 618 479 553 701 885 
27
11 15 19 35 58 59 60 70 71 79 99 101 104 111 113 118 124 128 134 143 144 149 162 171 173 179 189 
164 18
929 921 729 213 147 443 554 3 151 669 705 320 468 727 801 832 173 913 
17
1 10 37 38 45 93 95 105 113 120 128 131 136 147 175 183 184 
165 26
909 814 767 714 713 682 173 649 172 975 161 672 191 6 363 97 237 475 796 389 725 429 466 476 587 643 
23
15 16 21 22 33 40 43 45 51 80 84 89 111 127 128 137 148 161 171 175 184 187 197 
166 17
979 342 954 323 143 398 449 198 755 385 556 149 182 515 596 783 839 
21
1 5 22 24 25 35 38 42 49 50 104 106 108 113 137 145 148 171 192 193 197 
167 25
888 884 877 785 776 671 670 243 876 728 210 196 9 10 318 437 357 399 447 484 108 552 568 575 615 
15
3 5 30 31 38 67 93 104 108 119 129 138 147 158 195 
168 13
938 918 796 766 638 416 123 5 299 135 254 465 329 
25
0 1 6 12 15 17 20 27 36 57 58 85 88 93 107 108 111 114 129 131 154 157 179 186 192 
169 19
970 894 869 286 320 439 626 275 224 68 392 466 522 607 532 321 617 769 827 
22
0 6 7 9 19 25 43 47 48 55 69 86 87 94 97 116 136 139 152 161 162 178 
170 23
966 945 909 803 759 716 828 273 681 6 9 368 190 42 449 489 355 540 178 548 580 682 626 
26
2 8 14 15 33 34 36 55 58 59 65 66 70 76 81 96 98 100 101 116 149 150 159 173 183 188 
171 16
760 624 595 589 475 225 111 40 47 789 75 688 25 59 172 87 
27
5 10 15 22 29 30 52 62 70 75 81 102 103 109 114 127 130 138 162 163 165 166 176 178 185 197 198 
172 18
897 881 237 376 72 582 476 51 680 244 799 816 591 855 33 736 773 876 
19
6 16 27 40 44 46 59 61 63 75 80 99 108 114 127 150 151 159 187 
173 20
785 72 950 62 396 17 59 332 604 706 558 783 927 631 192 784 875 135 579 727 
22
25 30 39 70 76 88 91 104 109 113 115 116 124 128 130 135 136 141 143 153 163 170 
174 30
898 714 704 593 588 587 644 570 303 153 911 97 167 19 87 359 897 675 194 312 350 896 452 768 361 466 133 429 73 406 
14
15 31 50 59 84 104 113 120 122 130 146 156 184 191 
175 25
917 883 904 793 614 683 572 422 30 5 226 953 65 324 409 8 172 495 242 703 148 259 120 305 553 
27
0 9 14 18 39 42 43 46 55 67 73 75 91 96 121 122 129 133 138 143 146 159 160 164 165 184 193 
176 14
922 772 677 618 994 25 67 938 20 307 889 328 761 302 
21
12 13 15 20 21 26 46 51 63 72 90 119 134 137 143 149 155 171 182 184 196 
177 13
988 911 681 144 768 71 866 305 254 895 470 334 391 
12
30 35 39 40 45 50 62 78 90 130 145 187 
178 22
874 907 870 734 161 25 552 202 491 819 153 85 229 340 803 137 252 267 534 664 553 614 
25
4 14 26 34 35 44 51 55 56 80 89 92 96 104 108 118 145 152 154 156 169 171 194 196 197 
179 10
884 757 295 329 539 846 183 472 576 508 
15
8 28 37 44 48 57 69 91 101 158 163 168 184 197 199 
180 23
878 337 235 817 188 940 681 110 603 946 21 643 88 357 442 905 424 594 736 440 843 695 451 
16
19 28 43 55 56 58 66 89 101 107 113 114 117 122 145 191 
181 13
784 975 737 679 559 532 218 68 283 806 279 364 417 
23
0 3 6 9 31 35 36 57 70 71 83 84 88 96 110 112 114 117 123 139 156 186 198 
182 15
988 850 590 555 518 433 604 400 86 557 166 251 288 177 347 
22
13 18 42 46 64 76 85 91 92 103 116 117 121 127 138 142 147 162 176 193 195 196 
183 20
999 959 871 301 420 692 878 249 236 262 780 142 411 134 615 624 809 408 741 815 
30
11 12 16 20 22 25 28 30 33 39 44 46 48 52 58 88 89 105 110 111 129 130 132 148 164 170 186 190 194 195 
184 19
1000 994 987 219 83 814 903 937 183 245 335 84 343 377 462 544 206 650 651 
23
7 58 59 72 74 75 97 119 128 129 132 136 143 149 152 160 164 165 174 175 176 179 199 
185 18
805 59 671 186 185 76 372 552 293 341 362 453 660 229 784 936 196 788 
17
0 7 18 41 44 47 66 78 84 109 117 121 159 171 188 191 197 
186 17
798 116 187 748 26 51 791 44 200 242 249 640 550 504 763 121 787 
12
0 11 17 56 64 74 95 120 168 181 183 199 
187 21
909 815 758 272 896 119 51 224 683 60 366 4 456 515 856 634 537 540 710 658 756 
29
2 4 6 7 8 9 14 22 33 44 45 48 50 51 54 55 57 58 61 102 119 123 128 131 151 165 172 177 198 
188 26
997 842 827 625 830 534 504 496 781 226 345 173 108 908 242 369 98 447 336 264 323 291 365 46 416 466 
22
13 14 16 19 23 36 61 65 73 80 82 102 112 124 126 146 153 159 160 170 185 194 
189 14
811 732 682 663 747 594 363 268 423 32 58 75 229 292 
14
29 46 52 59 60 67 70 79 82 115 118 131 163 191 
190 19
967 939 175 600 521 86 715 985 134 536 721 136 654 756 892 681 718 551 847 
10
6 17 18 106 124 140 153 154 159 183 
191 22
952 927 816 617 243 209 70 218 363 601 134 559 296 660 364 500 534 176 435 450 735 587 
17
1 3 26 36 96 101 103 107 108 113 115 145 151 174 180 185 189 
192 12
797 709 408 78 521 957 753 668 682 529 829 642 
16
5 12 24 29 66 88 90 95 107 131 135 153 156 157 166 168 
193 24
966 953 932 918 868 803 893 190 181 402 191 2 93 419 382 401 629 481 545 579 578 380 454 602 
18
3 7 8 29 44 55 86 89 107 109 114 134 146 149 154 166 175 182 
194 24
952 907 902 896 747 297 110 882 586 726 282 140 699 514 50 159 409 419 491 522 570 638 632 646 
19
0 6 13 20 39 42 51 52 60 61 74 92 101 133 145 162 178 183 188 
195 27
935 925 913 910 905 893 782 706 710 340 986 283 171 408 149 487 117 695 272 124 995 292 331 426 352 418 475 
24
4 14 25 27 32 36 39 47 48 58 60 76 91 99 103 111 112 132 145 156 167 182 183 196 
196 15
835 765 741 687 518 295 52 13 394 88 186 113 684 191 140 
18
4 8 13 54 62 74 90 100 102 117 118 136 143 158 176 178 182 195 
197 15
886 612 930 590 978 536 517 152 826 61 490 201 175 241 477 
25
16 23 25 26 28 32 56 78 86 105 107 108 112 131 132 133 151 158 161 165 166 171 178 179 185 
198 21
848 257 208 197 384 972 195 46 995 403 748 193 603 270 556 334 351 353 513 718 681 
20
2 4 37 64 81 87 91 99 105 110 117 121 147 149 154 157 158 171 181 187 
199 26
928 901 783 666 626 620 244 363 90 961 73 681 274 788 11 269 321 347 2 483 375 687 132 391 389 537 
19
5 6 7 16 32 36 47 48 49 52 70 94 98 112 148 153 179 184 186 
