200 1000
12 91 32 65 14 55 50 68 60 100 79 29 47 97 96 76 83 8 54 43 
2 80 99 22 68 23 3 24 39 100 91 2 90 75 66 56 29 15 23 40 
67 1 69 65 97 16 40 79 23 94 74 76 25 24 50 92 46 4 68 37 
3 58 38 45 84 56 100 13 22 22 4 88 23 72 5 71 87 44 2 62 
89 27 37 13 50 86 57 95 89 76 83 44 85 21 88 69 76 39 81 97 
60 84 37 34 8 41 5 46 36 58 7 77 84 96 89 33 33 97 79 74 
72 62 17 57 34 56 77 9 94 57 57 5 92 45 39 51 37 95 97 25 
52 55 1 87 2 41 71 35 38 49 8 61 62 76 69 95 83 45 55 28 
53 64 84 97 60 74 47 97 68 95 73 71 50 73 57 51 13 27 37 2 
28 96 63 89 23 83 36 5 28 42 84 80 57 68 76 17 93 75 65 61 
69 37 31 70 9 40 73 73 66 9 75 93 5 89 34 27 71 21 84 98 
14 19 30 71 38 5 39 31 79 3 43 100 39 25 69 99 64 41 23 30 
50 97 74 6 85 59 84 56 31 19 5 45 38 34 67 27 91 5 57 69 
7 51 20 97 76 89 47 39 81 69 20 30 66 94 87 2 4 23 9 87 
41 14 31 30 47 49 57 37 53 65 58 11 16 29 7 91 17 5 81 98 
73 1 79 90 46 18 44 49 40 52 35 80 65 17 62 64 65 18 52 69 
34 61 79 1 90 37 43 6 41 24 55 66 24 86 55 69 3 50 69 42 
2 56 73 18 24 34 81 41 3 85 9 37 45 40 89 34 76 32 92 17 
55 98 82 30 83 88 50 37 38 70 78 91 25 51 8 1 36 41 41 39 
77 1 27 21 40 15 7 68 98 50 84 4 47 17 33 82 56 82 18 45 
4 48 35 28 50 95 80 85 35 72 75 11 73 1 83 64 68 41 31 65 
90 66 69 89 34 53 22 42 87 91 86 90 38 73 69 39 67 49 24 53 
20 50 15 44 51 49 60 70 90 42 34 31 60 54 71 93 59 92 86 45 
83 72 34 72 96 54 11 14 54 86 66 26 35 32 69 37 80 80 6 21 
22 92 52 81 45 22 25 3 66 63 99 100 34 84 71 81 38 81 94 91 
18 11 16 53 42 37 89 73 68 95 94 41 86 45 73 82 18 98 37 83 
60 35 82 45 19 5 77 56 37 70 98 55 32 66 7 73 54 47 97 21 
93 90 62 78 86 34 12 56 83 48 38 94 82 72 90 100 28 66 7 64 
87 57 70 18 22 28 42 75 75 39 47 67 80 8 97 66 94 8 21 28 
7 10 22 88 33 63 40 60 81 98 76 19 54 45 37 27 73 30 53 47 
20 100 65 100 59 13 17 4 20 37 32 26 98 5 66 83 19 57 94 99 
6 69 18 60 14 6 38 38 35 43 36 7 42 100 6 52 13 22 56 84 
10 39 62 59 95 27 41 13 35 35 12 40 55 81 51 68 86 89 57 72 
31 92 78 24 92 83 27 56 56 82 39 17 72 100 76 66 78 16 79 12 
2 42 4 57 22 54 76 59 94 33 30 24 24 60 99 15 94 26 22 50 
59 61 66 83 12 41 48 90 9 78 53 62 71 56 18 44 62 94 2 55 
78 84 31 1 43 29 68 36 6 89 37 17 49 3 99 13 95 98 2 55 
28 6 17 98 14 34 94 75 79 95 29 56 30 59 9 72 40 76 60 45 
64 96 61 65 98 59 29 45 9 30 99 36 87 15 33 100 1 26 74 31 
73 55 87 2 65 95 26 4 22 85 1 37 80 61 53 30 72 81 26 80 
62 24 15 49 91 99 100 43 77 26 73 1 80 59 54 44 5 79 48 26 
15 48 63 47 60 15 28 83 96 53 14 57 76 28 57 18 79 57 60 7 
82 33 7 13 43 60 56 48 39 55 25 5 54 87 51 66 54 78 48 1 
30 62 9 58 41 18 75 71 74 87 77 7 19 83 19 61 43 26 60 33 
33 85 89 86 23 40 51 28 69 51 28 51 12 89 8 4 6 34 75 31 
20 51 89 90 34 59 51 28 84 62 12 16 46 100 54 69 39 4 96 60 
54 76 10 17 64 69 21 21 54 95 51 26 45 91 15 30 49 17 57 32 
79 68 100 24 68 5 44 58 60 40 69 66 67 78 82 30 98 54 2 52 
48 4 29 45 94 43 74 42 60 83 25 90 2 76 65 21 80 9 31 40 
100 99 5 66 29 38 47 26 92 48 29 39 51 57 35 96 52 9 37 63 

0 80
307 140 445 840 234 787 599 915 952 444 222 4 171 541 837 23 734 213 631 965 669 529 195 590 753 832 253 411 475 238 633 551 788 76 744 966 220 923 75 628 192 824 591 73 828 327 546 959 625 230 63 99 957 404 325 191 525 56 223 697 570 69 306 139 495 258 804 369 719 352 940 874 726 118 825 616 115 282 950 183 
19
3 6 13 19 26 47 56 63 89 91 94 115 157 163 164 174 182 187 188 
1 97
618 342 213 292 57 307 975 808 942 800 132 967 144 850 182 229 554 870 856 383 541 908 240 319 442 126 728 758 90 959 406 327 719 965 798 551 650 209 637 586 139 122 991 989 436 720 836 503 809 704 260 555 82 917 206 25 501 580 686 912 244 872 37 353 814 909 198 171 282 361 677 3 504 110 189 22 329 663 162 328 644 802 134 234 595 918 447 529 28 506 746 825 148 648 589 295 796 
12
4 11 21 33 42 82 94 104 179 186 187 189 
2 92
891 441 290 457 749 944 510 589 413 914 385 543 701 789 447 921 503 819 345 560 68 402 294 531 689 242 192 562 753 832 933 143 675 912 713 750 495 240 574 802 224 382 450 687 630 27 738 374 58 137 500 389 380 547 702 616 401 919 851 257 112 349 95 214 639 973 217 612 928 594 399 293 794 961 348 873 205 505 584 663 722 995 327 945 809 642 825 904 993 102 871 370 
21
5 20 34 75 76 93 100 104 111 122 127 138 141 148 155 160 162 171 176 183 195 
3 60
398 365 602 262 183 736 499 77 472 399 952 276 908 535 61 553 738 109 820 267 537 616 598 238 895 436 552 959 182 833 243 114 502 818 354 670 274 800 205 945 704 770 129 525 683 448 764 539 934 665 926 847 650 97 255 466 494 386 497 734 
19
0 18 28 33 56 60 75 85 90 94 96 101 103 109 134 194 197 198 199 
4 88
544 564 230 369 35 243 875 54 221 555 627 785 103 268 101 769 532 58 263 763 141 352 826 557 232 399 520 204 359 25 506 617 222 143 721 277 259 593 239 290 667 272 928 761 524 682 598 608 213 648 486 820 783 997 479 990 498 832 121 436 261 762 995 61 896 580 452 619 698 443 206 678 511 342 175 859 385 484 818 62 897 75 488 567 86 641 9 88 
18
1 22 32 46 60 68 75 80 86 106 107 141 170 172 187 190 191 192 
5 38
49 987 625 329 724 522 855 559 216 532 634 153 652 870 93 837 916 28 616 343 417 9 688 133 894 165 42 200 940 696 215 373 665 403 166 653 416 969 
20
2 8 9 27 45 47 65 74 100 106 119 134 139 151 152 153 154 157 171 188 
6 81
628 797 819 589 905 668 276 607 206 522 689 215 448 596 517 710 631 749 83 216 611 839 664 56 372 103 261 656 362 994 228 773 536 457 456 790 483 878 772 939 104 420 921 881 637 84 566 232 333 40 367 446 695 36 537 821 620 60 358 910 583 82 246 914 739 71 47 185 765 264 174 885 640 491 324 128 796 349 256 757 89 
20
0 8 9 21 34 48 61 85 90 104 120 131 132 133 137 145 166 167 181 198 
7 83
207 229 239 88 754 846 29 977 108 332 822 111 664 777 856 982 745 263 78 7 44 518 839 669 886 51 683 125 204 705 890 574 346 425 487 75 221 722 470 971 270 129 632 298 509 577 52 757 256 334 749 257 661 494 234 67 699 301 644 773 457 10 990 428 595 760 927 259 65 238 82 693 25 598 316 149 307 525 692 798 608 951 450 
20
12 24 43 44 45 54 56 60 74 77 78 97 106 131 147 165 172 174 189 199 
8 75
299 536 694 390 864 37 911 358 516 165 331 452 531 768 926 215 53 497 492 912 959 69 859 190 174 964 322 581 344 150 940 466 520 836 853 715 873 557 601 510 856 382 900 234 27 415 267 118 305 532 409 804 14 677 386 981 907 91 565 654 333 814 405 168 697 855 607 645 408 1 916 761 134 687 55 
21
5 6 23 31 47 79 81 101 105 119 121 123 124 129 132 135 142 157 179 184 192 
9 87
339 111 664 163 330 270 24 577 774 35 703 387 782 119 882 616 282 519 951 398 65 511 68 736 25 793 292 70 609 48 790 153 469 706 864 357 752 742 979 187 138 454 818 186 889 1000 817 551 885 802 407 486 820 294 795 400 509 676 564 169 406 17 886 942 705 684 350 7 508 766 933 647 689 856 355 434 219 804 88 824 991 596 890 258 60 178 512 
25
5 6 14 23 31 33 35 37 40 64 72 73 74 93 110 116 119 133 137 138 141 145 150 153 177 
10 39
789 557 516 517 515 589 913 439 258 337 354 922 132 932 319 800 10 312 657 220 812 496 52 387 683 424 253 727 97 729 840 803 745 564 191 452 103 577 767 
15
12 20 45 69 71 74 81 88 104 120 127 133 156 180 193 
11 46
693 851 152 863 929 571 827 408 961 803 422 607 903 114 606 685 14 646 831 954 85 680 48 305 526 166 474 326 697 652 731 472 551 28 107 412 338 385 306 523 602 173 495 969 214 372 
23
1 15 17 26 34 50 51 52 56 62 75 82 88 97 101 105 107 113 133 156 171 186 191 
12 82
413 246 874 384 700 390 153 224 238 1 159 233 382 549 184 737 325 562 745 192 916 424 503 338 672 857 532 31 699 524 586 980 172 506 105 773 662 810 82 489 507 173 955 34 702 855 943 776 317 818 865 364 618 451 530 417 83 636 331 498 961 809 935 768 579 78 130 297 414 247 11 512 886 844 545 355 908 73 738 7 174 140 
26
7 10 15 16 19 30 37 38 64 74 75 79 81 83 87 88 102 116 120 122 125 139 140 165 181 197 
13 93
937 905 975 452 118 619 209 543 467 719 385 455 622 771 707 370 607 784 231 626 73 389 794 310 143 836 672 40 380 213 371 250 516 368 131 221 208 524 286 138 217 223 19 414 611 92 927 648 727 76 955 570 728 893 284 412 913 597 846 772 85 401 638 216 717 9 413 255 334 89 800 743 919 585 829 33 348 181 457 62 377 544 43 163 736 445 946 268 663 940 179 141 976 
20
0 23 26 29 36 45 65 67 74 80 86 92 95 100 140 153 158 169 179 197 
14 57
996 478 557 4 162 564 406 501 422 106 271 444 703 47 528 525 130 414 102 846 170 662 583 542 579 678 671 893 552 612 59 977 496 998 571 867 174 638 560 7 772 436 199 754 993 82 748 566 781 963 877 482 890 785 627 531 610 
18
9 16 30 40 41 63 66 79 89 108 110 119 120 121 140 165 168 186 
15 38
776 468 357 727 493 974 652 280 790 975 467 941 891 877 561 758 795 277 903 265 897 773 485 851 37 871 612 361 922 366 919 755 360 856 48 585 441 599 
20
11 12 20 26 28 36 39 56 60 64 90 122 123 125 126 149 150 172 173 188 
16 63
769 321 716 112 93 648 10 40 596 346 583 790 302 368 210 401 164 322 178 493 180 338 986 196 764 53 742 578 837 826 367 525 562 502 876 849 713 46 250 320 847 773 388 846 609 82 489 466 831 910 429 745 227 535 930 766 8 877 621 544 307 272 904 
15
12 14 17 47 48 69 79 115 118 120 134 157 159 163 165 
17 102
631 655 707 874 850 430 272 160 753 781 807 737 211 44 527 54 722 221 444 611 425 926 899 732 4 125 994 1 317 724 760 92 324 956 617 638 875 100 117 71 387 996 964 332 763 429 350 947 318 743 420 123 585 752 344 492 18 813 758 7 246 359 104 438 866 235 441 274 608 372 275 776 855 20 119 514 366 497 998 788 621 147 857 225 934 266 811 644 282 361 701 367 999 665 876 375 594 93 682 14 179 346 
26
11 16 28 30 39 48 52 71 75 93 95 100 111 116 120 142 151 154 157 172 176 179 180 183 186 197 
18 89
372 944 761 932 89 924 721 562 119 286 819 29 898 758 126 284 780 464 766 213 859 692 392 225 987 829 328 91 512 801 417 101 259 22 474 948 553 289 23 578 702 249 583 30 377 923 88 381 150 791 624 946 252 647 400 795 81 655 488 929 94 595 320 162 834 797 16 472 806 95 904 825 716 382 935 303 789 172 673 831 827 906 931 773 25 192 573 184 396 
20
3 29 37 38 50 55 63 64 67 75 76 80 97 98 122 131 139 182 192 193 
19 72
644 890 641 325 421 105 1 112 823 864 548 232 360 202 809 177 624 545 425 820 666 34 508 962 22 654 540 461 614 140 535 709 450 265 837 23 210 65 320 398 793 830 904 440 699 638 480 954 547 29 683 54 433 569 458 973 499 487 372 56 46 994 965 906 669 558 637 859 464 385 15 726 
17
0 12 24 29 52 67 72 78 80 86 95 108 128 130 165 173 189 
20 78
594 436 475 554 679 328 186 873 162 563 405 785 82 389 646 128 444 918 376 139 855 65 78 300 729 248 169 90 643 215 373 194 589 828 810 99 884 662 343 817 501 659 234 686 797 597 350 745 276 750 84 470 476 735 292 134 61 532 690 562 229 732 416 268 849 812 664 72 42 516 418 198 830 146 67 620 53 448 
16
2 10 15 47 73 80 83 88 96 97 101 118 129 140 182 190 
21 68
210 637 148 811 179 764 853 511 881 328 644 244 718 497 892 340 599 46 283 710 868 920 237 338 575 856 145 909 50 161 457 420 835 847 610 491 807 431 630 571 469 214 801 880 633 956 89 740 187 409 850 167 279 307 85 381 302 934 35 866 471 849 138 217 731 916 952 162 
13
1 6 29 71 89 90 94 110 111 118 157 159 175 
22 111
565 329 258 759 81 2 716 883 654 988 414 748 234 902 238 712 278 181 849 260 455 622 758 481 721 520 854 66 619 786 698 517 984 601 206 793 409 745 824 904 464 921 105 421 263 963 470 154 977 833 839 270 159 917 82 583 188 176 706 478 339 155 710 701 868 880 115 826 457 108 442 479 923 528 770 119 453 769 934 785 618 117 305 110 900 113 614 289 456 377 544 151 652 72 573 942 279 413 79 465 632 685 491 526 25 617 913 662 328 820 653 
14
4 28 41 61 79 86 100 106 127 132 146 148 159 185 
23 111
843 175 124 440 273 941 607 212 546 379 568 9 816 872 538 556 890 389 901 506 322 480 333 500 741 268 936 962 628 392 589 756 452 645 681 444 286 473 227 394 103 340 809 19 592 276 355 689 332 95 569 174 842 526 231 376 211 100 729 26 585 817 965 151 986 670 832 331 582 107 284 563 721 554 948 632 158 826 484 150 323 299 114 825 864 153 253 420 894 154 266 99 934 381 38 539 542 32 700 366 125 836 810 643 200 367 51 719 851 456 122 
29
8 9 13 28 31 35 36 41 49 56 57 68 81 87 91 112 119 131 133 154 167 171 178 182 183 184 186 188 197 
24 60
989 910 270 664 812 311 785 232 303 619 509 494 424 720 9 234 550 945 504 662 888 256 37 116 164 312 852 926 990 362 399 175 227 276 671 745 79 839 448 298 467 433 292 107 712 453 59 725 762 143 21 169 366 919 339 672 135 56 150 71 
17
7 19 35 51 56 75 86 103 105 109 118 156 158 169 179 182 186 
25 61
690 865 774 765 251 661 345 424 266 228 857 699 304 76 787 392 689 980 166 403 877 42 358 12 73 59 651 144 662 320 557 226 940 163 714 538 317 839 876 737 663 573 985 77 28 81 963 252 230 119 837 679 13 605 429 587 527 574 364 285 480 
17
47 48 65 66 75 94 106 108 116 131 134 137 151 171 176 181 189 
26 46
250 882 596 934 417 433 196 512 348 203 721 839 827 889 494 771 929 905 350 868 464 483 964 98 462 936 825 845 529 583 188 197 44 597 782 2 634 393 973 183 181 605 921 606 704 149 
25
0 11 13 15 45 46 54 62 67 70 78 83 84 85 97 101 119 128 129 132 143 168 186 195 197 
27 60
41 500 981 678 441 48 273 462 924 132 808 154 75 525 999 834 518 992 57 982 190 822 269 646 934 171 208 952 395 2 298 712 554 894 117 971 23 339 669 346 457 861 402 814 833 201 423 256 600 785 430 588 667 60 297 908 355 207 844 54 
21
5 28 29 43 53 56 67 70 105 106 109 113 126 143 147 148 156 165 174 187 195 
28 88
95 763 991 56 522 197 385 938 103 423 90 248 564 11 873 241 801 133 291 939 139 216 562 182 145 619 151 410 725 892 818 660 175 101 988 119 951 635 714 120 921 131 427 760 123 755 350 746 114 351 240 407 440 650 571 762 428 932 264 422 659 533 311 476 937 820 978 414 748 247 371 105 841 674 154 747 336 250 882 225 778 146 360 26 861 527 53 815 
25
3 15 17 22 23 27 34 46 48 55 60 70 79 88 92 93 98 120 124 132 134 145 170 171 185 
29 111
41 219 887 999 604 270 243 977 320 21 811 477 948 671 137 471 690 523 356 666 165 814 383 932 774 940 606 296 217 885 641 167 668 92 259 812 180 568 874 726 225 937 789 826 293 627 82 558 57 834 913 284 858 691 921 403 8 363 29 912 122 96 112 823 909 894 820 32 348 729 934 204 660 915 581 184 657 490 534 339 784 46 547 743 75 343 844 886 385 35 688 354 485 591 90 907 406 327 160 230 546 44 378 998 584 505 285 662 996 48 382 
18
13 18 19 21 27 33 56 72 79 100 119 152 158 159 174 180 183 188 
30 53
467 763 605 334 498 239 683 242 84 316 908 303 220 299 457 204 352 45 809 561 22 873 797 982 618 759 285 581 728 292 662 308 997 207 49 53 275 781 50 796 638 14 357 161 3 574 21 95 33 270 327 505 31 
19
12 14 17 39 42 94 95 108 115 123 124 136 146 147 149 163 167 176 199 
31 68
224 573 652 415 4 502 192 508 982 139 613 233 312 391 806 424 942 305 379 701 780 72 225 40 672 722 248 552 87 235 642 247 765 913 62 694 805 183 554 665 586 364 951 962 814 407 911 860 583 267 210 526 559 39 839 207 670 275 770 469 627 785 232 84 343 970 417 496 
22
8 9 23 39 44 56 65 68 72 75 91 94 105 122 128 129 137 143 153 173 193 194 
32 100
371 520 186 353 836 502 335 448 114 615 914 316 212 788 56 833 943 842 368 535 702 354 263 26 500 105 352 194 328 644 481 539 82 802 635 170 3 805 884 410 612 876 375 928 680 458 142 113 560 894 183 265 320 734 418 348 32 151 537 704 572 177 942 629 963 462 956 798 800 247 611 444 365 848 681 222 385 543 755 701 367 404 720 279 812 509 771 659 501 932 264 598 603 937 797 296 463 732 758 117 
14
4 40 45 51 105 118 119 120 175 176 177 178 195 198 
33 95
873 420 86 59 727 8 339 630 841 340 48 475 764 579 895 937 436 947 473 963 69 710 543 321 558 224 619 137 307 939 790 456 623 402 569 617 380 580 185 919 15 182 441 933 599 757 871 946 399 969 229 719 431 19 500 588 983 847 935 768 593 591 670 231 616 282 270 11 643 709 41 325 720 548 47 81 749 916 842 961 255 228 729 276 109 889 573 699 778 223 514 347 291 646 827 
20
1 3 9 29 35 46 48 53 64 80 106 123 128 142 166 169 170 180 184 185 
34 104
748 247 298 657 310 872 635 227 33 868 981 480 667 834 333 937 321 989 483 88 589 708 207 155 392 642 89 972 340 419 751 514 988 739 660 706 564 828 117 363 830 997 181 849 35 761 279 922 843 145 851 140 614 111 587 789 826 27 135 542 651 210 289 318 176 844 871 370 96 142 115 950 616 57 908 551 678 362 607 941 74 408 171 886 51 525 47 715 867 199 732 1 315 482 816 223 306 139 165 332 680 615 949 281 
16
2 6 11 28 39 41 62 82 135 146 149 151 155 159 169 184 
35 112
861 69 570 227 145 479 328 569 214 882 609 108 390 257 197 865 234 443 944 55 222 828 327 354 20 62 524 491 768 88 255 54 816 482 22 652 104 25 795 300 931 713 871 874 540 554 317 266 755 913 533 375 499 666 113 982 999 703 319 793 951 320 794 72 810 977 309 349 155 346 901 743 822 435 102 260 180 681 13 803 408 74 869 553 414 572 757 520 851 61 817 410 156 107 28 344 845 440 264 598 420 86 921 716 549 834 667 376 877 122 912 85 
20
9 23 24 33 40 43 58 75 79 82 92 97 106 112 138 179 182 188 192 194 
36 98
965 285 159 660 581 748 691 357 369 870 847 172 746 361 695 194 729 295 771 270 621 454 824 271 160 831 636 469 715 548 706 38 354 196 320 821 573 709 551 231 768 509 511 274 141 976 922 552 465 869 702 280 122 723 142 977 515 348 199 867 32 989 822 200 645 617 380 854 37 538 681 207 839 602 386 52 1000 499 134 766 167 906 238 674 507 417 891 575 971 734 345 11 920 85 117 284 550 866 
22
13 15 23 41 46 63 64 87 89 90 99 106 121 125 127 129 141 145 170 176 179 186 
37 44
759 443 108 219 399 348 664 26 69 168 316 242 301 292 773 462 733 586 929 861 550 313 653 727 157 599 628 295 13 605 449 370 448 132 277 40 604 583 102 129 208 689 1 80 
18
9 12 18 54 77 86 104 106 117 120 126 145 147 148 154 163 179 187 
38 99
213 761 588 254 676 826 993 10 958 457 610 999 986 530 188 355 267 583 504 170 795 5 163 653 574 148 938 633 224 391 804 470 420 815 25 454 190 691 643 796 63 705 372 839 180 970 811 644 599 757 320 821 336 114 484 517 43 227 561 166 882 645 945 464 965 17 385 719 886 775 626 125 459 532 259 927 410 658 720 54 923 592 694 378 28 191 981 228 939 783 199 436 870 536 703 724 223 614 447 
13
12 18 50 53 71 113 114 164 167 175 191 192 197 
39 68
456 614 666 416 218 455 771 514 751 356 198 3 472 54 686 387 128 602 776 963 331 438 912 16 238 431 352 357 436 47 785 469 304 415 970 525 243 371 260 734 124 993 307 783 222 481 888 276 224 461 498 773 611 981 823 463 226 932 300 63 595 583 405 247 547 315 789 834 
19
15 17 30 31 34 52 56 58 65 68 76 80 93 95 103 121 130 175 197 
40 97
931 701 200 401 735 471 866 699 48 206 874 585 418 698 531 829 885 711 956 578 420 171 92 308 270 351 685 193 527 241 918 59 612 591 993 519 70 477 3 52 243 209 889 618 302 697 312 649 895 545 879 247 28 660 374 654 273 347 523 189 225 726 567 345 108 12 802 109 882 381 47 687 256 572 967 849 515 41 246 142 812 311 903 192 729 261 841 340 298 606 439 123 56 349 683 516 27 
22
9 14 32 35 42 47 58 70 81 106 116 119 120 130 142 143 156 166 173 175 180 190 
41 113
899 847 680 535 879 378 688 354 992 337 3 273 613 947 139 481 165 1000 683 182 349 516 803 311 979 548 704 436 102 357 725 567 655 488 428 595 358 507 674 210 763 131 605 804 303 52 219 528 934 251 919 394 372 184 500 737 421 431 264 738 486 960 538 933 29 977 450 687 134 145 813 479 457 615 536 531 747 458 230 2 503 336 415 257 651 256 900 101 496 280 722 406 995 773 272 986 753 419 616 950 842 341 304 620 119 235 156 906 844 176 808 975 474 
17
14 22 23 34 36 55 75 79 90 113 116 163 168 180 191 192 194 
42 62
234 313 446 701 938 622 227 496 219 62 54 545 29 972 656 16 174 292 255 951 315 746 35 333 198 605 842 15 790 237 39 583 188 658 676 326 215 918 530 572 666 192 824 350 973 38 586 640 719 5 318 971 1 554 628 92 704 388 927 453 295 690 
16
1 30 40 56 61 67 69 82 94 112 124 146 170 172 181 183 
43 100
19 485 87 421 784 617 234 658 491 501 834 333 494 160 197 698 143 69 570 782 114 448 361 440 124 792 871 397 541 706 366 524 682 515 594 424 582 29 211 734 796 322 947 473 984 133 54 810 684 1000 379 786 576 75 701 147 924 751 991 764 931 897 24 58 636 390 557 74 241 822 813 980 610 294 795 31 979 886 218 535 91 565 899 860 134 969 428 349 237 544 711 474 748 341 7 121 288 150 976 308 
16
7 27 35 47 51 74 87 90 98 116 118 133 140 148 159 171 
44 52
938 115 826 128 498 812 970 664 793 351 825 612 390 706 94 42 451 784 815 376 857 154 717 559 967 671 486 268 157 629 703 282 133 144 145 382 345 752 590 669 299 639 10 318 713 327 605 289 842 196 566 418 
19
7 31 53 61 68 76 84 113 128 134 138 139 142 150 176 177 179 188 196 
45 57
836 380 538 285 364 850 628 900 286 745 856 264 447 526 40 814 635 452 105 184 986 226 744 902 199 615 430 901 476 394 653 179 260 407 888 645 611 654 977 163 344 307 922 363 76 150 778 225 810 905 747 675 381 934 310 942 863 
16
5 7 10 13 26 32 49 66 67 112 132 149 151 157 177 179 
46 67
874 795 252 67 177 256 194 273 314 842 657 815 25 223 618 811 737 774 379 63 616 81 397 285 680 612 760 827 669 975 11 344 688 631 109 162 295 856 301 486 227 599 275 608 505 847 33 356 837 50 863 798 280 359 781 228 80 232 158 367 841 323 402 348 411 95 806 
24
4 26 28 33 36 47 62 73 82 88 95 111 115 119 121 129 144 147 149 150 152 178 184 195 
47 45
273 352 868 789 153 454 533 612 452 20 242 168 404 737 1000 593 756 58 374 646 91 480 718 496 814 66 985 97 937 996 364 767 372 28 229 76 155 630 235 140 61 284 100 894 699 
26
0 5 8 16 20 25 40 43 46 62 68 69 70 93 103 121 124 134 155 156 157 159 164 179 180 183 
48 102
242 81 80 396 756 589 269 138 973 345 194 97 494 327 359 607 224 391 777 109 610 665 945 274 69 701 696 538 560 481 165 888 572 357 989 790 456 294 373 136 804 594 93 251 350 794 233 542 208 287 245 798 421 176 374 848 216 632 799 285 988 435 886 667 613 341 657 94 568 477 951 527 843 685 82 416 653 537 643 169 899 495 662 344 963 128 805 638 702 473 288 859 525 782 466 125 697 478 144 237 738 975 
13
6 16 17 25 28 33 63 76 88 113 188 190 199 
49 81
342 890 530 372 11 406 623 702 750 602 444 35 703 572 387 888 721 326 168 648 878 635 3 978 425 534 297 415 20 810 42 1000 385 515 357 120 948 395 251 127 48 728 577 419 929 261 762 39 540 92 13 478 847 12 566 900 652 819 891 216 421 439 773 28 657 25 612 391 520 67 365 699 102 937 603 482 704 715 381 618 117 
19
23 45 61 76 77 97 100 110 115 132 139 150 161 166 174 179 186 187 189 
50 57
621 384 261 853 616 63 475 791 468 807 476 713 188 346 109 794 241 566 171 751 356 414 266 29 325 532 195 366 736 33 515 910 26 359 832 526 648 490 527 416 660 618 697 413 99 27 915 543 227 782 449 383 417 812 982 903 89 
19
11 18 38 51 56 59 61 68 83 101 110 117 120 123 124 139 140 173 194 
51 70
280 675 78 631 700 384 463 230 467 625 869 237 889 652 297 492 413 571 361 577 207 202 313 787 298 308 150 271 955 67 541 532 458 446 890 673 599 241 722 77 410 373 660 502 196 536 118 829 52 348 744 170 777 148 891 259 896 65 223 608 627 405 649 491 595 990 437 231 389 626 
14
11 24 32 43 50 52 62 104 134 163 164 166 180 186 
52 116
431 159 200 76 410 324 825 574 209 877 131 799 872 705 204 273 83 673 339 870 735 706 539 970 135 803 7 508 66 382 48 883 614 963 462 366 256 98 332 411 483 9 580 27 412 886 502 294 18 352 420 648 815 287 631 464 427 743 791 624 291 801 327 485 860 41 226 569 736 68 937 408 724 882 997 329 299 188 732 529 362 46 283 441 974 164 313 237 158 591 931 430 936 222 374 848 563 748 985 138 217 193 360 434 262 429 713 586 178 573 468 725 251 704 697 786 
15
11 17 19 39 51 94 110 116 151 160 163 166 185 186 195 
53 60
146 620 915 757 836 878 88 244 402 577 24 337 100 811 296 512 887 241 108 661 714 319 603 897 371 112 700 790 938 654 346 504 183 516 449 486 74 895 658 251 369 587 588 592 908 89 459 755 867 704 941 388 610 242 795 201 675 209 218 376 
10
27 33 38 44 119 120 136 163 183 185 
54 72
819 677 265 968 731 850 982 903 892 781 838 743 111 839 247 879 86 323 309 941 704 58 690 38 229 861 710 319 82 981 665 590 22 259 767 293 243 256 572 619 933 325 288 2 723 633 80 709 16 93 59 47 787 491 327 337 100 869 351 610 294 144 366 774 458 384 937 645 408 123 439 735 
18
7 26 37 61 65 108 119 122 123 134 151 156 157 167 169 177 182 195 
55 105
65 900 962 969 748 414 286 490 657 180 514 113 948 781 447 685 334 176 510 573 420 754 489 79 790 371 308 236 7 639 767 464 222 143 209 684 210 605 173 944 470 713 676 202 992 911 595 832 318 652 319 3 593 926 148 482 667 967 708 540 66 355 497 645 187 392 225 928 427 70 228 364 917 382 48 709 314 339 840 895 755 421 306 807 913 412 817 185 378 284 757 557 961 794 735 419 586 1 168 958 663 198 31 328 229 
20
18 28 41 59 60 67 74 75 111 113 117 121 128 161 162 170 179 184 185 190 
56 82
989 713 780 524 366 208 612 779 631 895 255 489 173 786 969 802 136 284 442 581 836 540 145 536 141 694 893 98 177 431 616 458 537 993 361 828 250 13 139 640 87 840 506 198 884 550 49 628 962 63 564 248 682 849 181 560 71 608 28 529 650 483 316 857 556 746 590 951 116 539 873 48 456 614 900 192 350 420 513 701 868 200 
23
0 3 7 11 15 23 24 27 29 31 39 42 50 70 80 84 86 125 138 142 153 188 199 
57 104
330 749 415 582 688 116 871 36 397 774 706 785 326 868 549 312 961 791 123 317 807 632 131 237 667 392 140 750 592 723 960 364 829 328 996 31 663 256 182 814 471 137 840 862 467 388 85 629 796 401 715 83 856 689 332 95 693 860 702 971 141 615 62 10 269 296 260 427 928 849 864 169 376 877 49 402 945 277 686 921 668 115 149 817 573 485 652 257 99 767 859 179 969 111 278 231 428 608 766 323 824 991 430 263 
21
23 61 72 75 76 83 84 89 96 103 106 130 132 141 147 152 158 162 176 179 198 
58 66
773 931 158 316 280 754 675 69 148 587 653 732 765 133 817 264 738 926 777 382 311 570 756 349 902 207 219 752 715 320 56 451 488 118 747 697 595 891 798 724 656 915 582 321 840 581 388 708 477 936 696 244 126 600 822 427 430 917 621 549 865 154 628 554 290 369 
16
35 39 40 74 79 80 81 99 126 132 133 139 175 181 182 197 
59 77
431 825 114 983 614 535 558 874 531 610 768 784 310 144 302 542 937 779 473 314 781 703 387 925 126 363 964 486 565 407 249 349 744 270 971 102 638 796 268 83 968 854 720 128 350 435 988 549 185 343 787 269 921 515 410 94 247 177 105 895 369 581 423 488 804 141 441 520 499 578 86 582 345 834 202 44 281 
15
50 55 63 73 76 90 99 100 102 109 181 182 184 195 196 
60 100
433 415 774 941 446 550 324 658 491 482 315 202 369 854 13 92 593 909 575 723 173 943 662 820 922 750 908 863 580 738 227 385 69 570 17 997 231 64 538 541 286 620 155 629 694 931 953 974 704 388 772 456 296 770 178 955 258 188 21 406 729 966 18 272 175 509 980 147 314 235 33 549 372 56 818 976 348 682 247 977 476 950 282 124 45 97 598 417 376 392 58 378 545 132 299 466 432 98 596 627 
20
3 4 7 15 28 55 79 83 91 96 102 133 149 164 166 174 176 190 197 199 
61 65
334 186 581 423 790 733 466 150 429 816 885 712 949 317 601 896 501 968 99 582 291 735 920 209 653 616 142 468 859 701 479 5 634 412 362 243 682 854 597 992 294 215 91 92 832 381 827 878 78 767 925 372 908 797 52 763 70 440 628 36 747 821 425 662 820 
22
6 22 42 44 49 50 54 57 77 78 91 126 141 150 151 160 163 164 165 182 183 198 
62 66
56 372 295 690 534 692 755 133 408 961 310 705 737 869 711 79 795 919 50 340 24 675 991 517 897 344 660 268 560 486 745 285 57 894 820 191 490 446 908 39 697 290 865 559 175 804 600 8 67 383 335 572 866 787 380 222 413 492 325 220 379 616 625 72 230 546 
27
11 26 34 46 47 51 65 71 76 90 103 113 122 123 125 130 136 143 145 147 163 172 178 179 194 198 199 
63 59
780 13 171 756 462 500 879 928 743 432 274 590 195 950 422 932 853 525 960 723 552 631 972 177 638 400 795 387 350 50 497 293 811 490 885 255 629 862 11 973 368 131 284 930 996 680 584 347 905 273 428 561 618 143 402 218 771 279 121 
18
0 14 18 36 48 59 71 75 114 123 142 148 152 155 165 171 185 196 
64 49
942 231 784 239 160 770 341 657 671 560 481 174 727 496 627 220 503 281 911 789 529 264 617 802 432 85 243 288 813 258 939 4 866 629 24 110 505 901 50 114 331 173 94 48 759 352 747 240 372 
20
9 12 15 18 33 36 65 74 76 78 82 94 102 114 116 118 137 179 186 198 
65 75
561 8 922 764 831 41 120 436 844 607 449 142 853 503 266 629 517 359 35 118 355 81 239 229 624 749 490 648 411 134 689 79 921 633 317 892 115 510 194 780 484 10 258 459 644 311 560 846 728 262 25 507 524 840 585 942 92 205 978 593 838 757 283 426 505 900 419 456 789 309 862 297 613 320 399 
18
5 13 25 31 39 54 62 64 75 79 92 97 107 113 146 147 171 195 
66 90
698 660 994 397 901 233 395 235 903 736 141 853 6 760 49 36 801 289 447 504 3 477 58 769 922 606 636 873 941 388 239 191 112 154 12 328 46 362 520 915 431 264 984 817 422 930 846 287 334 489 152 626 633 401 902 568 234 735 657 924 591 304 785 165 666 999 51 515 294 339 649 226 415 505 171 250 408 917 874 71 369 703 276 819 503 586 753 375 900 65 
15
14 25 45 73 91 93 118 121 125 131 134 163 174 176 185 
67 95
186 386 984 115 282 926 390 724 252 594 319 202 26 263 931 241 590 746 588 698 304 146 708 541 736 183 25 253 420 731 178 810 977 819 108 139 890 811 508 95 429 271 81 239 775 923 370 484 22 481 244 560 789 236 134 450 845 404 276 305 603 269 835 361 322 243 744 349 251 725 646 444 286 185 665 999 672 435 828 216 466 545 530 630 32 867 332 1000 838 601 863 705 626 748 669 
19
13 18 19 26 27 42 45 55 68 96 103 137 138 144 148 152 197 198 199 
68 89
542 951 991 481 96 84 710 877 789 622 984 194 497 386 307 842 684 306 385 424 381 144 302 769 435 936 268 189 537 977 142 856 486 407 723 245 561 282 258 994 255 131 966 668 334 292 766 107 739 320 4 946 253 1 295 963 927 760 539 205 916 383 717 628 470 75 910 693 866 234 235 903 271 985 200 172 961 148 816 658 809 888 607 169 336 652 151 217 801 
17
4 23 31 39 44 47 50 67 74 102 123 124 152 154 164 188 199 
69 55
675 194 747 797 481 718 632 188 346 801 455 139 17 679 284 308 861 900 340 414 303 348 950 469 913 117 958 514 788 344 667 1000 854 625 151 252 770 65 167 56 554 970 479 250 803 322 608 108 648 174 885 490 253 994 362 
21
10 16 42 47 74 76 83 90 101 103 129 130 141 143 160 167 174 179 191 192 193 
70 85
213 769 476 142 461 755 226 463 707 411 569 204 915 678 873 725 947 291 686 241 74 666 584 723 249 292 960 12 565 932 616 11 564 998 376 297 53 988 724 92 407 741 425 202 870 650 848 532 58 225 307 860 102 813 27 675 717 85 579 589 844 510 905 718 670 825 799 355 522 838 285 953 166 156 609 368 535 914 203 906 696 506 121 989 604 
15
26 27 28 40 47 56 104 120 134 135 141 158 168 174 187 
71 66
151 898 582 688 769 216 487 724 339 164 875 243 756 361 124 186 502 231 73 942 165 797 313 471 583 504 864 785 141 421 579 580 663 245 363 49 431 984 156 193 859 921 990 331 97 492 672 113 237 219 851 999 555 871 833 294 610 138 327 353 116 761 391 21 495 100 
19
10 17 21 38 62 63 90 102 103 107 119 130 133 173 175 176 186 196 197 
72 79
712 617 696 493 335 527 902 744 76 890 368 957 289 433 766 877 798 640 728 561 272 746 509 676 518 24 182 515 589 295 769 603 366 793 872 164 216 717 537 214 4 952 644 495 328 541 690 857 467 23 406 959 463 738 765 671 760 444 976 583 919 84 737 481 806 359 860 192 716 883 229 930 915 10 511 604 420 601 442 
16
9 19 29 31 57 74 88 95 102 108 109 112 142 162 184 196 
73 60
201 721 958 437 511 274 116 700 384 777 335 177 564 11 780 464 866 103 473 613 798 561 466 318 266 821 235 457 420 244 165 350 539 983 846 349 375 715 834 901 664 803 285 433 969 337 966 655 892 953 795 84 417 366 425 820 569 132 211 685 
22
9 20 46 59 66 92 102 107 110 123 129 151 154 159 161 162 167 173 174 175 177 181 
74 80
676 716 510 905 898 736 262 187 354 122 658 825 351 567 401 322 364 422 501 686 532 374 453 19 651 782 703 280 781 814 498 507 750 355 128 848 681 727 506 701 458 34 587 867 314 413 550 669 468 310 758 90 288 290 857 362 607 440 203 245 78 394 60 613 557 294 328 407 955 454 691 993 158 179 769 602 268 55 968 467 
30
5 7 9 10 12 13 43 55 58 64 68 69 72 79 83 93 105 113 122 124 127 135 138 148 149 150 152 174 176 190 
75 44
974 885 95 211 606 397 545 133 96 403 440 203 351 373 477 951 729 205 797 772 784 599 695 929 44 676 549 438 445 741 187 631 415 970 738 117 870 31 505 24 305 934 601 206 
26
2 3 4 11 12 17 18 24 25 31 35 41 55 57 63 65 78 85 90 100 125 146 150 156 189 195 
76 79
402 676 834 902 273 168 192 940 459 617 691 286 453 157 411 982 648 806 266 525 130 785 929 139 613 490 657 805 91 907 512 196 38 478 31 410 243 591 758 203 129 55 253 921 101 654 92 581 135 302 776 65 40 708 48 705 204 696 362 949 334 97 887 817 778 535 920 419 840 339 75 395 594 712 378 649 30 303 421 
25
2 18 39 44 48 49 57 59 62 64 69 85 114 127 131 134 135 141 144 149 155 156 163 166 179 
77 68
759 364 584 505 31 347 668 115 925 392 989 390 686 217 847 114 351 667 188 346 80 1 554 729 692 60 118 784 266 776 65 781 551 901 975 13 508 129 603 344 275 719 615 477 319 655 796 614 84 628 937 91 834 755 552 367 684 447 758 47 521 442 970 338 332 95 438 142 
20
7 37 49 61 78 90 101 103 107 110 118 127 129 139 165 168 183 191 197 198 
78 51
6 480 767 846 716 769 453 993 45 771 97 751 233 7 215 904 682 745 999 518 981 624 26 396 512 419 493 776 521 629 76 594 166 867 472 540 836 362 757 897 149 815 973 506 291 844 178 211 527 132 699 
19
7 19 26 61 64 75 77 92 111 135 136 150 157 168 171 175 184 195 197 
79 88
469 519 891 656 990 281 615 913 579 211 922 794 293 674 121 714 793 672 514 560 617 222 664 929 218 534 297 725 251 883 329 481 314 867 77 721 326 247 814 542 252 430 193 667 516 349 852 958 457 371 845 344 859 291 923 217 365 21 465 307 478 144 262 930 178 334 768 540 989 154 900 751 584 988 487 821 987 248 608 441 508 242 576 43 221 670 383 216 
20
8 12 14 16 22 28 29 35 41 58 60 65 74 82 89 91 123 143 161 192 
80 50
354 196 4 559 796 253 680 443 257 968 516 990 279 200 933 193 686 665 887 613 926 891 632 298 816 76 119 435 282 763 510 836 343 750 537 167 88 5 195 116 66 777 944 154 339 663 699 773 419 903 
21
4 13 18 19 20 33 39 56 58 85 101 103 125 129 136 148 159 160 162 178 186 
81 97
422 920 941 59 555 722 54 478 502 448 400 321 360 861 304 621 134 969 482 886 33 902 744 830 89 829 759 606 211 929 613 951 556 803 408 56 724 97 245 98 438 1000 447 864 627 898 819 582 507 674 45 203 711 34 869 573 634 686 677 844 946 235 491 658 737 954 876 797 661 995 679 392 893 103 591 125 531 865 32 199 357 587 420 244 578 664 330 477 644 811 616 31 383 49 820 109 169 
19
8 10 12 23 40 58 90 99 106 109 117 121 129 132 158 176 181 190 196 
82 81
886 385 655 216 927 148 955 718 386 149 640 87 421 26 959 187 819 510 883 836 128 602 250 566 961 839 171 803 225 743 427 270 507 736 183 18 155 100 690 857 189 583 472 546 682 238 224 391 53 721 326 77 745 117 518 509 453 119 744 577 924 513 908 285 273 440 993 320 654 42 832 854 2 630 296 463 714 246 79 767 934 
18
1 11 34 35 42 46 64 79 102 119 120 126 130 146 164 174 176 197 
83 61
194 254 17 69 780 221 259 812 532 182 441 362 134 294 373 442 457 272 351 465 974 674 113 470 209 389 167 168 20 185 650 72 356 512 1000 778 234 455 122 190 700 327 248 460 756 586 349 584 910 339 978 820 709 551 94 568 15 451 876 7 955 
19
12 20 26 50 57 60 69 74 86 97 106 114 120 132 134 149 160 193 198 
84 50
356 634 816 415 211 369 606 888 54 923 607 591 117 143 723 314 351 536 498 679 938 319 236 389 375 598 524 820 343 546 803 971 268 189 860 781 469 311 587 192 908 118 932 14 409 283 357 4 478 959 
12
26 44 56 57 93 99 114 124 157 167 172 187 
85 84
389 718 512 345 38 873 692 748 68 542 225 559 638 443 996 480 981 507 218 719 324 497 920 367 798 631 947 236 601 935 232 469 740 958 580 959 589 282 203 361 237 122 536 425 546 262 183 851 103 902 735 325 43 878 799 545 71 504 170 337 53 25 693 860 844 59 46 678 605 725 527 193 114 949 806 637 651 919 105 895 627 961 654 15 
21
3 6 26 75 76 80 95 103 121 131 137 146 151 152 159 160 162 167 175 197 198 
86 98
4 428 948 781 900 739 572 259 880 516 683 957 696 529 64 498 509 763 842 210 413 462 146 831 515 989 736 973 300 953 479 96 412 547 183 16 53 939 307 40 336 652 706 469 281 615 800 123 958 698 382 856 557 933 823 249 824 158 861 512 354 120 788 955 560 585 506 704 787 453 938 306 87 403 236 671 838 601 443 177 809 328 996 662 440 598 901 567 93 962 446 884 836 204 391 686 352 194 
18
4 13 19 22 24 37 56 83 94 101 117 119 128 130 134 156 173 195 
87 61
535 614 524 761 256 589 984 821 254 886 664 901 410 331 21 185 876 395 853 616 221 801 406 912 236 806 262 42 782 338 8 230 563 985 274 70 181 329 374 559 355 791 241 93 69 528 768 213 360 602 286 852 770 612 762 841 604 678 660 549 586 
17
12 23 36 43 89 98 102 103 124 132 142 145 165 167 176 178 193 
88 63
805 647 410 877 962 782 502 265 295 221 616 541 921 342 121 200 215 610 717 446 209 101 716 494 460 952 237 792 892 945 982 12 644 565 520 872 354 668 352 10 326 879 270 825 677 988 593 371 451 530 86 378 748 432 230 783 425 991 419 103 311 232 706 
17
10 11 12 20 28 46 48 72 120 131 146 152 161 168 179 185 187 
89 84
743 135 354 20 64 400 802 407 509 430 272 606 462 146 383 541 17 184 737 48 759 838 723 389 494 810 571 978 109 583 111 281 336 837 320 83 932 58 872 375 262 447 817 106 179 513 961 329 594 120 298 140 507 166 482 888 721 144 600 934 551 991 201 768 294 886 218 437 418 291 303 909 356 164 638 339 840 353 848 681 411 560 18 519 
19
0 14 21 36 57 79 87 119 129 133 151 153 157 163 167 188 190 196 197 
90 109
59 727 130 798 402 725 558 938 364 865 523 22 899 635 184 26 527 520 204 371 76 410 426 472 138 482 245 766 432 39 266 345 661 754 912 745 34 368 430 114 615 104 657 490 648 470 637 154 321 163 795 415 333 881 388 813 883 645 241 408 755 866 662 1 276 79 179 258 207 4 171 672 682 761 307 280 781 41 673 278 120 910 743 634 950 924 590 511 606 299 800 721 712 879 36 574 73 796 295 769 101 598 9 677 173 674 42 376 406 
26
3 6 15 21 36 41 43 59 62 69 71 75 77 81 91 106 128 136 146 152 168 172 176 196 197 198 
91 39
468 830 751 409 150 466 924 463 648 688 56 537 726 97 12 104 548 447 181 340 999 555 285 157 587 217 994 475 360 228 393 551 709 191 301 829 464 108 959 
19
0 23 31 60 61 66 79 90 120 124 130 145 148 157 165 174 183 189 195 
92 96
197 364 134 777 788 393 59 674 6 417 547 626 960 836 335 599 745 182 717 685 527 93 353 19 414 511 177 438 675 54 291 792 163 795 535 377 614 776 739 818 604 997 229 768 445 682 925 132 800 467 97 799 631 947 552 55 483 149 285 919 585 38 873 157 992 536 277 724 645 693 25 736 5 840 506 339 191 534 407 319 951 47 160 828 995 837 790 404 237 474 629 875 708 927 63 564 
13
13 28 35 65 73 78 99 107 125 145 147 159 162 
93 56
683 288 604 503 108 29 906 980 585 442 126 146 778 352 329 64 323 464 370 825 990 953 110 702 868 942 721 393 504 649 254 883 815 38 690 895 969 414 410 706 159 554 633 480 717 790 365 681 55 292 134 687 223 539 178 397 
18
2 9 17 28 39 47 66 74 84 109 119 120 130 150 169 170 175 181 
94 43
879 393 630 946 556 318 420 975 553 237 790 955 733 575 585 427 123 103 232 824 557 719 739 265 678 520 46 686 291 846 451 487 803 21 983 628 944 278 463 411 670 737 558 
21
0 1 3 21 25 30 31 42 52 64 86 134 135 136 138 139 147 177 187 197 198 
95 42
3 516 298 559 782 71 420 568 235 731 176 603 196 30 201 698 587 193 378 169 599 655 452 847 45 440 542 320 209 288 821 584 321 607 695 142 727 885 811 676 123 837 
21
13 17 19 30 39 46 72 85 99 107 110 121 123 124 126 134 144 145 170 181 194 
96 99
925 460 794 487 385 700 32 674 629 48 517 851 183 398 231 565 157 441 608 775 677 756 598 339 426 165 7 819 449 827 204 37 706 785 390 232 156 953 795 152 737 754 211 843 279 636 10 725 62 878 720 610 351 667 275 405 238 554 520 147 750 801 903 271 455 692 665 810 70 59 296 781 614 698 664 831 354 521 25 960 881 611 778 160 761 423 642 976 334 388 495 100 395 800 466 523 75 798 814 
17
3 20 57 60 67 97 122 124 144 151 157 159 161 172 178 182 188 
97 58
542 843 211 850 455 644 723 309 467 869 158 538 612 759 680 48 51 532 444 365 362 63 396 470 145 360 804 746 820 741 408 19 967 449 473 868 324 176 341 526 703 946 326 195 713 197 434 750 275 196 699 337 452 136 837 442 42 516 
16
7 11 18 20 26 35 49 65 83 96 103 109 125 126 143 177 
98 38
261 990 117 413 154 100 856 66 191 270 85 903 210 289 989 673 572 165 10 47 242 538 709 630 302 460 388 785 162 899 662 263 157 249 407 148 624 431 
18
18 28 43 87 106 113 119 121 132 134 136 141 162 178 180 181 183 194 
99 109
661 327 995 700 341 675 442 609 776 790 456 768 230 71 534 555 221 152 486 478 39 197 43 210 123 457 356 258 969 167 668 232 706 396 870 631 130 599 362 994 46 441 664 506 190 426 593 435 186 678 344 154 783 467 151 546 161 772 219 930 567 804 962 11 329 487 403 719 612 355 910 119 620 383 550 155 527 694 838 753 832 682 752 919 471 137 629 295 643 142 774 273 302 970 891 484 735 196 492 956 622 349 220 888 125 960 573 726 559 
16
36 58 59 81 84 92 95 105 132 153 156 158 191 194 195 198 
100 104
288 455 622 46 838 653 440 774 659 325 492 343 249 82 960 919 742 74 8 511 123 360 527 474 971 637 974 382 66 638 649 491 333 886 219 957 476 397 81 436 672 593 277 768 944 610 546 239 72 794 636 557 522 279 42 696 96 764 283 708 644 730 479 612 779 536 908 551 340 103 656 823 902 58 532 650 645 144 855 253 409 873 539 372 566 232 300 458 535 702 799 966 465 468 318 986 591 758 64 398 341 895 394 481 
14
2 5 13 17 22 29 49 59 75 122 147 166 194 197 
101 38
957 325 60 884 181 773 635 302 115 409 890 304 768 990 361 482 8 324 5 634 408 329 961 749 648 284 165 974 848 787 158 545 44 834 127 285 312 470 
15
3 8 11 20 26 50 69 77 80 86 113 130 132 154 175 
102 81
4 533 138 89 134 301 153 390 517 675 441 836 794 873 615 281 360 355 676 175 130 604 810 444 752 77 709 788 587 156 824 561 279 121 432 950 713 286 954 207 875 559 907 625 959 63 439 272 746 825 294 57 774 440 692 899 565 12 486 964 870 471 173 963 489 501 73 626 195 28 520 186 384 158 488 280 614 100 917 416 532 
16
12 59 60 64 68 71 72 73 82 87 132 135 172 185 192 193 
103 86
172 264 765 158 496 997 894 393 649 745 34 429 133 249 170 3 484 924 371 107 186 146 778 304 445 655 23 80 324 166 842 526 289 350 684 250 724 379 756 835 195 432 400 215 610 470 266 433 735 513 91 592 660 994 283 73 152 389 532 690 505 426 61 140 884 331 169 406 494 679 311 548 586 587 754 461 698 17 518 871 704 490 525 436 629 895 
26
3 24 39 47 57 62 67 69 71 77 80 85 87 97 133 149 157 161 164 167 168 170 178 179 190 193 
104 97
704 597 263 233 567 751 83 146 619 224 817 85 252 456 693 671 3 116 305 822 980 76 73 811 179 602 670 907 760 426 900 15 349 403 492 307 54 133 923 301 581 719 218 588 272 351 551 425 109 277 209 253 728 8 175 836 368 544 210 878 171 242 576 84 418 709 876 598 519 914 979 311 950 115 668 306 974 296 770 326 952 451 244 912 882 381 330 506 172 315 387 595 261 495 328 824 682 
17
1 2 6 10 37 51 70 105 133 138 147 159 163 192 194 195 199 
105 69
91 12 486 245 60 814 925 846 839 506 901 882 466 576 23 132 843 290 121 544 623 292 670 38 117 485 880 653 505 426 31 589 34 951 163 755 422 540 617 57 20 499 536 284 837 446 701 405 72 790 807 515 808 434 820 932 816 500 582 29 567 456 234 423 344 560 830 435 88 
21
8 11 24 27 31 32 74 99 104 107 116 120 130 135 136 138 142 155 173 182 193 
106 83
752 418 221 793 108 198 613 297 475 1 100 179 12 407 593 92 443 610 926 136 114 990 287 784 811 310 705 886 254 304 209 859 24 325 167 29 828 907 979 505 860 392 698 21 856 958 290 527 523 149 650 871 629 963 920 252 241 485 557 891 56 767 299 539 937 228 395 639 138 905 349 177 974 298 772 508 453 818 285 953 509 676 8 
25
4 5 7 22 25 27 33 35 36 37 40 57 81 83 90 98 113 117 123 127 148 150 174 176 190 
107 102
898 257 31 346 702 869 535 91 759 225 392 317 227 895 359 3 883 549 251 418 610 432 875 449 844 370 974 451 767 323 718 165 757 362 46 468 233 193 667 834 475 238 322 917 830 187 503 289 605 897 107 247 647 814 972 419 309 625 95 539 738 842 341 639 806 973 420 641 246 167 482 52 219 552 41 522 21 725 892 576 455 771 603 787 410 299 22 241 557 724 611 999 445 779 612 733 232 469 427 538 854 19 
19
4 11 65 71 73 77 92 95 105 110 114 119 128 137 147 150 170 177 198 
108 73
617 600 761 997 700 226 858 621 9 483 19 945 550 905 826 877 59 388 704 795 5 321 690 103 192 525 30 243 857 936 541 778 339 813 618 223 408 566 11 807 970 896 951 240 449 291 258 443 591 922 121 990 157 531 12 977 827 274 46 125 134 430 94 173 153 232 469 26 421 105 852 62 931 
10
14 19 25 30 54 72 139 167 170 177 
109 75
161 319 477 281 325 9 111 822 661 613 297 929 455 105 261 594 853 239 713 2 160 794 320 536 51 374 848 842 210 131 361 519 620 304 934 381 539 697 110 277 672 445 112 630 235 87 956 66 674 521 114 928 741 188 91 659 422 903 915 292 542 394 631 492 159 273 912 754 195 479 15 726 7 965 728 
14
3 24 27 59 72 81 93 97 111 115 125 156 160 188 
110 39
791 514 277 660 845 812 81 488 692 355 772 145 341 691 365 839 210 147 36 98 112 519 325 436 242 412 508 148 994 46 566 615 351 904 548 663 900 339 670 
17
9 14 21 49 50 52 73 77 95 107 111 113 119 142 160 177 198 
111 86
4 224 780 258 878 923 987 499 803 408 121 42 376 296 824 896 945 979 565 231 897 28 642 958 35 509 501 334 593 796 322 638 633 454 788 946 314 551 418 640 482 325 998 682 845 608 382 193 26 694 458 939 192 860 172 320 895 728 555 331 294 768 651 741 464 559 225 652 837 596 747 381 275 556 232 925 234 902 479 312 782 281 374 866 198 532 
17
2 17 21 46 55 78 109 110 117 120 133 145 150 157 166 194 197 
112 43
942 863 416 79 869 502 557 520 464 686 723 565 861 479 849 138 656 323 134 369 184 147 856 193 230 820 598 551 119 514 352 34 501 185 721 92 748 906 322 288 90 347 14 
15
23 35 42 45 72 117 118 120 126 132 166 173 180 186 197 
113 67
87 403 255 334 650 939 149 702 153 943 311 42 687 292 428 33 32 933 648 727 332 95 204 994 369 843 197 355 926 654 891 410 959 799 298 21 514 329 497 312 91 367 999 29 651 177 547 879 916 573 869 352 746 59 612 875 357 646 172 14 5 84 797 7 636 81 62 
22
11 27 38 41 44 48 55 62 65 74 98 101 106 110 123 125 138 169 172 175 187 196 
114 101
532 851 183 552 576 82 161 727 455 633 960 819 760 681 632 799 330 998 715 548 584 751 435 40 225 531 452 215 926 274 748 432 747 150 916 746 467 72 616 783 449 291 538 168 253 438 995 160 419 156 696 362 994 899 732 296 454 533 849 876 402 145 540 992 186 53 762 604 889 1000 694 545 211 378 152 184 272 105 887 522 777 443 841 173 471 550 185 501 22 911 88 566 487 724 701 69 937 144 311 706 539 
20
38 63 64 76 83 84 107 123 136 137 138 143 153 154 155 163 164 172 186 193 
115 57
263 42 516 68 474 711 237 588 509 351 309 156 235 913 987 197 434 657 262 894 431 510 947 933 634 943 425 536 277 435 139 691 515 654 417 604 517 922 211 32 154 486 723 501 817 462 225 936 636 377 20 652 870 7 481 16 569 
10
0 16 30 46 49 109 143 172 180 196 
116 45
315 558 795 912 583 741 994 567 330 734 127 726 785 864 124 13 846 219 772 247 950 240 610 462 24 843 299 559 68 226 779 592 52 459 301 119 514 673 117 80 212 133 510 984 715 
23
9 12 17 25 40 41 43 52 64 105 118 120 132 142 148 151 154 176 178 186 187 194 199 
117 69
992 755 913 563 323 244 322 869 620 146 213 450 332 411 93 921 210 746 635 115 431 273 670 568 94 242 5 543 708 392 856 976 149 408 223 357 838 833 685 102 892 21 159 111 457 338 116 219 700 34 730 138 454 343 73 927 312 786 342 125 46 640 403 437 595 254 444 207 947 
16
37 50 55 81 86 106 111 112 130 138 142 146 160 171 178 193 
118 66
890 495 42 832 412 5 163 301 672 277 711 79 765 686 247 958 32 214 325 461 303 110 426 858 229 782 387 164 719 548 623 454 217 661 29 125 745 715 885 996 421 737 502 689 600 551 329 207 639 802 723 249 987 434 417 101 657 361 60 139 692 825 233 787 945 629 
14
16 20 21 24 32 43 64 66 77 112 116 151 161 187 
119 72
573 279 674 437 458 606 290 655 346 30 419 788 128 523 942 249 327 392 96 807 763 356 298 594 296 928 284 47 247 563 315 552 236 710 696 961 36 295 14 495 413 302 6 351 432 534 233 715 69 513 591 670 512 87 325 400 950 160 239 757 283 165 244 926 256 635 951 82 627 72 676 44 
29
5 8 9 14 23 26 29 32 40 46 53 54 71 82 86 89 93 98 107 110 126 128 130 149 162 163 170 177 199 
120 83
562 6 340 887 156 788 329 92 122 201 438 90 522 838 138 285 619 212 116 930 298 71 703 150 718 222 463 68 167 697 381 795 557 794 239 757 567 506 172 974 110 189 505 81 916 583 11 512 290 922 682 883 549 771 604 265 528 695 943 706 847 595 817 738 730 99 968 391 892 260 919 418 712 44 378 931 96 914 589 675 508 394 602 
33
6 10 12 14 16 17 28 32 37 40 50 53 70 82 83 88 91 93 105 111 112 116 126 129 138 144 151 158 159 164 174 176 184 
121 106
342 744 76 409 541 778 384 496 634 133 548 74 241 390 568 252 731 269 427 815 565 64 170 248 582 440 774 951 82 53 818 423 265 789 386 307 653 21 135 293 528 449 356 788 669 448 114 351 262 612 375 691 538 879 32 366 144 711 99 806 547 959 906 71 391 684 326 994 254 984 905 559 392 855 354 591 687 511 845 584 991 280 332 165 859 673 989 534 79 413 966 487 931 703 536 986 151 819 108 977 768 294 795 592 395 896 
20
8 14 36 39 46 47 55 66 81 85 95 98 135 136 147 157 161 173 190 194 
122 85
407 330 898 433 633 453 96 807 133 42 516 683 74 11 670 169 232 566 961 171 487 13 92 997 162 329 469 135 875 648 712 545 703 940 323 955 560 876 303 655 154 210 629 37 844 343 331 559 726 243 410 841 173 884 252 652 983 351 67 585 251 91 443 385 218 719 111 946 472 973 578 615 435 749 582 55 389 237 368 869 714 675 605 438 394 
17
2 12 15 18 31 54 62 74 96 100 148 158 160 166 167 172 185 
123 59
70 702 192 821 900 347 268 979 338 183 664 427 109 583 135 61 989 919 445 287 235 629 148 296 343 738 580 950 198 332 771 297 467 144 756 548 378 932 879 186 344 11 854 558 453 105 342 510 273 687 606 132 729 877 759 85 164 480 6 
22
8 15 30 33 50 54 62 63 68 73 79 95 106 113 114 126 130 134 144 152 170 174 
124 61
740 503 165 718 323 482 324 445 67 462 146 936 941 382 856 66 145 607 686 837 60 139 286 730 35 587 180 30 48 333 74 390 427 781 939 358 615 722 331 257 440 729 525 792 678 954 769 377 298 591 665 739 258 416 135 1 317 84 558 854 484 
21
8 28 30 42 47 50 68 74 84 87 91 95 96 130 149 155 158 160 176 181 183 
125 96
427 498 832 423 884 602 666 480 313 431 878 799 481 797 758 334 835 52 608 312 233 790 50 100 416 890 723 62 852 223 381 923 664 841 753 920 952 455 604 771 534 30 504 14 606 369 374 541 120 194 345 702 514 624 587 798 502 185 779 432 933 538 380 46 994 230 783 106 941 635 748 80 69 84 135 863 670 433 38 354 189 967 517 930 453 954 471 667 959 327 160 909 74 816 174 605 
20
12 15 36 56 62 66 75 80 92 97 109 113 129 148 159 161 162 163 170 178 
126 49
655 2 780 403 910 852 378 536 931 896 660 344 502 365 143 375 835 465 29 845 642 276 283 147 730 508 322 268 663 119 645 201 870 290 685 7 71 229 940 57 516 479 869 232 565 48 109 425 899 
20
15 27 37 58 61 82 95 97 112 119 120 123 135 153 159 180 187 188 195 196 
127 109
853 771 604 403 236 608 107 67 253 713 379 422 106 769 101 633 653 152 691 357 848 522 355 520 494 741 30 985 835 333 381 855 144 863 231 784 283 33 981 241 162 650 281 992 585 743 452 294 71 940 105 421 257 573 898 731 63 890 203 675 510 473 631 643 11 248 164 322 796 638 77 447 225 878 377 562 61 196 350 469 399 232 627 6 340 635 516 911 939 70 968 467 540 145 361 528 369 597 263 764 53 545 211 879 641 474 93 260 17 
16
2 10 22 36 74 76 77 106 128 135 147 164 165 177 197 198 
128 75
864 390 446 758 287 208 919 60 376 297 408 882 13 933 614 857 184 105 258 337 443 522 9 167 490 885 95 949 791 848 661 977 5 481 560 241 104 578 749 971 598 672 249 701 667 191 112 161 350 750 491 134 721 221 867 386 53 289 437 844 236 947 725 62 697 224 777 41 673 752 419 650 918 49 681 
16
19 26 31 33 44 55 86 90 107 119 127 140 150 174 176 190 
129 60
207 65 460 195 906 647 884 331 924 687 337 495 211 132 462 171 724 97 389 204 500 202 809 799 165 70 181 892 390 615 901 629 592 851 257 796 944 927 594 405 247 321 136 802 221 774 986 297 903 570 733 151 862 619 303 830 201 82 129 919 
20
8 20 26 31 36 46 69 73 77 80 81 89 120 125 145 168 174 175 186 197 
130 41
521 838 665 433 154 337 4 310 368 526 68 726 346 819 511 178 332 434 856 224 668 736 699 769 240 92 903 324 641 562 710 737 232 317 922 53 527 897 638 796 931 
19
19 39 40 57 62 69 71 82 86 91 93 101 105 117 119 123 124 141 186 
131 98
26 692 358 525 823 656 118 786 759 244 578 539 174 869 427 413 650 98 599 591 78 552 267 75 371 134 544 860 228 478 557 330 567 329 20 261 972 103 345 459 143 380 940 991 363 47 548 770 58 611 690 615 457 216 717 875 463 305 700 672 660 502 689 467 528 361 166 798 482 993 659 447 558 479 84 76 410 173 841 339 50 986 318 713 379 203 537 170 989 959 564 961 293 353 53 653 732 82 
14
6 7 18 23 25 66 76 85 88 143 157 163 183 184 
132 69
688 995 600 284 417 180 812 647 489 568 427 44 81 792 239 488 802 565 723 543 728 807 649 893 979 258 591 887 966 865 504 134 33 603 761 440 124 531 90 423 595 437 79 197 708 313 868 797 593 133 472 546 698 599 589 34 737 774 137 611 748 368 912 772 219 851 582 740 286 
22
6 8 22 26 28 45 49 57 58 81 83 87 98 99 101 102 112 116 144 160 163 169 
133 101
664 359 859 307 808 874 716 687 170 259 22 523 922 254 751 83 918 724 275 442 406 573 90 768 689 452 619 613 491 139 807 412 840 366 897 62 457 432 903 659 166 462 207 444 800 985 150 71 2 410 225 726 802 969 377 271 772 340 999 962 847 513 138 472 129 630 463 283 836 320 162 404 31 532 281 75 865 29 345 679 219 887 246 413 940 272 94 595 686 133 212 45 677 955 244 7 174 783 393 894 820 
19
6 9 10 11 23 43 58 60 71 89 103 104 111 134 145 164 175 180 193 
134 67
587 271 523 707 312 894 183 314 630 695 300 142 917 133 155 715 86 789 654 542 727 490 334 120 712 114 193 28 344 719 87 965 457 161 13 605 644 274 484 958 292 181 461 720 167 641 884 805 395 990 358 452 637 758 920 861 585 555 223 31 975 501 21 835 93 883 409 
27
3 5 16 25 28 44 47 51 54 66 70 76 83 86 94 95 98 123 133 139 141 144 161 185 186 190 192 
135 64
112 981 126 47 837 274 432 827 755 992 202 484 326 793 504 382 364 253 174 806 845 105 475 532 162 538 829 940 43 682 441 330 923 738 479 772 548 437 770 918 178 104 471 656 972 12 199 403 63 655 576 225 745 728 94 410 173 480 605 272 318 986 246 801 
22
8 34 70 74 76 78 94 102 105 121 126 127 136 147 160 162 164 167 168 182 184 197 
136 93
407 878 228 607 454 955 714 380 856 689 11 679 965 130 255 249 644 664 998 840 681 385 69 904 852 351 272 934 786 290 211 906 617 116 999 276 822 488 456 155 945 199 278 594 532 131 842 538 716 901 567 400 494 420 876 247 29 363 437 209 42 358 191 318 727 736 569 599 125 936 893 225 559 814 480 553 474 948 280 35 870 194 660 889 388 746 579 263 15 805 926 206 575 
17
30 53 62 78 80 90 94 98 105 114 121 135 147 158 174 181 197 
137 48
770 605 52 161 234 855 990 279 51 847 699 225 796 241 489 748 859 512 105 943 73 821 661 777 666 814 679 92 803 100 840 616 773 336 183 630 944 75 707 987 321 256 703 71 538 343 571 423 
16
6 9 25 31 64 67 85 107 114 161 165 171 177 184 190 199 
138 41
196 24 419 988 518 717 310 77 151 491 380 158 286 664 109 203 240 795 624 846 74 311 902 823 195 827 383 927 742 448 415 20 441 88 9 562 70 847 21 100 732 
19
2 9 35 44 56 67 74 94 104 105 113 114 117 120 146 161 167 184 198 
139 105
214 483 236 157 658 491 430 791 884 383 58 559 912 171 672 71 360 527 626 187 519 832 753 586 599 98 340 797 34 350 113 831 673 989 278 858 68 274 775 143 220 141 178 78 453 690 804 883 662 504 443 285 577 845 55 435 28 768 917 82 301 635 714 894 180 38 670 520 705 427 591 925 865 52 892 880 828 327 335 223 821 39 247 800 818 484 763 930 210 377 878 127 461 227 313 722 54 449 783 580 422 490 856 21 922 
20
5 12 18 44 49 50 58 77 94 108 134 146 147 151 157 171 177 188 194 196 
140 102
83 312 228 781 816 315 653 469 810 476 251 726 489 805 256 542 41 461 532 518 146 857 363 126 552 846 925 397 767 934 42 279 674 121 3 527 694 349 586 299 132 606 667 341 607 133 212 528 370 602 454 691 784 192 383 39 966 298 930 140 428 762 931 96 412 175 254 608 899 122 517 659 185 560 782 5 882 487 329 327 406 740 735 204 167 88 756 792 124 362 195 985 432 186 593 672 278 445 964 157 825 324 
10
12 13 14 20 43 50 128 172 179 190 
141 99
69 28 339 667 166 629 437 771 753 515 980 901 400 420 134 301 766 605 939 271 373 411 940 688 372 530 135 762 683 817 982 569 235 630 250 645 478 794 603 542 467 546 704 858 23 76 47 750 21 732 33 881 326 561 13 180 661 151 819 401 186 889 345 178 538 872 890 723 556 413 18 857 944 776 291 844 9 641 139 909 501 835 106 440 798 965 649 836 127 775 274 409 647 814 281 518 110 907 406 
17
2 4 9 36 57 61 69 70 76 98 130 134 143 153 184 185 192 
142 49
636 316 869 364 680 48 480 740 108 894 848 201 130 426 648 936 208 837 461 276 313 483 621 969 425 943 692 63 396 200 437 770 590 738 220 32 180 654 730 775 64 222 380 781 818 485 889 704 230 
21
8 17 33 40 44 56 63 72 87 105 110 116 117 156 158 161 163 168 177 190 195 
143 75
600 330 388 72 146 620 366 445 893 577 24 972 176 361 45 124 835 27 264 175 728 952 86 639 937 252 550 76 184 10 214 767 628 312 865 944 57 949 80 370 455 661 171 630 667 494 901 483 723 434 128 239 437 98 969 425 22 947 59 986 354 385 701 601 364 5 818 260 892 223 855 532 125 942 310 
14
26 27 31 40 62 69 79 97 114 115 131 141 178 192 
144 45
527 113 824 550 624 497 813 660 752 572 17 96 996 770 30 104 733 338 279 94 597 834 269 475 1 492 529 648 563 836 362 325 447 77 855 821 81 476 245 430 228 566 487 671 197 
14
46 67 76 95 96 120 123 132 134 156 162 177 180 182 
145 53
159 675 43 963 743 250 645 168 758 413 334 767 135 372 587 217 456 974 153 708 486 323 349 570 52 594 416 890 940 150 713 819 898 696 474 523 918 917 572 720 307 599 430 985 319 872 722 581 373 847 542 226 384 
18
6 9 28 36 37 62 87 91 92 95 111 129 133 151 171 177 184 196 
146 79
773 602 67 23 102 813 901 400 734 985 758 240 118 513 671 174 95 535 851 93 994 674 121 306 918 250 417 824 369 771 916 749 379 300 485 608 423 945 817 501 167 868 175 9 844 510 682 287 944 154 667 983 387 888 308 809 689 215 203 519 612 854 398 64 453 295 91 328 979 412 245 433 934 820 637 303 559 774 941 
19
22 30 34 42 65 75 82 85 88 90 117 138 139 147 159 162 170 172 188 
147 44
539 18 897 107 175 412 303 365 179 31 290 424 572 118 276 767 601 722 11 677 936 232 488 14 168 642 161 852 299 457 470 26 140 219 478 367 446 842 916 960 257 109 559 37 
26
7 27 30 37 46 57 62 65 92 94 100 104 107 121 127 135 136 139 146 158 169 172 176 179 195 199 
148 51
999 920 102 794 720 88 521 114 473 880 66 401 954 623 860 378 415 230 417 697 450 297 112 963 909 690 792 311 538 589 922 626 700 39 816 849 803 515 120 682 630 946 867 938 897 818 976 585 247 578 610 
20
2 22 27 37 43 63 67 74 80 91 106 116 122 125 164 165 172 180 184 196 
149 103
490 323 9 677 943 719 552 561 242 576 75 105 737 294 57 807 831 581 915 186 687 660 827 114 198 906 195 669 992 157 644 91 756 349 778 433 211 843 849 368 52 244 249 82 3 785 521 455 42 79 711 634 713 555 668 273 264 932 229 908 369 35 870 500 184 443 111 631 297 965 983 649 148 925 372 56 426 259 787 744 76 476 810 226 781 982 608 116 450 283 389 468 881 380 320 715 772 382 434 935 698 261 359 
19
15 30 34 45 46 60 74 76 83 103 119 124 159 169 172 175 180 189 199 
150 102
966 9 808 474 871 984 149 391 305 138 566 293 59 308 66 901 400 848 180 681 414 247 19 353 868 394 684 763 906 116 192 587 234 708 76 637 711 553 876 661 867 272 588 300 63 445 690 58 579 125 222 444 948 280 991 833 811 919 418 672 820 188 109 635 495 662 161 191 72 290 123 597 47 442 943 269 427 528 674 841 920 601 434 570 881 547 830 496 970 390 557 952 812 478 979 473 139 989 506 673 519 884 
18
9 15 44 46 49 61 74 75 78 93 106 107 111 128 170 174 186 190 
151 91
703 133 869 180 443 777 97 991 389 723 853 519 913 822 911 200 358 692 590 775 617 149 623 456 140 693 510 362 125 93 682 524 80 952 557 794 977 187 108 718 560 446 666 452 225 708 40 717 215 716 889 959 713 175 730 954 286 602 128 644 297 631 53 856 646 145 664 497 329 278 955 120 820 662 829 161 570 904 403 743 75 999 164 665 430 931 174 806 972 704 151 
21
5 17 25 34 45 52 54 61 73 85 89 96 116 118 120 139 145 154 173 183 187 
152 96
959 781 447 255 422 596 262 283 552 534 929 341 508 815 160 713 61 374 137 638 636 4 332 1 936 644 91 317 150 890 653 667 597 430 272 419 659 510 677 343 975 807 175 622 780 464 437 938 503 812 598 97 37 827 38 706 558 84 716 524 357 246 512 846 365 303 721 563 958 760 92 214 882 724 720 553 230 841 24 525 217 748 247 915 581 28 618 221 741 208 41 709 727 393 683 516 
15
5 29 46 57 63 67 68 74 85 88 90 123 156 161 199 
153 87
713 156 490 757 590 840 211 581 978 930 140 614 197 987 914 203 684 411 912 394 899 732 29 177 19 857 22 207 133 254 412 965 397 76 778 945 637 716 874 14 830 162 83 479 813 887 664 938 815 894 75 508 155 990 595 94 173 15 850 669 168 575 408 255 422 91 170 424 257 20 431 361 528 194 957 446 138 232 821 500 667 952 117 618 33 439 773 
12
5 9 13 31 56 89 99 114 126 141 155 179 
154 102
643 935 287 120 481 684 987 653 319 152 596 189 126 257 691 357 849 377 711 69 241 371 678 511 353 398 477 700 373 656 340 741 109 304 388 862 36 18 853 352 713 634 458 283 784 113 957 514 786 479 637 553 245 719 8 568 252 94 333 192 526 531 364 882 462 796 875 341 657 598 413 650 571 313 699 866 868 372 846 345 29 654 153 311 680 12 466 132 290 832 836 1 822 247 446 495 102 892 326 660 694 444 
15
5 17 23 37 68 73 101 114 116 151 160 169 172 175 199 
155 88
983 261 951 784 514 347 356 424 90 510 352 589 88 966 799 763 842 324 87 456 912 438 169 485 327 633 570 412 486 802 375 68 548 739 186 127 917 285 638 331 553 35 743 822 543 96 931 932 537 370 73 45 499 93 981 270 701 33 322 823 952 284 179 549 462 894 393 843 676 446 279 129 50 945 699 866 201 869 34 86 733 188 624 308 362 645 133 634 
13
2 34 47 63 76 105 114 124 153 157 183 186 188 
156 40
945 799 404 687 132 712 746 724 487 679 479 812 862 462 225 361 472 691 974 160 204 93 644 718 289 602 592 726 60 386 902 776 223 809 424 609 78 288 525 446 
17
10 11 24 27 40 47 54 75 76 86 99 109 142 144 152 177 188 
157 90
119 954 42 247 581 298 856 522 987 513 594 972 334 18 1000 506 210 878 957 359 495 337 100 267 741 28 942 474 79 718 379 33 270 902 947 78 930 964 569 16 405 796 480 164 370 528 494 542 226 393 485 90 127 759 364 478 241 330 920 754 86 253 587 34 324 719 220 141 944 312 222 302 803 189 816 342 676 457 123 783 950 35 703 520 705 872 396 589 571 738 
25
0 5 8 16 17 21 45 47 54 78 84 89 91 96 103 111 121 131 139 155 170 172 181 194 195 
158 66
152 972 814 103 269 980 637 721 879 288 446 61 335 651 426 611 128 91 723 720 641 421 342 860 376 218 844 607 57 373 890 508 587 568 750 852 815 260 954 909 354 616 320 949 549 985 507 766 82 836 436 910 392 834 810 336 250 226 937 285 127 680 35 674 516 437 
16
13 24 29 57 70 81 99 120 122 124 136 142 147 171 182 187 
159 96
156 527 564 265 120 238 71 739 475 926 759 288 51 552 295 25 415 853 616 379 86 481 299 339 174 806 838 729 650 465 307 702 613 534 297 781 280 122 726 20 50 181 682 856 703 813 312 285 786 571 905 313 489 155 537 871 10 164 85 460 934 539 254 588 440 400 770 876 375 612 64 775 951 617 422 862 270 850 349 900 399 241 139 473 746 78 883 805 304 778 30 363 442 275 403 13 
22
16 21 22 29 34 43 47 73 80 85 92 96 104 120 125 126 146 149 165 181 190 194 
160 83
545 929 428 215 676 457 694 536 472 127 285 759 991 321 103 84 251 93 89 800 132 448 711 201 368 289 664 18 30 414 335 431 668 540 233 32 700 226 779 877 948 447 113 954 286 61 653 337 188 21 222 617 629 238 642 475 403 904 239 573 105 253 429 95 315 947 654 362 10 678 50 722 673 328 829 29 898 402 223 679 300 886 13 
20
2 52 61 69 80 83 85 109 110 117 122 124 132 135 154 165 175 185 194 195 
161 87
582 826 325 370 968 711 774 945 866 47 758 935 461 729 347 23 547 333 807 728 895 7 718 448 17 685 399 794 575 259 723 644 16 373 136 689 73 741 963 884 186 28 33 207 9 564 11 191 24 269 901 70 482 87 617 250 528 27 915 757 360 493 364 197 671 401 6 164 117 38 455 789 913 78 719 552 919 998 958 800 965 130 604 274 702 34 950 
16
49 55 73 79 88 96 103 118 121 125 134 137 138 142 152 180 
162 61
751 792 105 253 174 727 676 47 284 521 322 638 717 636 162 557 629 108 424 898 167 278 358 403 719 900 655 617 897 659 141 716 665 297 408 178 652 848 811 355 614 651 417 654 575 842 828 756 761 782 387 350 849 928 3 132 843 647 425 134 292 
15
2 55 57 72 73 80 85 92 98 119 125 135 144 146 199 
163 65
221 191 33 71 466 229 869 632 395 348 359 909 988 952 397 713 740 723 400 913 876 639 864 971 260 655 614 719 682 784 608 343 575 762 347 620 67 696 917 510 66 866 566 788 307 958 641 412 103 498 578 870 648 944 75 60 297 768 847 926 223 299 188 810 257 
23
0 16 30 37 41 51 52 53 61 62 66 76 89 104 114 119 125 131 132 142 167 176 182 
164 83
353 687 5 634 458 489 410 94 173 876 53 132 844 212 989 752 477 951 635 714 327 169 381 832 753 972 257 415 490 332 786 457 754 912 996 108 406 740 20 187 224 892 986 851 74 550 803 436 770 464 960 407 723 55 664 281 286 417 83 952 289 52 870 1 10 678 200 701 367 430 955 788 278 946 51 552 738 982 203 608 775 158 492 
18
0 38 47 51 60 61 68 82 103 114 120 127 133 135 148 180 182 185 
165 57
812 22 11 327 169 196 731 336 215 868 165 594 41 199 890 416 817 538 380 24 904 697 410 516 266 636 488 119 45 914 287 457 346 191 450 671 69 146 67 900 974 210 221 517 850 80 554 238 145 71 599 125 869 888 837 321 874 
18
7 12 14 16 19 27 61 63 77 87 91 127 137 148 159 160 185 189 
166 107
143 629 546 247 581 602 268 366 32 524 23 858 403 69 29 513 12 118 452 331 991 156 323 210 206 373 548 381 715 123 597 802 13 588 738 659 28 201 630 393 889 731 698 611 93 646 648 412 634 784 73 821 663 192 587 417 259 22 402 6 948 692 120 436 536 425 583 662 777 610 768 219 224 892 337 352 580 747 774 591 354 687 613 780 543 227 545 211 53 721 177 642 809 814 419 994 608 441 88 124 121 934 804 637 108 442 916 
17
6 33 40 49 51 52 60 76 100 111 112 122 171 175 185 192 193 
167 80
328 829 657 894 438 745 675 508 893 709 630 457 852 378 408 929 744 863 389 722 959 880 401 954 710 394 473 663 921 350 684 804 330 27 185 817 563 247 987 655 321 962 795 200 437 206 285 22 64 607 199 700 667 703 782 682 847 99 767 143 477 82 416 95 344 267 828 160 900 65 232 562 391 190 424 827 210 544 382 383 
19
6 23 30 38 54 69 73 84 85 87 89 103 108 122 135 138 163 177 180 
168 44
467 463 937 409 767 509 739 412 424 831 54 757 994 758 389 748 822 411 966 527 132 761 986 354 987 103 814 851 525 895 414 280 359 294 202 913 992 141 299 982 495 638 717 236 
15
14 26 41 70 77 78 88 90 103 129 135 142 187 193 195 
169 79
589 520 204 678 86 508 7 354 521 363 316 395 553 457 791 495 846 451 925 154 488 725 453 848 690 374 466 792 296 394 78 579 263 590 70 343 528 676 248 741 583 83 140 621 779 806 897 91 735 920 999 832 39 110 744 932 886 807 564 230 941 172 506 231 547 193 460 771 545 211 208 390 399 232 914 489 452 362 696 
14
13 24 33 34 54 93 113 132 147 149 154 179 184 186 
170 69
882 13 956 877 403 457 922 474 168 405 879 41 576 806 399 320 873 954 322 559 382 595 77 533 63 468 310 135 530 662 847 442 146 51 845 84 795 518 481 751 344 440 45 317 754 438 833 646 572 68 779 889 776 665 133 34 271 690 506 802 728 11 406 485 88 878 582 208 157 
20
4 28 33 36 42 55 93 95 103 107 108 119 123 125 146 150 157 195 198 199 
171 94
628 617 600 880 45 546 851 956 405 760 259 114 949 281 568 67 32 454 691 935 303 641 404 95 412 96 886 605 469 93 14 347 367 999 762 989 396 581 148 464 437 688 836 44 510 668 993 277 773 141 304 225 239 72 467 393 575 76 511 850 336 889 54 520 854 775 143 644 632 711 395 553 833 838 591 424 630 129 63 301 468 770 436 102 418 576 973 328 161 872 240 814 179 539 
18
2 5 11 23 25 28 43 63 65 78 117 137 139 145 158 166 192 194 
172 69
457 576 390 686 370 781 307 966 887 928 937 715 530 451 435 514 961 250 171 999 604 843 922 369 25 815 654 417 733 891 807 269 936 229 81 599 517 526 368 240 793 216 401 443 522 760 964 355 772 400 10 705 626 34 552 394 889 902 747 115 273 189 663 505 584 862 828 196 749 
25
4 7 15 17 42 62 84 90 96 102 113 114 115 122 140 146 147 148 149 154 157 173 175 184 186 
173 49
311 615 141 420 6 322 370 333 897 416 565 249 301 79 708 841 132 724 92 431 804 172 592 357 278 315 564 929 52 511 770 978 489 873 557 701 257 494 667 704 229 340 853 932 892 655 214 529 665 
17
15 19 31 40 50 71 73 86 105 112 121 151 172 176 194 196 199 
174 47
69 396 650 887 347 70 736 183 177 954 480 936 233 313 915 804 867 682 909 594 668 39 611 722 429 22 217 519 418 23 610 446 762 51 479 960 675 9 489 896 845 290 1000 763 842 324 863 
23
0 7 27 29 49 60 66 69 70 73 74 82 91 106 120 123 128 129 136 150 179 180 184 
175 51
229 486 807 570 765 291 923 693 549 367 683 497 181 457 943 822 794 685 897 731 304 620 858 542 292 749 275 173 677 58 168 89 888 618 500 26 588 35 442 516 109 596 744 640 166 195 824 429 587 217 928 
21
21 32 38 39 40 58 71 73 78 85 93 101 113 129 133 149 154 160 166 172 190 
176 45
843 844 54 134 845 493 752 600 650 495 643 612 204 389 670 855 226 396 617 48 640 1000 32 439 207 894 191 333 17 891 225 699 710 118 268 803 13 645 164 792 508 841 603 524 287 
25
2 17 25 30 32 36 44 57 60 66 71 74 81 82 87 90 106 116 120 124 128 147 163 173 178 
177 78
947 157 62 485 470 391 944 365 476 792 81 251 732 653 574 192 113 508 636 833 912 537 853 290 697 302 528 935 856 793 838 996 206 364 135 92 408 788 630 77 492 335 717 431 859 384 700 970 496 163 292 440 466 614 228 876 348 506 26 633 104 474 152 863 491 490 332 295 591 339 576 143 854 404 720 131 390 864 
25
9 32 44 45 54 73 94 97 107 108 110 119 127 137 139 142 144 145 156 167 178 183 188 192 196 
178 50
768 136 209 280 754 22 109 346 405 257 336 99 824 350 827 753 344 40 151 299 869 980 48 996 571 246 670 925 245 973 578 250 157 526 866 422 746 80 850 184 974 742 594 831 199 865 606 251 21 969 
17
23 32 46 62 80 87 96 98 103 116 117 125 143 176 177 180 182 
179 70
95 569 148 306 421 500 698 994 396 712 536 327 401 164 767 138 612 192 848 216 763 605 210 29 436 318 713 871 459 15 644 565 422 758 18 467 282 428 550 277 435 731 608 335 228 517 681 834 235 827 152 707 470 194 576 971 330 567 51 670 828 83 636 247 67 30 355 276 861 545 
27
1 8 13 17 24 35 36 37 44 45 47 49 55 57 62 64 69 76 88 103 140 147 153 169 174 185 199 
180 48
56 561 956 74 666 933 775 538 381 144 499 299 78 868 720 385 251 769 349 862 72 257 123 681 49 678 610 433 329 322 6 139 850 628 342 416 738 975 50 858 397 619 353 182 261 39 630 872 
22
10 17 29 33 40 41 47 51 98 112 115 126 133 144 148 149 161 164 167 174 178 190 
181 45
974 639 323 138 691 40 277 967 335 145 326 104 818 70 848 374 690 320 468 350 868 68 808 103 449 910 219 614 15 829 977 712 367 446 994 583 242 924 766 964 174 600 304 6 983 
17
6 12 25 42 58 59 73 81 93 95 98 124 136 157 159 182 188 
182 96
945 290 457 754 312 646 884 216 138 454 346 12 841 762 891 724 22 41 617 644 229 387 888 558 23 78 473 640 324 256 89 10 495 380 881 213 737 113 192 389 232 552 218 514 776 302 480 364 206 522 910 831 893 413 966 317 475 872 599 125 427 585 593 92 460 961 186 581 986 839 505 268 193 859 561 227 711 452 600 205 183 455 121 753 834 482 649 949 615 184 852 564 898 63 932 431 
22
0 18 20 23 24 35 54 58 59 61 96 105 135 144 158 163 164 178 181 184 187 195 
183 57
119 221 815 341 803 727 253 615 978 608 292 450 529 481 953 67 383 305 271 274 52 164 534 176 571 362 633 786 530 688 984 998 659 995 363 418 825 282 168 364 179 87 81 2 705 270 981 833 280 58 465 513 32 454 200 143 459 
17
2 17 23 29 42 47 53 61 77 91 98 124 131 151 155 177 189 
184 79
350 647 480 48 613 786 195 921 1000 289 342 97 18 59 770 281 507 167 404 653 890 505 244 912 300 251 206 39 104 934 566 65 626 408 909 40 664 910 409 743 631 130 907 658 491 818 423 791 703 870 238 440 847 326 400 29 363 380 231 64 212 286 234 735 85 920 419 24 177 976 809 719 421 87 372 214 761 200 2 
24
8 23 33 34 46 55 59 72 78 120 131 135 137 138 141 145 148 169 172 174 182 186 190 194 
185 100
643 810 977 533 37 705 523 921 143 55 892 629 796 489 806 727 393 560 367 920 154 915 665 349 744 911 437 119 277 962 89 10 721 198 866 323 402 340 969 653 100 672 505 785 382 975 861 661 424 942 186 181 849 537 574 240 3 116 914 598 929 139 833 12 124 291 834 427 612 111 290 132 442 479 242 905 571 887 460 983 858 860 465 281 615 208 689 610 78 218 552 285 875 902 735 401 830 496 891 557 
20
22 28 33 52 53 55 63 66 88 102 122 134 141 160 164 165 166 179 186 188 
186 109
435 589 418 426 714 556 427 93 526 958 624 879 563 639 445 612 366 856 755 87 518 132 466 982 948 316 915 283 784 849 833 475 1 300 848 532 182 498 164 446 51 724 775 519 124 361 142 643 384 420 235 96 728 266 345 387 949 782 796 128 313 471 671 197 644 89 933 432 469 136 431 357 41 841 674 103 437 568 94 829 996 941 230 543 710 200 868 863 231 899 425 330 622 956 166 324 992 586 986 417 496 242 558 298 966 993 492 702 517 
27
1 11 14 17 23 24 26 36 49 51 52 64 71 80 112 114 116 129 130 134 150 155 169 172 184 185 194 
187 105
552 388 938 149 731 230 380 446 999 407 921 326 159 836 669 80 34 160 995 634 122 280 428 595 26 105 165 402 474 844 281 834 482 8 509 250 961 803 92 266 108 85 322 841 404 172 959 774 258 264 747 246 580 686 352 853 185 951 766 544 421 698 95 75 576 23 839 153 893 814 403 570 17 202 536 263 931 57 946 244 77 551 835 993 541 504 188 978 138 770 989 56 882 214 900 189 693 25 104 815 208 888 967 800 633 
18
0 1 4 27 37 49 70 84 88 94 113 116 118 126 151 158 168 182 
188 85
23 551 126 485 248 749 532 458 939 905 70 860 656 577 340 690 22 954 707 245 482 403 935 303 425 346 899 527 157 395 790 765 133 488 996 127 700 479 994 43 907 882 566 902 586 976 706 302 803 469 17 535 742 845 334 255 510 176 15 272 106 120 454 7 468 832 60 602 743 183 894 502 335 1 572 238 353 854 53 220 947 446 596 930 429 
23
0 5 15 23 29 35 44 48 56 68 89 96 109 126 139 146 155 156 177 181 185 198 199 
189 62
20 494 257 951 63 616 932 695 200 643 722 828 749 387 835 203 144 987 478 241 97 846 688 925 957 663 841 360 800 929 78 740 244 540 318 410 854 40 648 809 826 500 974 896 761 428 166 917 732 409 113 444 760 6 85 272 864 627 249 960 849 294 
13
1 7 19 25 49 75 91 149 165 183 193 194 197 
190 61
418 143 222 338 654 259 970 62 694 691 928 237 83 97 245 877 265 818 6 542 914 693 567 409 577 78 174 411 253 697 364 649 491 726 783 106 667 235 788 359 912 317 179 21 895 7 436 663 922 29 187 927 453 901 111 407 249 903 429 651 762 
26
4 20 40 48 55 60 74 81 89 103 106 121 128 134 137 140 142 150 159 175 180 184 191 192 198 199 
191 78
880 846 920 446 209 104 262 226 700 147 633 870 605 726 805 410 301 5 871 397 76 155 742 619 382 777 47 521 600 284 343 776 765 728 524 129 228 860 849 35 914 45 55 907 641 167 632 678 125 362 179 882 978 206 549 154 391 798 184 306 340 673 229 365 402 168 122 793 82 162 241 478 903 113 232 627 153 137 
9
4 11 38 41 69 77 99 190 197 
192 102
537 36 751 918 646 205 424 681 180 359 860 25 887 255 227 924 423 687 989 822 329 218 391 62 220 829 264 817 696 64 490 16 971 181 497 705 532 216 236 551 625 144 141 976 475 870 1 197 364 512 354 176 729 787 234 940 103 814 577 878 859 265 599 524 666 282 474 140 772 713 555 615 281 290 123 133 947 279 779 914 79 747 451 573 852 351 588 983 333 253 587 86 603 436 935 477 82 468 635 805 155 489 
19
4 8 18 35 38 41 69 79 102 104 134 141 143 166 171 177 190 193 196 
193 76
108 335 149 797 244 353 827 255 334 624 387 351 983 904 746 588 430 542 246 838 680 60 376 175 886 491 17 974 301 696 745 113 554 770 643 608 292 529 389 543 439 788 505 140 61 362 283 434 276 251 725 470 401 631 971 194 415 670 897 818 843 290 448 259 580 839 309 457 136 531 52 302 563 879 8 324 
16
10 18 31 69 83 87 102 103 105 114 117 133 166 168 189 192 
194 51
11 818 213 292 493 651 64 318 713 208 366 972 419 898 341 550 777 624 703 444 692 137 362 858 257 254 412 718 829 902 191 931 487 373 501 659 205 363 585 506 980 905 36 663 666 192 34 887 255 193 8 
24
3 31 35 41 50 62 95 98 99 100 104 111 116 121 139 157 159 160 171 173 184 186 189 199 
195 62
361 677 428 977 231 73 705 669 378 256 772 550 471 587 122 714 460 682 840 224 2 812 886 444 602 523 454 384 593 356 23 726 578 467 557 952 901 272 642 308 7 857 968 946 470 174 137 400 992 802 328 562 799 474 711 421 895 579 845 327 488 962 
23
2 26 27 32 46 52 54 59 65 75 78 86 91 99 104 126 142 147 157 160 168 170 182 
196 99
121 582 813 646 624 750 82 109 526 192 151 857 67 73 240 152 653 820 534 701 837 182 569 375 449 751 277 696 529 85 299 536 117 591 907 13 948 237 817 316 578 476 361 718 89 168 403 482 12 723 96 942 428 722 880 926 294 552 947 157 478 873 320 821 496 518 612 111 125 793 951 303 470 865 895 167 957 878 357 594 209 932 63 170 838 935 601 76 527 875 207 602 767 352 589 370 36 302 272 
17
44 59 63 71 72 81 89 90 113 115 126 139 145 148 173 177 192 
197 56
707 786 279 1 554 368 732 811 21 969 430 272 202 676 357 673 213 845 361 169 809 930 692 764 69 306 553 869 158 221 150 163 382 599 678 397 434 249 788 270 899 669 679 411 490 370 133 326 459 64 222 696 670 907 759 532 
28
3 12 13 17 23 26 38 39 58 60 67 71 77 78 82 85 89 90 94 100 111 112 127 129 135 136 189 191 
198 71
695 616 421 816 865 67 104 578 499 973 262 619 698 461 506 644 407 909 452 637 479 748 482 719 324 889 257 488 646 7 323 758 521 721 563 350 609 423 349 941 275 460 855 22 464 443 548 971 268 80 6 709 199 439 167 473 687 845 216 535 61 765 256 493 182 419 79 42 911 143 222 
21
3 6 32 57 61 62 64 67 77 83 85 90 94 99 107 110 127 138 170 188 190 
199 65
598 455 751 514 151 625 309 845 924 371 824 713 476 386 875 796 638 150 39 244 560 836 432 30 778 472 156 97 509 731 135 801 78 952 4 448 191 601 675 992 404 774 740 491 576 378 589 273 532 421 884 93 199 278 628 554 563 721 708 550 763 131 490 332 16 
24
3 7 30 48 56 60 62 67 68 104 116 119 137 147 149 152 154 162 170 173 179 188 190 194 
