200 1000
85 24 76 43 34 51 76 20 41 19 78 98 39 35 82 67 4 34 91 18 
94 67 30 14 73 87 41 10 19 22 91 56 45 18 50 78 69 25 97 61 
95 26 58 85 12 92 51 67 77 93 85 22 60 66 35 84 4 27 94 75 
48 36 30 45 54 79 74 74 55 23 34 49 48 43 86 12 34 36 78 62 
81 14 84 40 80 70 75 83 97 20 57 96 56 38 92 61 68 66 86 22 
88 19 23 87 13 8 50 47 95 28 60 75 41 95 66 72 65 93 7 13 
12 15 8 19 53 100 31 20 17 16 94 4 34 68 42 99 27 92 45 21 
19 56 48 11 51 65 35 15 57 41 79 21 55 38 39 59 37 22 79 5 
37 24 60 23 91 2 21 17 93 17 89 11 72 88 73 74 53 59 40 61 
99 18 33 6 56 24 64 44 45 94 49 81 69 8 55 59 9 75 27 1 
91 16 63 15 3 88 88 7 46 80 20 97 97 52 2 52 75 17 48 19 
63 48 100 31 55 54 42 16 81 68 68 23 35 83 37 90 22 77 96 67 
8 15 15 4 67 68 8 41 85 55 12 99 2 63 29 8 16 70 75 48 
90 43 71 24 77 59 65 98 87 61 16 94 27 31 98 45 50 57 38 86 
63 49 84 16 11 13 23 78 34 50 26 23 92 48 99 20 6 63 17 45 
75 84 38 54 66 87 98 16 95 87 1 57 87 85 72 97 49 47 27 82 
96 4 57 39 51 7 58 8 69 26 4 96 9 42 49 27 80 98 42 75 
37 94 83 23 78 55 20 78 53 98 12 48 1 20 38 3 26 95 62 46 
20 66 93 80 59 41 6 38 91 99 64 27 93 99 49 22 5 20 100 57 
17 63 56 69 82 93 23 7 87 85 4 58 2 97 89 60 89 47 49 79 
45 13 5 37 11 6 11 15 77 62 23 46 24 78 14 5 70 89 63 8 
73 66 17 74 62 57 85 3 3 33 81 100 97 38 88 59 95 98 25 71 
59 47 16 34 24 30 38 45 18 52 4 42 18 72 67 31 81 51 33 83 
83 66 82 80 55 70 38 49 19 15 19 30 61 35 63 37 16 1 33 85 
52 89 26 21 60 44 4 92 94 88 75 28 53 8 59 59 29 49 7 100 
63 26 29 75 60 91 11 27 43 44 11 47 84 88 67 95 31 22 87 76 
10 13 55 14 20 66 73 1 14 31 100 28 56 28 2 67 70 65 93 13 
8 3 59 91 42 77 85 72 99 23 99 60 35 54 25 55 19 97 7 84 
28 6 11 35 85 64 2 6 28 46 18 87 1 76 29 42 53 66 66 3 
88 64 62 23 69 86 29 39 35 35 22 14 92 84 100 28 100 53 33 27 
99 3 14 99 78 94 40 82 59 57 36 47 21 49 21 89 87 49 28 21 
35 1 86 78 85 85 5 84 38 89 62 88 91 27 38 21 21 29 54 79 
86 90 77 6 90 97 46 76 97 25 96 31 26 33 60 62 70 64 97 59 
5 58 46 47 37 83 67 57 11 73 87 48 14 64 53 3 12 51 79 9 
75 26 91 52 59 51 13 28 66 61 38 22 71 83 69 7 17 87 63 79 
59 49 27 72 64 31 75 28 81 5 88 8 30 78 59 40 80 24 19 98 
84 56 19 54 90 87 60 6 74 74 37 84 75 15 8 90 45 34 17 78 
38 4 85 67 34 95 59 13 18 77 10 54 33 81 59 22 67 71 80 92 
44 68 76 70 82 83 60 78 16 28 55 5 84 91 23 17 86 81 81 3 
58 43 8 90 23 67 63 89 37 94 33 32 61 8 2 42 42 13 20 9 
92 26 13 75 17 35 91 2 68 72 56 25 66 64 66 88 82 28 76 18 
22 8 1 34 67 54 28 60 18 47 20 10 24 32 84 40 19 27 41 86 
50 49 62 15 12 27 2 45 54 29 62 27 37 14 13 55 68 40 67 85 
86 86 94 61 70 30 1 88 56 41 25 5 89 86 19 52 64 72 96 69 
100 9 96 88 23 8 95 42 99 61 78 36 46 24 96 15 53 96 54 60 
89 30 16 29 67 34 81 30 57 28 99 56 89 46 44 63 5 38 4 3 
50 33 38 95 56 33 62 60 29 67 19 69 97 34 97 63 19 29 93 75 
57 43 31 97 88 26 59 92 15 14 94 64 46 83 10 2 15 71 61 95 
38 32 63 86 65 12 48 84 40 92 10 48 34 92 44 21 17 2 64 83 
67 57 46 13 39 8 66 6 78 78 52 67 9 15 4 74 78 52 9 17 

0 56
547 707 94 884 852 615 128 938 872 714 895 184 521 109 660 265 101 812 496 217 676 158 661 898 703 814 896 2 318 725 874 763 960 247 617 508 920 841 35 746 487 361 847 768 225 650 478 418 381 480 164 212 54 844 511 810 
14
10 15 16 17 57 60 64 84 85 87 133 140 152 176 
1 74
733 496 565 860 386 977 187 614 983 193 143 589 999 567 492 652 615 356 950 942 350 202 123 673 265 976 28 665 270 88 847 144 302 978 4 485 633 791 653 464 168 945 60 304 678 63 359 980 578 499 605 235 886 16 323 619 767 102 953 761 612 454 686 528 967 414 927 779 527 354 749 601 205 363 
15
12 21 39 77 97 109 111 113 127 133 138 142 143 168 191 
2 39
617 200 556 604 663 900 520 964 883 32 649 353 555 888 18 466 873 652 47 363 305 621 384 458 616 929 633 487 783 640 894 973 993 551 867 447 747 184 778 
18
5 9 12 16 21 27 31 45 48 80 83 100 105 122 128 141 183 193 
3 104
87 239 304 872 204 705 586 970 882 941 491 324 387 876 670 630 852 935 601 434 983 42 990 155 585 822 427 950 871 634 476 81 506 5 637 163 684 183 921 52 131 995 124 993 158 79 141 475 697 377 61 456 572 113 982 557 873 727 95 496 836 599 545 593 811 495 337 288 295 902 215 57 410 188 305 688 945 392 821 189 206 39 134 529 55 785 912 657 991 334 167 361 695 565 342 974 306 751 918 909 74 408 678 344 
19
10 42 51 59 61 77 86 93 94 98 108 128 137 141 150 152 174 184 194 
4 39
180 812 655 583 65 934 146 368 194 984 641 858 784 155 665 14 172 327 793 159 344 847 373 86 7 955 802 888 444 681 6 433 591 907 598 45 690 769 461 
15
5 7 46 49 55 62 69 79 84 94 108 121 132 145 186 
5 101
131 632 333 728 394 616 783 572 610 109 139 104 258 681 444 93 307 708 670 2 117 502 335 624 757 202 676 994 326 770 603 50 854 459 34 702 348 92 171 144 223 810 389 980 312 285 786 941 948 149 316 229 62 987 829 671 750 453 490 991 279 350 851 340 37 726 814 647 805 691 23 655 339 719 579 246 167 135 936 529 825 983 649 606 463 909 401 577 243 365 31 481 560 332 165 656 823 995 496 407 741 
20
2 4 6 8 18 19 27 39 44 52 95 113 115 130 159 165 176 178 193 197 
6 67
136 373 847 841 683 499 874 716 581 976 220 141 627 311 706 785 232 760 336 731 968 340 377 44 518 239 306 119 633 374 690 631 187 779 937 343 565 60 910 599 361 289 607 837 126 961 882 933 156 302 223 963 445 465 981 902 806 991 31 584 429 982 437 595 327 564 626 
22
5 10 12 23 27 28 34 36 38 40 41 42 87 89 94 127 143 147 150 171 183 191 
7 79
255 457 773 378 531 145 66 507 270 988 751 344 788 482 403 244 401 384 800 758 55 622 121 861 91 572 593 927 785 138 716 808 18 989 154 452 786 179 416 803 388 546 580 51 31 347 833 666 406 740 498 157 895 394 430 398 319 616 264 932 163 664 775 905 273 343 510 843 399 298 131 52 517 851 684 104 605 22 725 
23
4 8 10 19 23 38 40 41 47 49 60 61 64 70 86 106 116 150 165 166 167 172 184 
8 69
981 902 722 997 602 678 228 465 623 588 995 363 600 837 758 597 44 486 979 216 734 41 707 411 253 929 850 385 946 393 867 330 177 922 454 666 323 816 687 829 466 387 443 18 462 129 795 180 920 62 305 747 322 394 469 864 237 790 494 945 122 344 696 844 13 329 250 851 930 
23
5 7 9 17 21 47 59 61 73 75 79 82 88 119 130 131 146 152 158 161 165 179 193 
9 59
474 532 611 453 481 333 175 254 478 847 435 988 830 277 757 946 761 950 792 89 168 563 999 407 622 173 646 935 680 864 684 832 106 772 449 866 708 645 475 142 315 569 490 411 744 228 430 504 578 657 383 620 497 813 493 974 849 612 533 
27
2 8 18 19 25 29 37 47 51 62 63 90 94 96 111 115 121 135 136 141 142 143 149 150 156 192 199 
10 67
396 159 731 178 572 651 54 449 800 405 777 111 980 901 222 459 663 742 79 705 547 520 59 691 770 586 112 172 579 658 978 561 571 756 124 309 182 450 845 885 253 555 318 689 378 480 750 755 200 422 752 616 353 945 115 113 154 786 788 667 400 622 807 502 169 206 576 
21
0 3 6 7 16 23 28 44 47 56 68 76 94 100 125 129 142 144 154 168 181 
11 54
290 448 764 745 508 424 548 437 990 158 240 163 274 988 40 614 175 362 788 640 217 883 962 407 370 383 944 500 964 446 280 675 268 80 840 914 801 668 431 878 343 580 28 744 337 218 494 810 309 783 230 743 38 23 
19
15 25 34 42 59 69 103 104 105 106 107 122 123 139 141 152 159 161 195 
12 114
200 837 969 615 711 777 109 394 44 889 54 555 221 786 334 243 455 121 213 881 153 487 548 348 515 14 867 472 138 393 558 892 502 1 841 130 135 56 609 618 65 460 688 855 359 663 31 268 979 575 259 231 942 152 116 861 71 230 546 583 386 70 413 80 764 201 368 220 369 536 407 104 341 992 779 68 147 418 339 129 93 10 958 857 620 30 531 332 253 16 350 244 355 989 353 854 863 696 362 42 595 907 778 277 611 374 216 203 245 634 300 18 853 680 
18
1 2 6 35 54 84 86 98 100 108 150 154 155 158 162 184 186 196 
13 101
965 464 652 844 811 644 556 55 438 465 996 328 936 101 857 512 345 710 552 567 172 339 614 408 603 50 484 642 391 539 144 169 327 705 214 56 293 154 822 403 245 87 8 191 902 709 228 720 684 31 145 577 498 53 423 897 765 547 213 139 694 879 378 981 480 717 895 12 496 341 159 1 492 795 64 489 207 75 743 910 856 689 406 239 973 639 121 516 124 119 187 29 667 114 825 906 748 414 118 481 648 
15
15 30 51 61 66 68 76 97 101 116 121 125 151 192 196 
14 84
850 891 943 609 118 723 513 12 249 282 444 777 303 458 959 90 688 534 139 297 270 825 667 775 991 438 542 622 30 152 448 13 975 305 138 321 822 396 563 246 562 717 480 476 397 743 409 576 73 240 872 233 484 651 168 335 620 119 920 668 905 245 913 199 983 315 915 46 101 31 522 379 384 551 718 117 508 481 815 740 465 298 11 679 
19
32 37 40 49 55 88 90 93 114 126 127 139 144 164 170 176 179 180 188 
15 68
518 328 948 951 556 248 564 135 27 622 997 166 482 603 129 206 592 987 967 633 374 927 115 131 391 628 704 815 9 157 947 855 359 692 507 968 457 346 416 231 606 23 32 190 314 946 156 173 950 133 225 114 219 749 591 182 735 103 446 594 663 742 113 508 411 648 853 537 
12
0 11 13 32 43 53 62 68 76 78 106 151 
16 53
450 208 961 291 248 891 417 812 980 743 59 375 217 123 937 283 247 99 152 115 727 411 284 600 588 792 385 309 846 103 86 669 956 179 586 966 571 514 40 909 835 815 657 66 224 796 537 221 184 623 386 544 782 
14
0 2 10 17 30 35 43 64 90 94 120 121 171 183 
17 94
863 30 953 342 8 944 470 598 559 726 893 570 871 36 659 286 681 328 213 881 853 44 639 955 700 858 811 574 241 980 539 776 702 382 461 901 66 337 671 355 229 512 981 313 365 866 680 688 767 913 746 376 43 486 152 374 541 523 857 963 571 314 832 121 288 126 898 232 508 350 991 824 724 761 432 41 278 466 132 861 527 316 483 88 925 90 257 602 101 654 651 289 926 625 
21
0 8 16 26 31 46 51 66 72 78 90 106 107 111 117 122 142 144 157 163 191 
18 107
273 440 106 607 523 53 554 224 741 38 539 872 538 82 942 441 537 704 489 647 814 424 187 688 571 524 190 298 131 880 959 11 438 418 56 557 462 744 226 305 565 644 109 479 221 157 236 304 638 875 460 127 680 687 55 384 551 7 323 864 548 457 659 485 652 99 578 171 922 256 89 533 594 427 211 545 141 308 160 552 886 649 148 175 509 430 24 340 999 467 347 329 663 581 748 915 210 903 778 945 119 689 21 1 95 447 781 
22
5 9 33 36 50 53 57 66 86 95 111 120 125 140 144 146 151 155 166 188 190 196 
19 53
424 308 602 839 906 707 570 913 471 228 541 2 613 666 370 390 32 427 999 130 283 520 143 380 855 464 69 562 970 879 698 382 974 456 334 741 667 904 230 625 941 38 196 828 794 100 63 914 984 651 447 488 330 
17
5 7 9 21 38 79 80 91 96 97 113 118 128 140 152 174 194 
20 77
391 87 208 255 463 937 653 511 748 807 541 936 903 81 555 476 529 737 367 683 330 962 527 922 823 665 795 684 447 632 756 203 793 58 848 946 600 565 407 960 381 406 897 83 25 987 355 410 893 352 204 554 80 602 760 501 212 323 64 545 31 206 437 120 910 831 219 851 259 30 504 662 514 299 615 773 220 
14
29 47 70 88 109 110 111 122 137 163 164 174 177 187 
21 89
786 452 793 524 861 527 351 17 845 804 600 995 45 282 598 110 979 144 618 65 24 814 295 532 58 798 289 605 447 894 499 827 274 432 176 270 644 802 565 407 71 167 227 721 879 257 127 492 158 413 79 261 595 174 885 6 367 874 876 86 846 860 768 57 133 370 34 673 724 794 961 843 491 321 822 348 427 93 581 439 364 30 197 829 497 72 207 997 1 
24
1 2 8 19 22 36 45 51 57 66 69 74 80 127 128 130 135 141 160 162 166 170 177 192 
22 49
457 893 735 671 206 127 672 40 783 397 950 871 666 16 793 475 18 898 195 125 458 14 739 702 858 400 281 995 600 284 454 691 301 223 445 258 653 337 842 9 848 453 504 734 260 23 298 140 219 
25
21 23 24 35 41 77 84 90 106 108 110 112 116 119 121 125 131 148 155 160 164 175 180 186 193 
23 49
867 630 638 194 597 439 922 478 636 870 159 370 133 365 698 100 655 137 503 947 318 95 84 269 220 728 173 268 572 498 721 279 832 55 458 754 195 511 246 522 364 445 889 784 938 150 591 377 851 
24
6 7 10 22 42 43 48 63 67 68 74 77 90 97 102 120 124 127 136 151 169 189 190 192 
24 53
539 223 460 238 80 475 72 294 892 371 490 495 191 6 594 281 503 651 52 430 97 968 889 46 471 14 585 871 555 861 440 45 198 235 587 451 922 478 320 61 246 644 407 802 649 728 558 3 872 758 705 547 863 
13
22 39 48 66 68 70 79 105 130 148 152 164 168 
25 41
149 500 349 196 740 399 510 991 595 499 684 956 779 226 124 840 137 987 171 800 393 139 989 845 450 302 231 96 947 689 847 402 718 696 246 790 711 669 748 229 925 
20
9 11 33 38 46 61 62 65 81 90 99 106 126 128 134 136 147 155 188 190 
26 95
239 781 365 866 699 129 296 964 368 728 394 405 163 946 574 181 813 384 521 855 381 559 929 566 724 645 92 798 95 37 430 193 180 402 323 674 807 295 137 554 258 747 431 968 889 355 750 944 549 446 920 752 120 357 63 135 706 155 823 375 138 59 28 441 107 768 331 884 647 146 857 701 64 693 396 229 552 152 423 256 435 162 212 291 517 905 237 161 448 134 196 536 159 994 982 
17
17 30 39 50 55 59 62 71 83 94 106 133 146 165 172 187 188 
27 74
499 469 458 88 744 949 27 264 817 98 102 726 467 862 800 403 243 544 43 445 38 591 749 748 353 595 700 751 988 836 757 273 347 900 742 801 237 600 126 806 699 304 778 302 30 48 344 235 847 531 114 743 895 96 587 192 429 538 242 118 750 44 202 54 453 839 681 207 49 851 930 298 772 217 
20
2 5 6 45 54 57 61 70 72 76 77 115 131 135 139 145 171 177 178 188 
28 40
981 349 607 387 128 488 821 78 226 559 263 583 820 376 585 881 799 890 76 988 729 869 560 634 232 479 141 220 406 443 145 34 910 515 213 766 529 375 928 691 
24
6 10 39 45 48 53 58 75 85 96 98 99 118 126 131 132 133 147 148 160 172 177 190 194 
29 43
872 3 534 218 827 753 300 736 699 782 481 7 91 128 868 441 135 621 741 149 571 829 888 758 845 213 55 873 115 984 273 88 694 287 517 801 406 14 883 970 742 895 26 
18
9 20 41 43 83 97 112 118 124 130 144 147 160 183 191 193 195 198 
30 62
795 863 73 152 414 19 693 64 8 245 65 855 384 178 652 810 336 918 815 161 477 225 936 142 932 332 887 475 554 680 805 811 441 88 957 550 175 323 691 766 690 897 265 316 723 276 880 279 121 195 218 181 892 724 962 587 113 66 856 435 830 978 
21
13 16 26 31 51 56 78 99 109 141 147 153 154 159 164 166 170 183 189 196 197 
31 48
264 679 284 600 784 206 317 791 997 760 839 345 234 815 211 276 865 236 553 418 914 677 393 376 735 182 811 227 148 666 370 437 115 445 129 933 304 225 348 718 344 423 332 295 754 517 117 749 
17
2 17 30 50 55 62 66 95 104 115 122 157 181 182 183 184 185 
32 56
862 927 58 374 741 267 787 866 701 827 93 796 559 40 410 730 989 199 359 507 20 877 87 841 360 977 565 840 761 366 218 553 386 901 32 924 134 610 304 279 674 563 865 62 300 182 915 362 204 167 246 298 535 614 540 66 
14
14 15 47 57 58 70 89 94 107 110 130 138 156 174 
33 97
640 572 345 846 620 453 693 548 843 175 764 417 101 488 989 154 321 271 939 944 862 704 52 842 135 577 499 262 578 736 420 673 199 895 551 902 814 981 976 581 328 91 881 300 296 555 479 242 257 336 573 287 524 211 544 590 924 554 790 869 264 817 649 491 412 540 397 564 805 489 583 267 434 102 863 310 123 17 518 202 536 433 354 427 440 282 294 836 827 159 994 291 404 167 951 18 966 
17
18 25 69 70 78 85 87 102 104 111 129 130 146 156 158 193 195 
34 61
122 856 735 750 118 313 307 810 573 178 257 51 209 113 271 467 456 900 110 533 217 15 878 11 504 791 463 102 904 986 275 632 220 822 924 579 184 108 811 626 290 756 440 334 778 57 672 81 19 967 227 320 4 83 92 279 832 441 915 64 696 
16
6 11 45 51 63 81 98 118 133 135 139 157 174 180 181 196 
35 76
331 318 713 555 653 21 507 902 728 807 711 424 91 302 460 539 65 783 704 443 996 813 260 339 418 373 531 521 679 390 795 103 510 255 401 322 860 143 365 49 213 620 166 95 761 603 619 27 686 992 770 657 104 937 475 216 350 979 165 859 193 330 962 562 557 708 910 448 596 929 907 38 398 161 694 773 
22
12 16 22 39 48 53 69 71 78 86 102 106 112 135 138 143 155 165 170 176 186 197 
36 75
607 59 612 240 714 477 106 659 69 119 134 282 911 279 865 628 641 404 160 456 930 197 498 735 722 907 196 648 146 620 886 506 338 101 898 511 666 288 804 206 243 868 315 973 675 379 402 372 846 515 811 610 992 360 518 166 8 489 255 808 603 919 783 902 665 746 667 509 916 469 500 658 177 493 967 
18
6 18 21 45 75 84 85 97 100 109 114 117 132 148 153 162 167 198 
37 55
485 880 216 950 476 2 421 184 280 991 576 947 158 632 849 627 823 305 621 103 479 266 249 617 269 240 906 99 889 162 76 890 601 268 718 403 896 536 378 45 992 442 363 807 254 53 238 524 515 936 918 444 49 671 227 
23
9 14 40 44 50 77 88 92 94 96 111 114 126 136 140 142 150 155 164 167 170 173 174 
38 82
758 90 608 775 811 479 716 997 612 347 979 420 815 928 260 499 833 438 912 280 959 767 36 984 350 337 3 538 872 336 121 676 858 525 292 896 12 233 381 460 1 744 200 33 985 324 880 546 388 250 345 476 160 867 366 412 575 957 62 743 535 689 953 452 262 95 710 419 604 771 726 993 592 725 975 808 769 936 303 407 73 989 
18
6 7 19 25 41 46 51 62 73 90 97 105 106 132 167 170 187 191 
39 47
313 471 491 116 504 741 978 937 542 581 107 383 94 168 57 205 844 437 905 960 835 325 584 447 482 909 593 596 222 638 366 39 318 323 659 106 22 180 369 606 532 216 429 192 38 196 803 
18
1 5 24 26 28 35 44 61 67 83 92 114 132 141 151 159 187 191 
40 71
254 570 491 504 820 191 285 258 674 911 89 247 954 322 867 926 136 57 963 568 913 455 218 751 955 797 639 219 693 229 414 995 320 468 919 269 427 291 818 274 463 776 131 210 839 725 567 497 576 724 808 650 712 307 95 174 306 780 931 220 72 499 657 845 213 292 39 816 145 619 138 
24
6 7 14 37 73 79 81 84 90 96 107 119 120 124 129 135 138 139 140 144 160 162 187 190 
41 78
849 770 182 737 816 833 167 325 830 967 491 55 292 958 10 662 477 793 635 714 925 345 266 321 580 185 264 920 126 237 79 902 125 643 959 768 215 734 655 260 858 25 973 862 603 234 308 439 802 486 654 338 927 690 732 917 436 547 380 16 488 250 555 334 455 297 236 868 797 440 931 773 220 131 526 844 954 401 
26
6 7 22 29 38 43 56 59 93 103 116 120 130 132 133 137 144 147 151 154 166 172 175 178 186 192 
42 56
898 809 414 223 326 844 775 257 862 788 630 455 880 90 153 943 486 407 881 242 427 684 277 612 770 340 51 14 554 894 201 793 253 640 956 15 200 780 970 600 442 434 966 237 158 824 271 333 662 773 457 574 389 268 278 120 
20
3 6 11 23 62 67 69 74 82 83 101 141 142 154 155 156 164 165 175 180 
43 51
725 567 476 772 614 219 360 743 410 817 896 810 889 586 438 517 184 304 637 45 130 162 495 459 527 564 561 117 709 291 769 954 695 515 583 705 187 66 224 372 113 429 473 78 937 12 244 165 366 445 761 
24
15 16 23 29 41 55 57 86 91 98 103 113 115 119 122 142 158 164 180 183 187 189 194 196 
44 105
371 183 417 386 303 711 153 320 308 809 670 837 933 161 319 808 588 87 755 717 796 405 552 719 868 33 731 42 557 191 664 998 198 593 403 245 407 244 281 123 246 88 850 30 267 603 770 252 929 94 607 284 442 25 425 926 396 828 327 582 53 608 596 271 587 34 883 840 172 679 846 458 124 437 938 622 561 227 626 231 969 674 340 577 146 206 39 874 876 709 867 283 167 501 184 263 855 478 144 393 226 68 464 965 344 
19
5 10 37 39 52 54 55 63 82 84 85 116 127 161 163 172 173 178 199 
45 95
863 28 899 735 545 830 106 440 975 989 322 875 758 69 236 964 253 291 370 943 223 313 833 280 132 747 914 282 157 690 288 965 333 3 928 452 828 643 880 310 660 481 955 592 355 908 459 367 200 818 651 566 289 918 837 728 60 680 772 298 377 551 74 241 692 191 841 507 34 702 386 461 628 364 865 101 397 530 706 372 430 274 757 177 678 845 57 892 906 238 791 345 919 840 9 
25
2 21 27 28 34 36 57 69 73 76 86 89 93 98 100 105 111 114 117 119 129 131 148 152 164 
46 50
762 231 738 896 501 817 172 488 789 868 139 297 846 214 562 932 636 327 623 775 538 428 190 972 594 500 569 606 884 958 144 903 852 396 633 820 408 487 208 968 652 494 578 341 669 965 532 374 769 295 
18
4 17 25 38 50 58 62 74 79 90 93 112 115 136 169 175 180 189 
47 52
610 373 773 931 992 360 725 873 39 305 463 700 228 302 697 357 859 867 805 410 941 151 648 8 403 640 418 912 468 527 775 35 849 285 996 316 508 528 769 268 584 419 761 880 169 506 442 837 405 10 800 586 
17
7 8 9 10 20 32 59 64 110 115 116 126 127 136 170 176 182 
48 51
121 832 289 213 398 28 976 594 567 725 247 721 58 611 912 892 855 65 878 94 427 982 834 492 291 816 718 829 163 385 732 309 894 373 854 601 35 109 146 627 257 415 652 245 236 253 525 636 692 544 981 
17
2 23 24 28 35 60 69 71 77 83 131 135 139 156 175 183 194 
49 75
108 977 345 582 140 851 693 200 384 876 952 741 188 1 870 260 556 771 438 675 201 836 803 566 729 887 388 862 129 208 536 812 338 442 373 375 735 103 340 657 532 73 301 745 981 831 41 653 755 237 234 170 751 292 985 209 367 922 290 111 901 568 212 528 194 268 601 643 11 90 641 9 562 293 846 
17
4 7 14 56 58 73 76 92 95 99 132 134 167 169 178 179 197 
50 94
655 154 822 103 498 164 153 988 504 730 996 285 237 433 600 653 314 254 570 709 41 594 515 796 388 555 792 546 713 379 453 283 915 222 301 538 472 973 233 460 627 785 800 430 392 559 726 97 282 993 52 38 531 768 177 130 596 675 67 979 645 724 329 496 719 877 42 909 317 34 192 824 384 779 106 313 647 981 352 716 752 84 432 650 483 88 307 143 477 703 807 139 613 574 
20
18 26 31 37 46 54 57 60 62 76 102 118 121 126 150 152 160 179 181 187 
51 63
235 903 987 671 354 95 676 913 999 604 209 525 599 204 441 847 632 316 158 225 188 504 717 480 732 337 325 722 759 366 111 348 526 713 234 747 826 387 868 56 293 310 442 570 886 335 409 882 68 712 819 590 116 573 166 55 134 41 818 398 874 321 180 
15
3 9 13 17 21 30 34 38 62 64 79 85 155 178 179 
52 90
198 365 866 100 388 981 962 488 154 646 214 120 752 712 633 929 810 336 573 406 959 801 11 684 79 790 319 68 540 685 315 789 473 123 604 358 126 627 785 390 886 333 410 690 639 435 102 424 441 125 177 498 735 340 276 236 904 61 438 939 231 389 897 186 264 748 590 209 877 561 233 901 130 464 766 694 296 405 483 449 607 153 320 25 452 714 380 681 916 81 
17
5 44 65 82 92 95 104 112 113 117 124 129 130 137 175 180 191 
53 39
958 721 853 241 204 598 482 741 583 620 14 235 436 555 407 295 137 722 169 248 327 333 965 271 745 824 34 275 60 418 265 897 395 341 612 681 49 760 997 
18
15 18 28 35 72 81 85 98 99 101 103 110 118 124 142 157 181 195 
54 70
355 197 956 696 749 527 785 232 943 495 890 544 386 26 163 637 632 869 316 476 160 243 668 949 952 162 804 93 915 362 603 837 600 438 142 394 838 272 753 7 11 519 604 345 414 651 429 583 376 293 863 626 885 556 319 900 426 533 612 13 645 941 388 921 847 975 185 494 731 257 
16
12 27 44 50 71 74 80 96 106 138 140 144 162 167 188 194 
55 62
968 415 485 880 653 15 94 899 603 287 208 75 277 988 751 71 87 403 561 72 743 427 364 993 925 717 240 943 955 326 399 843 419 306 158 565 932 821 999 911 985 571 690 775 749 591 847 476 365 254 217 692 493 651 392 76 923 765 666 508 939 754 
25
4 14 26 31 43 44 66 92 96 107 109 118 123 124 125 130 132 146 156 157 159 169 172 180 197 
56 56
378 208 894 657 815 789 473 238 549 17 384 305 199 204 283 215 452 847 71 997 849 627 622 474 642 326 823 564 342 275 748 399 517 991 66 447 260 264 27 664 111 370 555 723 573 795 321 692 695 63 132 243 6 821 358 753 
17
10 30 41 49 65 82 87 102 105 108 111 166 172 176 180 187 189 
57 107
623 289 14 515 943 609 944 610 966 797 711 23 357 992 40 467 744 76 303 991 759 258 285 953 364 695 63 731 932 407 328 249 635 468 986 854 933 100 821 900 86 876 257 907 573 772 614 106 580 291 686 212 869 56 500 606 272 105 588 421 533 401 771 60 769 137 916 126 739 306 28 195 950 551 847 897 396 371 960 626 292 947 170 504 430 597 338 287 313 159 994 111 585 884 629 963 595 692 358 753 219 720 184 17 987 973 982 
26
0 18 21 27 32 43 45 50 73 82 86 88 94 105 120 127 128 129 143 144 147 150 155 165 187 193 
58 105
409 707 944 777 118 474 975 686 485 253 453 326 573 963 840 682 542 208 531 516 349 283 367 702 788 28 590 664 466 150 71 152 456 113 402 824 323 766 292 371 608 191 428 586 896 237 221 774 776 763 202 175 76 708 483 806 642 31 438 675 546 361 270 437 105 770 306 325 492 547 714 418 971 260 742 408 309 476 864 153 266 710 798 579 746 894 925 135 688 143 811 644 856 188 662 58 225 338 417 220 873 936 435 581 414 
17
28 32 46 49 77 98 103 110 111 118 119 138 151 169 176 191 195 
59 83
991 156 419 222 376 176 650 58 137 841 683 288 194 115 158 948 995 363 831 562 673 172 93 98 651 335 345 187 719 495 258 109 849 533 635 951 907 433 68 31 370 837 2 982 17 769 101 71 221 388 980 226 894 159 693 10 845 913 979 645 73 217 718 665 191 52 386 531 338 839 501 835 211 382 48 892 629 796 75 619 953 342 437 
15
3 8 11 26 41 47 64 67 78 99 107 131 152 163 182 
60 40
991 832 494 353 699 181 995 54 468 942 220 297 187 891 854 160 678 909 6 1000 210 838 759 21 811 100 712 786 930 16 859 306 221 371 924 961 398 563 879 587 
20
0 7 48 50 68 69 73 76 81 85 90 108 115 116 134 153 154 162 165 183 
61 111
712 618 284 952 214 851 684 350 16 649 983 269 937 507 6 33 701 187 627 718 50 51 719 960 170 484 985 150 526 75 910 252 15 95 648 174 257 968 69 622 301 222 617 547 46 713 889 555 676 755 129 208 351 430 93 347 245 640 24 498 250 894 420 499 703 466 237 52 766 168 196 318 986 433 178 512 662 628 109 944 878 246 329 997 108 932 690 611 295 216 912 68 621 493 966 540 613 947 989 136 339 813 756 636 557 100 653 472 654 812 101 
22
3 7 8 13 25 27 39 67 95 98 113 117 118 130 143 151 160 161 162 175 183 198 
62 93
669 353 617 95 663 347 115 959 39 874 206 470 136 233 901 909 293 925 372 969 259 654 891 970 572 28 107 967 466 545 308 703 799 314 905 431 521 857 146 46 357 159 779 82 606 448 843 218 14 181 143 867 32 225 559 954 619 228 939 232 430 69 543 328 12 196 603 845 766 377 711 370 581 247 745 728 825 491 138 683 288 334 504 527 694 839 171 498 467 389 708 876 560 
28
4 9 15 25 26 31 38 42 46 50 51 75 83 90 110 119 125 128 133 138 157 161 164 166 169 191 193 195 
63 93
823 554 321 553 887 467 230 444 277 929 542 974 306 114 461 931 347 663 209 606 922 290 718 955 797 928 408 882 171 4 584 83 416 21 391 526 181 313 550 17 91 179 513 434 703 253 648 142 932 26 189 690 857 160 950 531 136 938 859 591 537 36 676 59 393 319 908 240 153 469 492 134 371 538 976 529 28 435 646 172 121 324 855 280 846 679 838 608 274 796 669 335 836 
19
9 23 34 44 64 83 86 87 99 101 108 121 125 132 134 153 161 176 184 
64 107
357 858 190 130 297 503 670 632 295 235 402 867 32 533 894 560 727 871 320 952 52 50 205 372 909 650 149 662 99 354 527 283 159 15 570 807 406 480 129 341 811 71 466 624 369 703 145 843 676 47 752 531 136 57 768 803 469 460 627 765 686 133 816 841 997 413 339 709 546 141 491 324 719 755 87 835 937 846 275 609 177 355 39 735 893 680 285 338 101 486 556 793 398 231 191 692 400 383 620 304 137 824 666 110 200 78 957 
14
0 7 16 47 51 59 63 119 147 161 166 179 188 195 
65 103
337 504 426 223 724 209 288 622 518 351 866 699 377 835 314 83 751 873 162 615 281 580 371 705 687 188 741 662 740 735 912 675 911 832 380 64 790 449 765 825 35 939 149 791 1 823 419 586 674 507 432 916 657 784 525 659 535 470 748 581 776 221 63 961 944 443 49 681 12 715 542 700 727 330 488 691 654 169 485 206 540 232 750 434 546 405 326 642 57 814 647 805 33 868 922 948 113 333 886 679 512 846 403 
15
25 52 56 70 93 109 119 132 133 135 144 146 155 171 185 
66 73
17 73 581 804 358 911 843 53 140 377 613 280 833 201 391 865 482 956 616 308 238 568 252 331 666 364 311 943 548 770 563 427 506 213 766 181 576 151 117 709 894 931 599 509 439 360 54 844 353 902 90 722 56 671 70 178 810 477 890 184 357 713 972 780 938 820 899 866 234 392 762 619 540 
19
13 17 18 21 24 31 55 70 77 80 85 88 96 110 120 151 173 184 189 
67 44
567 143 781 75 509 904 983 850 534 297 230 896 821 505 871 713 282 948 356 988 100 490 987 496 670 226 152 831 947 535 614 368 808 956 403 3 898 582 642 96 254 703 9 483 
12
23 39 42 59 61 75 106 114 128 162 186 191 
68 66
368 621 937 91 276 197 675 359 201 223 889 737 787 972 893 856 607 923 133 370 903 745 832 753 869 7 323 784 254 491 775 482 977 202 377 3 19 944 988 884 726 536 604 264 48 677 455 938 531 690 58 132 485 287 102 386 717 199 799 483 878 555 748 600 284 994 
14
10 13 15 23 24 60 77 82 84 114 115 137 183 195 
69 40
241 3 635 342 12 604 571 275 61 287 953 667 1000 501 20 878 915 181 785 222 274 545 940 229 624 848 602 370 528 911 850 912 517 280 317 174 409 202 640 364 
23
4 11 21 33 35 42 45 48 60 89 99 100 123 130 138 148 150 155 157 158 165 170 193 
70 62
996 206 743 631 654 417 393 314 788 326 503 740 407 98 782 624 976 186 384 88 878 132 280 517 212 763 172 546 121 990 97 887 258 110 82 933 599 450 224 382 876 181 260 945 353 889 20 203 795 711 316 869 735 254 859 622 454 59 533 825 485 248 
21
7 20 24 27 32 33 65 66 74 96 99 101 104 112 116 120 129 162 163 175 194 
71 61
596 885 332 179 890 447 715 540 66 334 260 102 884 388 121 343 227 69 543 930 338 180 575 819 977 612 20 371 778 702 127 841 632 3 853 615 598 894 35 886 843 236 295 690 357 590 37 827 348 792 469 775 222 459 617 735 7 600 563 470 564 
18
26 35 48 54 99 101 103 115 116 121 129 135 142 143 146 148 198 199 
72 65
117 818 34 271 587 737 925 372 201 460 164 194 352 564 799 167 133 221 554 633 656 735 622 76 787 817 975 478 219 408 297 926 160 432 25 852 62 647 698 513 917 764 751 887 924 163 644 474 168 834 899 504 430 482 245 324 964 253 997 128 994 757 77 393 867 
15
17 27 53 87 98 117 122 125 138 140 153 156 162 169 174 
73 75
88 67 392 237 316 395 79 948 869 646 93 172 677 212 528 730 563 401 875 322 426 907 217 183 657 543 21 169 801 502 976 740 917 855 596 41 831 299 37 698 540 557 823 544 570 459 617 747 560 486 895 658 695 763 132 606 125 865 233 272 531 738 450 213 987 434 551 705 784 863 209 309 388 13 92 
19
8 38 40 45 49 57 60 85 106 115 136 137 149 151 166 172 183 188 196 
74 72
450 237 632 316 947 78 707 944 957 720 878 24 735 498 103 972 859 30 359 544 307 70 336 810 494 415 554 80 739 332 468 626 815 519 208 50 975 383 205 679 428 901 427 945 787 861 121 388 809 797 402 491 254 771 929 368 291 844 548 2 429 584 364 285 952 401 796 276 132 922 240 398 
16
21 23 42 46 54 70 93 94 103 104 105 108 126 135 137 140 
75 67
966 18 613 265 186 105 573 673 2 400 854 551 958 537 350 587 427 348 353 896 489 726 767 223 65 855 367 999 663 589 826 79 412 154 487 857 445 603 155 104 898 417 830 560 402 691 913 927 969 100 260 892 132 825 272 193 911 134 621 972 103 291 923 162 754 310 725 
17
8 28 36 62 67 101 114 119 121 141 143 159 175 177 178 184 185 
76 41
701 519 534 312 338 875 801 95 791 545 698 224 853 104 67 289 548 232 713 343 271 824 690 374 88 167 152 389 50 844 607 917 362 182 108 505 663 813 945 581 265 
24
10 13 15 27 45 49 50 60 96 118 120 122 133 136 146 157 158 165 166 167 173 185 187 190 
77 69
108 187 137 980 901 920 209 367 735 341 378 299 773 933 569 964 432 37 508 619 70 344 233 529 405 879 167 967 338 259 363 916 918 30 899 425 811 732 849 79 230 808 787 813 908 390 537 248 384 826 426 979 757 794 166 482 719 871 555 203 519 835 842 398 161 443 522 633 152 
23
1 3 22 23 27 37 48 58 66 68 81 93 116 119 130 143 145 152 154 175 179 185 195 
78 85
66 680 127 298 131 409 906 729 742 74 627 705 38 497 587 754 865 839 584 918 348 822 881 715 766 134 292 589 170 838 450 283 895 342 474 887 553 252 173 410 368 590 578 430 9 135 694 494 70 247 642 284 877 482 649 130 51 264 352 185 890 287 937 858 383 304 602 435 776 611 356 690 489 155 322 528 750 221 236 457 123 727 950 712 406 
18
15 17 30 33 35 59 105 108 128 134 138 145 146 167 174 178 185 196 
79 71
625 72 862 463 384 953 5 731 97 837 521 758 629 112 902 33 1000 378 852 91 881 802 949 554 320 241 660 897 734 892 488 821 124 566 329 894 709 913 727 209 583 602 822 533 422 607 404 246 483 595 229 158 790 455 287 445 82 951 87 245 353 145 619 767 508 55 647 462 733 776 78 
21
4 8 19 24 40 46 51 106 109 114 116 128 129 133 154 156 165 170 171 176 191 
80 47
644 755 611 95 920 845 529 142 632 455 662 298 890 150 409 335 493 900 594 752 935 844 696 746 517 43 709 389 243 36 431 541 837 578 689 99 671 59 90 656 498 353 166 795 524 366 287 
17
2 19 21 54 66 83 89 101 102 110 128 132 145 148 153 166 197 
81 58
951 842 368 318 431 826 589 246 265 450 525 738 659 962 74 305 624 150 254 570 587 825 693 360 688 916 936 472 551 92 124 362 855 221 238 386 816 730 335 136 212 370 923 631 868 881 549 512 557 478 948 511 985 411 95 10 301 42 
19
25 34 40 53 60 77 96 110 114 126 138 139 140 143 148 153 162 173 189 
82 64
29 403 245 956 95 490 111 664 269 407 349 130 966 41 752 673 448 764 893 577 990 605 1000 842 790 792 957 641 701 627 109 233 99 90 164 717 384 702 850 458 221 110 991 778 963 750 343 10 935 126 758 127 996 570 17 481 576 655 923 607 133 49 746 180 
19
8 42 44 52 56 57 68 83 95 105 112 114 117 118 138 149 170 187 195 
83 89
963 906 189 216 383 884 848 747 466 251 188 822 348 643 735 588 35 870 80 454 767 372 688 362 125 148 721 92 214 381 618 660 562 303 324 768 313 406 740 239 91 12 604 209 671 838 443 334 422 343 824 991 156 82 161 605 50 358 70 799 966 131 465 779 278 928 594 864 679 455 338 496 153 654 691 524 23 143 520 854 300 467 230 316 559 615 428 33 628 
23
2 26 29 39 42 48 62 63 80 82 86 90 91 111 116 124 130 155 160 181 187 194 195 
84 70
219 110 347 327 169 650 413 990 279 911 459 711 883 567 382 698 197 987 877 245 914 91 973 463 800 541 296 454 37 116 982 806 799 167 613 354 520 994 152 864 153 264 629 853 379 464 202 165 984 704 260 926 811 658 944 524 672 261 340 743 891 101 212 223 144 741 425 949 791 238 
21
0 4 12 22 36 40 44 68 88 93 97 114 134 143 144 150 151 162 180 182 188 
85 67
42 832 678 85 480 15 884 726 479 590 847 768 820 267 30 1 284 126 828 275 199 594 946 156 206 522 869 790 166 92 891 676 32 378 905 942 652 356 295 997 920 130 725 272 975 228 636 707 945 236 328 407 592 434 266 29 957 878 641 653 890 129 287 176 650 564 268 
19
0 28 33 36 44 51 53 60 66 73 107 113 118 143 157 183 184 185 189 
86 45
208 366 216 137 441 204 362 774 502 688 843 290 989 224 298 446 355 39 668 235 152 582 740 370 962 26 561 403 921 210 727 838 109 637 933 870 19 373 871 20 656 498 313 234 351 
21
3 7 12 18 35 43 45 57 63 83 103 116 118 120 153 156 157 169 171 174 177 
87 70
689 919 761 725 93 519 198 593 303 145 374 384 68 222 631 516 790 605 289 447 173 813 576 759 722 130 403 795 479 462 718 496 180 597 227 712 823 995 126 607 649 713 269 195 186 371 97 966 448 864 821 799 659 441 915 362 846 918 365 128 644 91 932 774 71 735 182 478 162 618 
18
0 6 33 56 63 72 100 101 113 124 128 137 138 158 166 178 187 188 
88 79
773 731 652 89 67 362 701 12 328 541 875 748 711 941 763 429 133 167 226 535 831 233 899 11 351 264 496 180 950 282 86 442 837 47 143 920 928 137 795 127 285 703 369 665 626 65 373 660 159 141 642 475 317 724 980 145 856 768 434 987 3 671 859 692 24 488 172 736 341 639 472 788 578 77 217 551 314 112 279 
17
8 14 20 37 57 66 84 90 91 92 108 111 128 131 138 155 199 
89 98
876 61 930 429 281 782 985 546 527 50 917 368 548 943 108 265 623 270 191 243 953 716 321 582 29 363 995 487 171 333 9 483 471 155 313 708 550 59 928 799 632 838 364 294 689 498 735 681 919 603 563 405 580 486 328 994 441 219 417 855 144 929 455 297 540 947 58 523 22 690 245 723 389 310 421 263 272 119 435 858 877 209 926 258 668 221 889 99 774 440 203 124 450 845 177 454 120 31 
20
6 32 45 69 80 105 109 114 118 138 149 158 161 172 174 177 180 181 192 197 
90 55
685 746 227 938 437 556 82 38 275 407 691 590 584 979 742 31 954 322 164 939 902 112 823 842 439 292 625 498 5 940 829 607 391 68 882 816 964 582 550 471 14 804 61 377 719 166 97 948 269 935 679 124 721 326 168 
31
9 14 16 17 22 23 25 38 40 46 60 62 83 88 93 101 106 112 121 130 139 147 151 153 157 159 165 166 181 182 194 
91 85
755 588 366 869 63 657 138 973 912 359 766 924 687 248 485 996 418 957 799 945 392 876 481 753 595 42 911 453 895 844 378 304 541 493 296 463 357 190 858 981 315 218 297 334 1000 856 113 940 782 624 739 214 767 206 39 373 768 144 299 633 976 475 567 511 467 780 69 802 969 198 46 714 547 424 591 275 659 843 53 850 15 568 268 96 95 
19
19 43 83 88 95 100 104 105 123 135 136 139 147 148 160 163 166 169 175 
92 68
62 145 772 693 845 512 308 155 76 266 10 958 721 800 642 889 257 258 962 251 172 555 571 838 522 802 432 274 339 181 585 333 630 297 837 163 874 578 445 208 151 46 964 279 790 161 722 167 8 54 768 663 586 797 7 402 853 63 391 470 241 873 351 425 523 185 659 992 
13
37 39 49 52 55 88 95 116 124 128 139 154 199 
93 92
848 33 886 231 398 767 136 470 792 476 42 710 980 535 424 29 244 948 763 60 455 935 339 102 43 820 346 746 667 509 206 365 229 242 945 20 279 160 249 802 677 844 765 161 457 275 782 949 238 906 590 617 79 580 821 900 562 756 923 88 287 50 585 84 919 805 265 323 991 657 670 837 47 548 271 939 860 830 356 672 798 148 53 903 235 880 658 469 636 952 714 46 
21
3 14 41 45 46 65 74 77 84 90 112 113 117 123 140 143 153 159 164 167 198 
94 75
268 110 856 163 716 799 878 957 176 334 729 13 704 467 1000 608 213 349 209 367 653 337 705 942 152 911 358 988 175 138 754 680 939 228 702 386 752 974 395 580 398 587 300 462 241 685 19 722 37 124 682 423 125 57 797 1 159 38 196 44 293 837 126 850 771 272 983 239 898 380 405 664 923 449 844 
24
3 4 6 9 10 16 26 32 37 57 74 101 113 135 138 139 155 158 160 165 184 191 193 199 
95 52
489 466 780 701 582 898 814 182 112 823 490 964 524 840 336 573 20 377 705 282 580 818 4 35 640 815 917 413 67 304 644 163 218 181 119 514 760 523 508 271 725 901 628 742 110 505 467 941 238 329 250 354 
18
5 18 31 49 52 61 82 91 92 104 119 121 131 139 159 163 177 179 
96 48
45 230 624 383 123 392 244 651 19 335 98 844 449 856 9 795 980 906 240 210 261 860 149 465 341 205 507 63 512 660 56 952 241 90 722 144 996 653 337 78 411 422 644 565 40 854 509 899 
16
9 19 28 37 40 54 55 66 70 76 81 108 178 189 192 193 
97 91
465 189 703 35 655 321 187 20 802 301 533 867 665 309 423 854 459 933 866 629 550 967 177 227 762 593 435 936 445 129 648 95 495 639 333 674 753 437 835 668 113 821 584 285 624 573 329 961 773 941 106 738 765 839 207 441 204 833 425 346 109 41 120 827 159 196 749 117 284 559 322 869 516 182 795 461 311 664 211 764 685 517 851 684 842 910 242 743 75 160 327 
19
1 13 19 23 29 36 38 84 98 123 135 136 147 162 167 169 178 188 193 
98 70
838 601 507 665 433 216 401 85 713 318 528 133 904 645 803 235 709 296 612 353 575 22 286 573 562 799 969 710 761 305 125 757 466 281 758 850 739 53 655 102 576 872 508 525 414 303 482 225 422 977 163 31 142 993 598 801 658 500 330 515 120 815 420 277 909 119 326 30 254 17 
18
3 12 28 34 43 45 53 58 61 72 97 100 114 131 137 141 167 198 
99 96
469 266 753 252 43 191 859 679 22 523 25 267 213 387 917 416 4 400 764 27 975 676 953 118 355 908 671 488 14 928 93 300 853 519 932 598 865 312 800 405 484 973 413 385 681 49 449 318 609 831 278 375 876 120 955 16 608 68 492 158 64 728 965 618 983 974 834 500 627 539 706 146 936 447 904 403 589 984 812 257 637 303 617 283 477 310 368 34 921 587 710 566 256 446 319 486 
23
25 28 30 49 53 59 63 69 70 71 100 107 112 114 122 132 149 155 158 166 179 188 190 
100 96
958 476 847 12 987 486 257 267 175 185 975 940 272 439 345 726 94 673 543 214 113 745 587 391 865 450 529 860 216 14 93 316 501 675 623 122 934 484 985 238 867 991 156 687 186 482 994 308 809 554 888 98 645 812 654 479 707 874 775 459 16 946 779 909 101 435 751 83 620 541 462 139 665 191 507 943 282 79 914 97 255 208 755 913 618 284 205 66 378 396 730 62 131 52 530 196 
22
2 10 12 36 45 69 87 91 98 99 109 118 126 134 142 147 153 157 175 188 196 198 
101 55
527 910 199 429 511 27 738 64 933 928 247 563 958 250 329 579 263 875 717 627 254 698 402 97 966 39 668 398 971 621 327 720 483 88 632 144 847 452 230 567 602 686 607 449 174 225 699 383 709 396 80 705 547 310 468 
24
13 42 53 63 70 71 75 80 87 90 94 107 130 134 135 138 140 156 158 161 166 186 189 190 
102 96
734 958 22 761 445 524 472 151 787 859 880 527 696 195 263 584 751 951 697 381 223 144 618 117 149 939 830 514 198 674 967 809 256 92 300 171 4 636 794 384 147 747 36 653 568 331 886 965 570 728 850 30 511 382 743 903 589 422 905 738 853 185 106 440 49 128 434 489 656 989 623 790 855 688 846 781 948 280 58 660 371 220 17 852 644 504 170 291 274 942 943 377 831 163 804 793 
12
23 33 35 50 56 80 124 132 134 161 178 196 
103 79
392 37 827 621 858 627 311 785 378 921 210 429 982 235 398 474 158 319 486 249 634 871 941 90 616 379 912 427 60 26 342 734 18 737 69 780 558 239 740 977 107 818 533 472 138 285 600 384 885 218 51 695 361 27 602 802 301 320 399 405 721 160 327 494 965 17 291 638 796 473 35 905 665 498 292 504 382 673 699 
15
11 41 43 53 58 71 74 86 120 121 129 156 161 197 198 
104 57
518 493 888 256 407 592 750 603 247 879 108 61 930 989 199 462 295 927 816 289 605 388 979 742 385 646 883 846 254 615 23 275 645 534 628 968 587 982 574 380 805 664 729 4 606 343 896 689 452 559 638 823 860 460 223 393 630 
18
11 31 33 52 70 74 91 95 106 114 123 138 159 166 181 190 195 197 
105 111
783 4 338 171 154 917 77 922 588 105 940 773 281 949 543 376 52 386 441 796 85 732 899 100 850 182 355 856 215 841 315 620 825 351 430 593 435 792 397 693 767 135 466 229 624 144 857 103 261 67 735 806 530 29 847 12 26 74 909 575 147 982 113 538 933 657 262 226 894 748 669 195 484 521 618 284 798 687 845 780 613 820 770 102 706 205 38 943 275 512 501 422 738 659 158 790 161 240 348 515 190 524 413 61 729 808 307 570 493 900 155 
22
2 11 24 38 45 56 57 74 78 82 89 91 109 115 132 135 141 161 166 168 179 188 
106 86
344 240 2 172 5 601 866 417 861 779 700 199 41 78 493 575 408 334 993 826 492 490 332 541 205 81 11 733 65 435 883 389 705 557 927 137 58 433 108 275 921 868 33 70 209 454 691 106 519 185 648 314 77 578 573 354 20 351 981 647 568 695 300 362 88 698 531 192 553 298 210 544 377 310 811 162 997 383 717 261 956 622 834 785 451 944 
25
7 11 15 17 22 25 26 35 38 54 67 73 79 90 104 109 113 118 120 126 130 182 185 188 198 
107 70
561 877 644 607 686 311 943 30 109 668 510 905 867 386 70 375 79 1000 526 287 761 682 998 257 20 111 988 766 173 987 538 532 690 177 340 128 497 53 226 300 263 646 725 910 205 834 1 613 636 478 206 601 446 359 398 714 639 121 343 580 17 491 333 175 541 428 33 736 499 484 
18
11 17 32 40 55 59 85 99 101 116 135 141 145 154 162 176 177 181 
108 73
13 724 566 299 457 180 257 731 415 494 403 386 702 987 876 397 725 172 572 493 776 539 381 110 189 83 527 712 317 554 848 130 389 152 833 907 463 154 540 30 896 622 859 82 556 297 695 29 597 940 533 704 941 102 23 824 40 406 114 272 42 753 279 427 184 816 917 206 562 432 37 314 41 
17
3 4 12 22 56 60 63 74 78 88 96 128 131 150 172 176 189 
109 94
667 162 997 482 319 486 398 899 689 522 920 815 388 72 907 261 38 354 53 92 383 369 703 229 66 145 105 342 508 903 594 989 321 84 817 737 236 88 604 146 313 945 644 905 70 786 80 390 864 232 2 169 643 412 560 244 442 645 979 203 537 63 616 156 415 541 40 751 454 858 700 937 947 613 958 879 168 836 135 998 227 212 677 844 942 12 346 808 470 971 222 10 344 818 
19
1 20 30 36 55 65 79 89 100 105 106 114 122 123 149 158 163 187 198 
110 61
413 739 107 356 999 446 683 762 842 618 568 489 499 747 826 821 275 670 907 218 362 757 991 438 912 82 156 807 992 326 10 445 744 508 545 397 680 162 330 315 165 323 718 259 576 294 365 890 416 707 154 498 735 419 197 79 706 738 106 817 580 
20
20 22 32 47 53 58 62 66 80 81 120 121 129 132 154 166 168 176 177 198 
111 107
309 142 849 678 97 598 932 492 870 122 957 623 456 877 498 816 341 578 262 930 763 892 258 425 811 693 700 908 270 899 109 188 901 980 664 111 585 955 876 41 146 139 850 133 801 505 31 303 619 228 575 733 180 30 197 419 650 844 343 342 676 985 319 793 401 875 661 299 346 12 449 616 690 426 927 739 590 423 757 879 168 748 247 642 194 601 606 940 721 387 442 79 246 885 235 156 904 351 326 493 49 573 889 99 746 78 507 
25
1 9 17 18 20 33 37 45 56 58 83 88 115 130 132 138 144 155 156 161 162 167 175 181 193 
112 79
969 901 506 269 639 946 526 504 535 412 491 738 705 588 939 416 306 697 68 618 952 821 320 487 783 842 341 370 540 395 396 62 137 692 719 403 435 277 514 955 120 274 889 670 336 881 477 644 321 953 549 883 716 283 669 836 626 125 678 641 987 908 108 71 334 391 57 91 926 23 497 564 880 364 649 816 796 480 875 
18
22 29 35 46 52 70 82 90 93 99 114 117 130 132 153 169 177 179 
113 74
825 755 518 360 248 793 745 982 713 871 24 527 601 206 305 257 731 985 511 432 767 688 925 585 721 842 600 679 45 282 267 156 630 888 371 926 552 626 221 780 954 778 145 777 288 999 130 317 502 212 400 955 595 753 13 549 381 826 641 378 805 902 574 495 557 873 829 750 276 204 757 994 561 166 
14
1 5 19 43 52 61 85 87 93 94 106 119 180 195 
114 83
408 222 71 916 81 897 917 522 821 189 356 900 733 937 858 384 472 867 139 297 692 358 595 753 461 698 619 274 608 371 53 495 270 744 117 591 841 227 778 462 998 332 627 738 644 969 802 154 944 746 193 609 214 104 8 880 45 184 966 792 254 951 341 508 887 219 140 791 515 986 151 652 883 984 361 194 449 616 244 402 766 599 928 
26
14 36 37 39 45 67 68 75 79 81 82 84 89 98 99 104 109 112 116 123 126 151 161 180 181 188 
115 55
944 865 154 202 111 269 915 842 605 838 372 483 109 458 918 681 510 29 345 862 11 936 456 478 715 711 866 385 903 317 798 198 716 686 618 581 840 789 315 594 357 136 31 736 887 332 806 106 612 691 217 448 675 800 10 
27
5 9 27 31 43 46 47 60 68 71 73 105 111 121 123 125 140 141 144 158 168 171 172 175 179 187 194 
116 58
122 961 943 216 535 298 140 941 704 783 571 590 827 116 432 519 282 518 676 765 617 654 321 728 886 278 56 204 620 516 990 501 27 397 826 512 956 628 968 810 506 743 158 237 632 429 782 644 819 661 167 483 796 85 434 592 174 485 
21
7 13 22 41 44 47 60 70 71 77 79 83 86 92 107 114 130 162 175 176 197 
117 53
928 130 585 402 786 979 663 671 355 39 496 222 775 851 61 408 329 468 172 335 760 494 661 977 433 359 255 925 306 701 220 866 234 826 551 393 623 27 843 191 820 765 58 799 404 366 603 199 41 949 633 818 186 
14
17 36 45 52 61 72 82 93 112 122 125 137 150 188 
118 84
804 637 864 530 686 944 270 823 617 210 346 400 953 874 250 102 497 201 675 860 257 810 202 794 399 329 162 374 690 125 362 671 858 81 482 778 699 988 205 767 600 837 426 645 979 193 956 789 947 271 407 886 782 709 427 585 569 500 184 499 946 278 439 272 940 606 10 395 61 386 553 219 720 839 338 30 531 738 297 319 388 722 759 258 
33
19 28 29 34 50 53 55 58 61 76 82 85 86 89 100 106 122 124 125 134 153 156 158 165 170 175 176 183 185 191 192 196 198 
119 43
928 552 710 871 807 491 228 122 341 85 322 767 113 261 556 260 673 705 231 962 481 346 170 787 503 898 683 209 678 387 308 739 946 206 680 365 523 158 79 984 510 694 220 
25
8 22 40 43 45 58 62 64 65 75 77 95 113 124 131 132 140 142 155 160 163 165 166 184 192 
120 82
279 874 142 476 980 190 822 574 100 449 54 212 760 286 207 605 210 368 645 974 108 266 98 522 680 469 542 876 775 701 225 319 398 951 120 287 213 993 598 8 561 834 518 630 140 131 298 528 361 27 501 520 698 396 475 427 93 490 589 656 710 406 666 572 71 356 629 963 295 995 612 836 502 96 887 386 149 224 57 704 268 101 
20
16 18 23 40 41 57 66 70 76 86 103 106 110 152 154 164 171 174 183 190 
121 54
425 469 864 565 486 582 740 514 435 239 634 535 289 52 131 526 301 420 483 853 150 668 98 838 982 935 694 176 84 163 200 265 93 250 566 226 46 963 1 85 243 553 286 997 49 100 789 236 658 180 452 44 591 309 
24
4 9 13 16 22 50 63 71 75 90 95 103 110 115 122 126 131 138 144 145 179 185 188 192 
122 87
764 787 119 505 4 839 611 923 127 404 905 36 9 510 910 603 459 199 366 533 849 437 834 279 613 297 674 173 568 802 819 345 536 141 773 943 31 584 183 420 886 914 282 214 337 781 24 790 309 363 523 760 423 28 27 804 508 824 46 520 273 774 379 885 21 355 39 400 720 887 755 254 588 231 375 709 978 498 665 813 330 497 26 177 799 465 131 
21
2 11 17 20 31 43 72 76 99 109 117 118 121 126 129 135 147 174 176 185 191 
123 70
931 536 261 24 336 99 810 438 665 702 465 970 101 828 495 100 879 583 86 560 468 926 610 847 523 444 375 138 607 133 385 453 927 869 462 587 952 25 321 506 535 461 720 757 871 345 588 142 31 882 126 372 947 37 985 23 414 546 366 682 551 867 243 132 685 174 380 696 934 223 
20
11 55 69 91 93 97 104 109 114 115 125 127 129 135 158 166 171 175 178 196 
124 38
447 215 992 548 120 38 75 818 976 254 365 496 338 695 29 961 26 346 124 45 561 270 747 306 964 224 446 367 999 906 748 37 64 170 331 247 241 58 
21
23 29 40 52 53 55 83 87 92 102 118 119 131 135 146 149 152 173 174 177 196 
125 112
567 32 308 328 753 610 288 759 592 601 434 470 971 951 116 244 224 725 890 551 966 799 176 449 410 76 805 719 886 640 807 8 773 378 624 861 247 89 484 608 766 265 591 767 433 39 485 717 830 751 584 868 636 873 888 531 293 648 352 668 916 196 363 715 47 583 820 955 869 462 649 965 280 761 669 271 980 943 232 931 764 251 962 88 589 923 570 403 737 440 774 537 514 180 661 191 507 340 339 497 746 37 705 310 780 375 959 792 834 157 491 992 
15
10 13 18 22 55 62 63 72 115 117 118 123 137 164 180 
126 94
279 446 947 759 425 585 889 337 3 136 971 181 497 237 83 644 955 402 661 219 61 140 283 125 459 64 882 487 763 526 776 480 796 414 335 268 900 156 224 856 66 434 299 278 357 611 308 615 782 799 878 306 972 528 212 607 449 154 547 767 688 925 63 397 844 677 441 775 107 344 879 457 958 884 252 920 912 246 413 801 69 570 309 370 704 645 812 218 579 913 699 907 766 432 
16
14 25 28 37 47 50 74 81 100 106 114 121 122 155 160 181 
127 109
871 716 615 281 885 50 551 421 737 955 86 880 45 90 758 37 864 390 465 298 781 463 296 354 688 20 830 997 162 656 823 82 161 911 633 696 405 168 444 365 160 81 295 453 374 427 93 804 409 21 258 373 655 418 334 492 519 440 528 903 951 450 213 672 709 314 499 973 536 166 640 98 266 865 628 312 383 58 225 857 22 178 846 9 712 211 931 764 527 861 360 613 867 700 259 92 988 487 932 525 859 701 711 930 851 610 777 443 480 
18
1 6 14 21 23 44 47 57 123 130 133 138 145 159 161 164 169 178 
128 89
428 733 496 435 988 871 534 200 850 331 603 793 556 758 600 518 44 913 834 185 810 942 896 61 949 785 157 244 876 402 797 86 741 820 673 278 788 21 416 787 313 541 953 323 657 604 175 635 468 802 644 49 473 974 597 263 430 749 72 151 230 878 957 167 892 391 132 596 559 796 963 873 577 80 414 646 766 570 69 508 350 66 461 503 592 390 223 765 465 
22
2 3 19 21 25 57 62 67 78 79 80 87 88 92 108 159 161 176 177 179 183 192 
129 107
489 67 239 61 904 805 304 829 337 780 385 886 389 958 791 935 267 698 714 872 292 340 507 577 76 412 265 810 731 657 44 676 834 789 121 597 263 895 105 101 970 338 790 827 600 499 165 220 317 376 758 591 670 665 813 762 553 386 830 40 381 214 967 375 138 668 571 70 905 187 210 201 605 438 919 253 569 842 508 25 192 575 909 408 223 724 558 687 854 510 343 27 528 686 923 565 449 282 203 788 233 463 978 673 822 320 347 
21
10 33 40 45 52 57 70 71 79 103 110 122 123 134 137 138 163 164 166 186 197 
130 67
117 828 22 812 982 745 381 874 637 84 761 576 734 141 298 693 61 890 653 64 384 448 290 623 198 435 234 567 14 382 331 56 278 853 638 83 533 405 168 809 545 397 148 333 210 370 765 391 565 644 12 523 111 190 924 73 24 294 610 943 548 991 395 632 518 913 202 
28
5 8 21 24 29 32 33 41 52 55 61 69 77 83 90 101 106 111 112 116 127 134 139 145 148 149 156 159 
131 76
45 361 993 756 989 515 499 894 183 973 262 920 288 130 985 38 986 239 648 927 137 109 531 452 57 938 464 345 983 962 422 975 936 699 924 949 616 417 491 807 281 59 715 34 508 32 12 328 520 568 635 592 832 79 810 607 472 840 998 538 929 534 263 658 510 732 448 843 584 347 991 754 710 784 145 935 
21
8 22 27 28 45 48 59 88 95 98 108 119 121 124 151 156 172 176 179 184 195 
132 99
923 885 217 687 520 944 443 786 344 957 556 570 512 345 178 295 769 101 936 703 510 36 273 194 310 626 996 767 360 123 676 947 614 930 874 84 637 282 471 802 432 195 986 238 179 49 839 493 525 713 283 951 331 945 277 674 896 835 501 852 378 699 789 455 534 64 441 775 779 111 22 742 575 487 591 257 90 386 991 982 903 235 390 609 943 776 503 366 761 998 497 876 649 983 987 372 873 842 658 
24
4 28 36 38 39 41 49 55 63 65 80 99 102 105 110 111 112 119 134 155 159 173 182 193 
133 83
538 202 484 13 961 789 183 355 750 963 410 660 332 20 415 279 753 674 708 550 412 116 432 32 664 115 433 463 580 650 576 190 23 104 772 768 452 962 739 238 164 471 638 312 297 397 562 653 811 346 878 43 38 539 321 561 403 654 559 225 523 185 853 349 200 33 427 594 761 745 528 229 730 62 323 90 758 656 456 790 769 302 135 
19
0 1 26 28 34 41 62 65 76 79 127 151 156 159 163 183 193 195 197 
134 57
872 635 66 850 218 665 414 177 562 799 9 878 275 386 666 72 388 309 203 282 277 727 762 318 357 41 559 381 958 434 232 676 911 948 739 186 526 8 84 637 336 511 103 949 396 346 13 78 868 808 486 996 759 56 389 339 43 
17
25 49 60 63 78 84 100 101 102 118 129 130 132 136 160 173 181 
135 92
489 744 758 702 368 527 132 578 502 669 1 168 695 871 267 504 188 689 195 622 938 780 237 632 890 631 710 559 41 159 377 930 614 851 328 247 484 766 655 730 756 688 293 133 125 991 806 648 253 197 849 770 296 129 761 808 650 830 997 523 857 278 946 357 524 858 283 784 617 854 380 835 167 383 884 963 403 640 479 153 693 526 412 114 402 910 743 759 443 87 588 755 
25
9 21 27 34 35 40 48 65 71 74 91 94 97 101 105 107 122 123 124 139 144 174 186 189 193 
136 65
518 360 664 585 111 980 387 870 80 216 453 616 811 653 478 4 557 182 103 419 820 245 640 324 482 171 52 25 876 797 383 568 325 942 315 868 201 372 617 301 708 505 120 982 271 40 356 744 559 781 939 465 287 49 602 156 343 896 106 251 646 725 464 622 474 
17
9 23 25 37 46 47 73 76 91 97 134 140 151 153 160 161 183 
137 58
196 670 986 882 487 961 619 224 27 580 688 598 821 161 186 344 630 317 169 860 379 63 32 273 258 184 377 614 765 728 364 497 191 310 626 992 617 696 889 810 368 998 840 988 903 516 200 855 532 216 374 353 669 165 578 915 204 520 
16
3 20 41 52 68 73 74 87 98 117 125 129 138 143 164 171 
138 68
798 482 113 715 831 515 910 151 309 141 961 92 566 486 5 163 637 227 543 257 725 531 689 158 522 127 189 900 966 692 880 29 19 870 352 167 332 702 842 398 669 662 440 914 769 460 787 617 606 384 351 751 679 815 112 54 239 624 958 405 822 111 925 315 789 213 134 512 
32
1 32 35 40 54 58 62 69 72 78 81 82 87 88 89 94 101 104 111 121 127 129 137 140 144 158 162 167 169 171 188 195 
139 72
769 875 764 211 616 695 364 147 45 598 199 780 575 871 160 2 498 340 144 107 265 805 726 94 398 951 714 550 708 166 561 574 688 530 767 225 190 269 346 790 391 613 169 962 571 904 238 617 526 390 750 908 874 208 689 772 916 437 224 310 942 359 122 984 915 78 607 356 277 339 386 623 
19
11 14 27 34 40 48 81 90 91 92 94 95 130 135 154 155 159 179 195 
140 40
902 191 625 126 706 419 937 308 198 550 708 819 633 316 658 325 288 631 526 930 693 27 36 406 53 904 99 777 594 120 638 401 17 770 696 647 788 371 450 639 
20
0 18 19 37 40 54 72 74 81 93 101 115 119 136 138 157 170 178 188 189 
141 71
499 420 816 263 895 576 58 453 848 118 172 883 482 112 630 788 435 740 266 412 708 214 530 996 347 268 743 947 789 315 78 15 89 247 504 758 432 301 967 793 53 423 203 124 543 464 723 797 770 210 289 411 633 564 466 937 715 271 130 51 615 689 60 6 85 749 196 844 528 208 366 
16
2 3 9 11 21 30 39 42 75 98 105 107 115 143 187 195 
142 100
664 245 110 61 729 638 878 33 800 466 118 452 953 39 373 342 350 96 649 28 924 789 222 74 627 294 847 252 410 489 837 883 567 725 568 234 787 392 63 616 528 919 307 623 386 968 415 989 154 857 332 369 448 705 784 298 859 266 946 806 472 94 428 459 125 969 495 21 104 262 492 176 413 246 178 846 150 308 809 785 618 697 442 776 873 249 486 337 170 613 724 882 329 601 971 260 682 181 643 473 
19
1 9 10 17 37 42 43 53 71 100 119 150 162 163 170 171 176 195 199 
143 45
635 524 366 51 14 725 567 387 861 767 360 392 900 440 181 978 472 657 693 535 757 86 165 586 364 850 972 590 763 652 457 642 983 745 284 632 990 121 200 163 159 566 943 252 707 
19
1 6 9 35 57 61 71 75 77 81 84 85 93 137 141 144 160 164 179 
144 40
454 217 59 389 362 66 843 979 772 976 62 358 654 728 854 225 618 692 779 335 964 490 416 33 785 847 452 904 356 530 992 748 827 88 878 481 184 554 714 635 
24
10 14 17 18 29 40 41 54 57 65 84 111 115 121 135 138 143 148 156 161 173 195 196 197 
145 53
314 375 411 727 921 379 506 32 348 222 666 799 325 71 940 782 626 568 716 191 561 403 134 615 467 326 582 926 519 65 857 620 470 869 682 497 905 155 858 821 414 201 912 952 83 320 557 446 600 90 169 485 204 
15
4 27 77 78 80 107 121 127 130 160 164 170 173 179 181 
146 42
907 594 885 95 655 36 73 961 732 991 652 141 94 770 612 847 531 938 578 973 588 904 979 314 200 990 443 522 349 586 461 619 871 160 524 874 84 479 109 118 745 192 
15
8 18 26 33 55 65 71 76 78 124 147 158 181 184 193 
147 64
378 536 595 279 20 125 689 800 465 781 702 307 835 914 132 685 805 410 487 376 481 967 160 713 752 226 305 844 207 170 355 420 161 857 52 245 877 112 214 28 899 238 904 941 255 706 379 761 298 446 150 547 468 431 251 646 787 187 898 740 325 957 254 412 
18
6 25 28 29 30 41 57 64 90 91 97 100 122 146 163 189 197 199 
148 55
62 255 837 35 870 793 542 930 693 178 794 557 985 60 678 133 300 142 75 552 922 41 436 727 482 146 286 103 656 235 605 422 589 668 954 243 502 849 138 770 864 153 325 9 529 603 366 329 181 625 33 136 558 465 544 
17
22 24 28 36 45 69 71 80 81 91 130 144 158 163 176 181 191 
149 95
465 484 892 738 78 412 259 760 562 861 694 527 199 577 744 520 353 450 371 845 55 411 174 160 792 707 75 226 384 273 898 649 354 433 907 952 873 241 964 630 741 888 493 225 936 462 601 776 215 847 664 812 34 552 550 328 920 133 561 333 166 155 322 954 286 114 448 677 973 11 880 169 837 730 62 633 475 635 906 432 933 851 684 517 309 783 938 682 636 803 647 195 362 28 279 
12
9 73 82 89 99 109 124 130 151 159 178 193 
150 102
440 352 905 571 110 909 861 897 28 482 148 49 717 839 939 772 271 702 723 30 364 698 650 262 391 608 134 146 981 722 397 564 459 380 755 462 629 155 586 85 492 7 874 416 367 520 78 737 236 355 233 734 882 13 336 81 415 975 896 162 748 943 803 469 566 232 843 290 606 773 536 394 60 473 139 726 410 577 524 190 485 819 476 810 977 879 283 951 205 908 73 603 436 937 654 630 788 393 537 616 690 374 
17
3 6 7 9 12 37 50 57 69 84 108 117 142 154 159 169 183 
151 65
385 628 336 858 711 395 790 193 588 35 843 95 919 327 379 276 61 772 431 943 232 832 437 674 271 450 292 201 950 661 106 439 259 417 454 787 128 249 91 404 182 367 190 867 709 25 420 827 331 109 440 914 953 85 401 796 870 593 852 141 910 725 892 655 971 
20
13 15 18 23 39 41 58 61 66 73 84 90 114 131 133 136 149 162 184 188 
152 101
379 905 352 904 737 865 30 327 827 326 195 820 674 437 103 654 506 840 743 759 249 727 495 386 282 361 1 323 876 718 29 937 278 779 413 299 469 232 268 344 442 126 816 624 348 813 850 665 112 721 563 147 314 92 544 711 377 414 768 136 972 777 66 925 251 294 962 296 871 397 63 380 122 735 67 383 844 765 520 710 543 969 635 811 143 477 652 151 388 575 909 751 83 918 439 676 428 762 174 7 508 
19
0 3 8 11 19 24 45 50 59 77 120 124 163 176 178 180 181 196 197 
153 84
424 819 33 701 582 463 241 944 75 252 577 805 972 96 764 994 69 306 824 991 29 363 163 874 158 787 107 423 773 378 480 708 875 446 999 683 260 5 339 741 259 686 709 77 82 477 217 50 718 165 791 870 321 822 723 381 895 394 896 61 973 462 726 225 98 691 357 774 54 221 529 292 584 246 846 178 935 434 355 522 800 977 643 476 
18
30 36 60 63 72 80 81 86 90 93 100 112 118 136 166 167 188 197 
154 86
430 742 445 99 881 279 112 94 252 501 209 604 999 121 288 128 822 236 78 412 728 807 333 160 2 943 153 536 299 722 801 790 770 251 917 285 342 692 658 324 145 774 113 490 672 413 740 534 701 499 576 497 875 6 805 638 653 976 985 477 161 328 702 354 117 681 180 259 958 290 782 463 212 689 136 677 510 27 194 627 293 472 393 250 391 707 
17
10 12 30 41 42 60 77 79 92 107 110 120 139 150 170 184 194 
155 71
265 988 593 367 920 762 45 993 424 980 585 853 31 623 657 420 25 583 346 159 802 486 469 390 606 448 211 132 280 991 946 551 547 793 556 195 10 454 849 294 812 9 167 278 14 143 291 327 732 141 553 474 226 941 6 397 952 414 303 724 271 429 285 866 738 422 61 297 782 608 213 
24
12 18 22 25 35 37 42 51 57 65 69 83 88 94 99 111 119 126 132 139 174 189 190 199 
156 70
824 949 519 23 813 177 256 967 103 36 352 184 836 599 520 96 354 72 941 790 138 989 436 555 259 213 924 837 600 423 581 976 776 33 461 720 568 323 313 550 846 624 848 367 885 582 108 977 573 18 462 932 801 860 435 403 324 479 242 390 143 459 538 104 840 328 802 975 27 343 
23
9 32 33 42 48 55 72 79 86 101 103 111 118 130 131 133 144 157 159 172 177 196 197 
157 78
948 790 711 79 474 614 78 473 199 902 270 490 231 626 903 900 979 77 102 418 465 544 724 408 5 335 19 493 949 251 362 441 46 901 822 427 111 661 898 977 491 595 481 849 405 662 682 719 830 699 857 364 179 686 57 944 638 983 864 861 229 889 413 966 581 914 282 726 431 984 683 62 750 197 439 597 123 143 
25
17 31 34 53 55 62 69 76 85 86 90 100 140 156 160 162 163 169 171 177 183 184 195 196 199 
158 80
542 828 302 855 814 261 753 795 321 240 596 543 395 691 138 770 913 360 397 2 813 932 853 131 289 879 355 338 593 988 514 365 402 7 164 717 638 113 199 604 561 403 682 220 786 452 183 420 863 150 317 238 475 70 905 175 843 509 217 50 885 490 332 116 617 478 518 184 62 229 730 319 820 486 722 125 292 423 507 173 
22
8 12 33 43 69 76 87 89 94 99 101 109 115 118 123 138 146 148 176 178 183 193 
159 102
223 636 803 361 528 124 629 919 676 509 518 768 769 936 966 837 98 265 933 921 772 451 24 515 12 969 389 890 330 883 716 494 573 652 159 238 791 960 793 962 127 341 578 786 707 380 256 924 872 371 813 840 329 882 106 217 49 486 820 662 30 218 376 209 247 854 520 790 347 344 28 314 313 647 410 516 279 990 812 575 733 851 16 544 149 622 226 466 396 229 641 870 369 541 825 428 139 807 649 917 750 276 
21
5 11 30 39 55 75 90 93 95 104 127 128 130 132 133 139 149 150 156 175 178 
160 65
819 928 1 527 990 403 33 665 985 183 332 490 962 409 351 193 693 456 61 752 660 68 751 714 196 587 747 589 414 110 73 721 484 397 737 325 404 947 452 45 954 401 917 759 60 529 852 149 645 558 163 283 912 690 941 625 783 276 987 880 643 485 145 224 316 
21
21 22 28 29 40 50 61 83 91 94 119 126 134 136 143 145 157 171 175 188 196 
161 107
808 307 119 453 949 114 8 843 570 793 960 370 68 439 105 838 326 301 897 229 396 713 526 6 173 13 347 349 981 520 362 399 83 961 794 500 421 980 743 269 151 995 840 761 302 803 525 209 366 700 515 804 883 962 548 955 560 799 987 276 234 748 711 490 815 905 352 979 487 821 988 921 754 833 963 462 898 590 256 511 177 184 685 764 369 536 870 762 94 595 261 37 705 784 690 118 619 786 264 106 27 585 418 551 20 60 394 
24
8 11 44 61 62 63 64 89 101 102 103 105 111 114 127 128 136 144 164 167 177 182 183 197 
162 100
486 152 726 824 48 883 411 781 939 104 607 412 834 484 651 958 630 463 797 330 497 592 740 29 266 521 187 108 616 431 97 887 729 735 498 179 679 938 277 46 836 915 488 311 718 560 650 316 483 799 9 446 751 417 248 880 285 127 523 338 839 40 207 754 833 957 122 65 460 671 504 763 76 224 339 177 845 951 495 161 692 26 342 737 897 738 935 768 705 538 514 848 532 128 295 462 891 557 539 38 
23
12 21 36 40 54 60 61 67 70 72 81 84 97 107 111 116 138 142 151 157 168 177 190 
163 111
792 285 268 936 46 547 678 177 441 392 192 418 562 316 474 391 224 57 535 482 649 315 15 850 349 173 674 94 261 221 378 879 804 172 567 960 644 170 565 77 867 946 753 437 215 623 105 737 184 26 631 78 362 115 573 820 80 317 254 821 53 830 280 828 433 354 569 834 870 202 931 597 165 253 86 276 434 908 361 357 682 287 621 243 223 839 710 877 543 308 624 250 546 453 620 640 139 539 873 540 465 131 517 183 939 605 104 144 812 575 627 
17
17 20 44 59 70 91 95 109 119 129 133 142 147 148 152 157 170 
164 78
350 625 862 941 230 467 381 934 142 774 928 217 644 676 360 856 282 835 622 696 168 405 642 10 722 801 327 981 744 443 110 505 970 812 101 589 905 102 655 542 986 109 772 365 846 106 882 287 232 528 972 581 470 629 51 532 574 37 353 711 951 161 82 251 177 393 634 332 95 139 850 534 608 322 164 875 842 368 
21
14 20 22 24 30 37 42 43 45 62 93 120 125 127 129 137 143 145 161 180 189 
165 48
70 775 92 724 250 120 594 41 745 271 824 743 188 77 225 521 621 140 510 20 260 801 912 104 474 378 412 746 550 78 173 797 876 484 247 162 524 287 150 681 204 349 981 776 295 503 577 414 
22
5 7 8 26 35 42 57 60 69 76 79 90 94 118 119 167 169 174 176 182 189 195 
166 56
424 533 928 132 211 369 474 20 731 652 382 806 991 732 119 988 970 180 635 578 23 269 60 455 85 401 31 242 550 809 624 229 669 683 855 522 690 374 931 642 926 75 391 235 551 1000 921 677 993 914 327 722 899 109 513 671 
24
7 18 21 30 41 56 62 64 73 76 80 87 90 91 99 101 104 105 110 119 123 129 153 175 
167 69
671 434 313 866 691 296 217 613 555 81 303 540 548 746 904 425 267 978 166 122 675 845 749 354 880 843 685 448 554 452 951 865 405 257 599 562 192 344 456 212 27 603 761 328 624 639 638 315 156 700 478 515 645 181 567 409 149 378 852 146 857 568 467 948 815 578 479 874 558 
20
7 36 37 38 49 54 76 78 93 97 98 111 138 153 161 165 180 190 191 199 
168 57
602 317 349 829 197 345 503 468 310 887 701 69 177 769 323 402 827 272 675 490 174 999 925 185 817 373 768 842 84 304 83 672 616 63 845 998 184 155 673 81 871 279 54 271 587 439 735 144 589 407 91 881 879 326 721 677 11 
9
1 10 24 105 110 115 162 172 194 
169 106
200 853 18 419 920 160 230 885 551 718 557 428 836 502 322 954 576 333 175 843 492 993 313 708 207 311 144 579 895 213 371 766 163 643 732 848 829 39 759 592 285 953 118 377 240 477 148 777 795 628 914 880 45 710 147 982 34 27 106 571 911 627 202 281 439 921 588 181 958 298 632 960 838 170 801 133 205 916 658 491 324 475 317 150 418 919 876 733 312 980 841 438 350 517 278 621 955 120 454 26 694 72 573 696 74 909 
18
23 46 49 55 58 62 72 86 91 97 112 127 138 150 157 165 176 181 
170 59
809 256 452 215 528 841 4 500 608 132 290 547 165 437 990 675 562 404 377 173 462 6 783 869 576 181 555 147 265 660 966 176 278 544 692 60 964 821 746 193 512 196 293 589 905 960 521 995 442 997 49 385 755 690 142 300 616 338 891 
19
14 21 30 35 37 38 47 69 79 82 118 140 142 145 154 163 176 177 194 
171 60
91 892 102 828 47 126 293 846 811 258 814 77 891 377 414 572 490 964 806 887 843 265 49 286 698 994 550 301 949 542 912 505 762 652 810 958 266 44 194 704 106 185 457 346 136 452 479 766 311 911 437 578 104 319 872 761 403 482 956 752 
16
6 16 27 65 79 86 115 120 123 137 138 142 157 160 182 197 
172 57
508 577 103 17 175 649 236 180 324 287 904 983 44 360 636 263 707 855 963 336 573 711 156 796 537 7 969 462 146 538 12 454 713 923 528 689 253 764 662 25 499 973 104 931 404 996 468 231 475 554 327 880 214 925 47 521 484 
17
7 26 28 41 44 55 56 73 89 108 115 131 156 168 193 194 199 
173 103
684 628 244 634 855 187 900 566 65 416 583 879 211 885 373 898 80 491 886 552 175 60 878 377 53 87 922 393 235 194 115 826 203 835 598 313 559 392 236 651 493 650 316 834 154 412 271 995 690 542 700 219 38 275 196 986 815 186 1000 298 131 35 272 114 257 178 585 348 656 443 48 883 71 293 911 595 365 761 788 287 390 311 645 389 436 808 307 547 714 299 374 541 40 751 938 604 180 669 45 880 766 256 924 
11
37 44 66 76 81 124 132 134 144 145 190 
174 102
1 669 400 598 264 287 496 965 807 75 910 138 40 324 956 789 72 907 107 775 929 261 762 534 387 539 38 421 799 447 52 763 184 351 869 85 401 810 736 226 894 684 183 696 30 109 820 511 872 37 241 179 786 340 481 148 550 961 110 821 629 295 453 718 885 774 41 357 737 236 671 592 267 768 600 995 446 683 246 413 158 492 44 564 606 172 70 358 365 760 523 602 634 474 975 638 304 805 772 328 407 303 
20
3 19 20 32 34 37 72 78 86 89 120 122 124 135 155 165 175 183 190 192 
175 64
8 714 978 698 856 401 322 235 962 14 567 554 998 195 906 274 302 223 285 132 929 744 112 162 952 88 810 778 75 234 752 344 543 997 623 845 141 881 447 410 329 724 316 163 597 548 153 466 782 29 140 176 926 768 38 749 600 837 578 969 525 113 384 147 
25
22 41 42 46 48 52 61 70 75 77 91 100 111 115 116 118 123 159 160 166 174 183 187 188 198 
176 45
88 562 688 950 871 206 278 238 632 44 621 251 991 131 268 342 299 931 154 142 527 290 888 18 719 995 36 480 875 889 179 811 478 524 50 766 217 893 498 380 30 57 215 534 139 
25
0 5 14 35 47 56 58 63 79 107 108 110 116 118 122 128 131 142 148 152 158 165 169 170 187 
177 66
596 833 517 741 188 978 145 463 413 808 368 605 526 86 827 432 669 281 597 834 992 682 919 840 756 677 674 328 143 806 182 441 850 664 901 111 264 422 228 70 958 784 397 321 979 333 17 897 928 338 891 151 521 421 720 88 791 954 85 640 622 844 194 273 984 393 
20
20 21 27 28 75 86 89 95 107 110 112 124 128 156 157 161 162 170 185 192 
178 57
448 606 65 505 979 283 204 722 90 537 774 326 405 755 516 886 434 908 973 600 261 816 335 310 602 466 762 614 862 443 258 373 706 186 371 773 852 779 305 884 252 217 69 481 986 433 271 613 171 208 948 652 23 102 85 322 6 
26
5 27 41 44 49 51 75 78 87 96 97 102 123 127 140 149 152 158 159 183 186 192 193 194 195 198 
179 80
866 550 383 899 425 24 103 419 563 800 590 290 219 377 78 868 641 556 580 422 682 208 90 169 107 729 176 916 584 250 319 486 689 537 130 980 895 850 575 779 912 535 201 452 118 434 325 158 402 320 226 894 657 985 150 334 668 805 832 53 554 238 572 885 508 842 174 865 212 731 898 681 439 773 166 106 941 385 855 223 
20
8 14 49 50 51 64 77 95 99 105 112 115 121 128 131 139 143 145 186 194 
180 39
381 323 365 793 95 983 768 452 32 822 214 658 571 729 359 153 693 930 524 544 228 370 222 137 532 458 828 907 897 305 130 446 224 950 251 330 982 666 429 
20
14 22 34 42 43 46 52 55 56 84 89 113 114 125 152 164 167 182 183 197 
181 102
337 671 838 822 154 982 481 465 966 799 280 830 496 761 327 995 248 862 335 217 184 351 82 330 460 855 264 975 854 965 303 7 955 797 630 473 552 957 420 679 784 152 310 522 619 285 172 925 276 572 959 417 101 378 211 931 764 322 137 324 511 589 255 526 710 42 6 674 562 395 829 495 607 195 529 924 89 103 956 288 611 945 865 135 970 636 588 979 320 821 994 626 292 125 915 357 858 301 468 802 843 676 
23
10 31 34 50 53 83 89 90 104 107 111 114 126 134 145 146 148 152 169 183 191 193 199 
182 42
973 578 736 11 37 827 600 156 193 781 411 917 522 232 198 821 349 571 608 155 550 239 318 850 884 243 325 404 844 859 622 308 545 820 779 743 932 63 645 882 17 412 
16
31 47 59 84 90 106 132 161 165 171 180 184 187 190 191 198 
183 46
458 22 617 538 380 951 542 993 108 293 405 332 998 850 35 904 343 639 412 920 930 772 565 170 948 393 116 353 831 863 917 732 934 527 290 188 447 207 286 192 903 674 415 670 198 909 
28
2 6 16 29 30 31 43 48 60 61 68 73 85 118 120 128 133 136 150 157 158 161 174 175 178 180 181 198 
184 74
39 434 739 897 402 244 580 422 845 353 168 308 354 670 196 732 504 188 14 902 823 112 995 219 140 84 269 585 286 374 263 381 460 677 603 259 496 575 843 288 483 722 485 236 869 36 257 99 62 941 23 97 319 370 63 806 174 692 476 318 281 640 904 430 746 858 821 429 350 40 849 928 333 175 
16
3 7 12 31 63 66 75 85 94 119 131 146 151 154 157 182 
185 78
62 744 753 781 928 630 105 184 660 897 37 888 165 560 402 636 340 526 388 171 811 567 330 866 234 155 348 585 792 268 971 587 745 113 903 291 153 264 199 594 41 125 717 559 707 65 248 698 933 459 527 60 315 812 331 750 716 403 907 38 689 926 964 807 820 633 80 635 731 494 889 968 420 973 127 360 365 286 
13
31 65 75 76 77 78 85 106 118 121 122 177 186 
186 84
300 59 729 51 889 257 791 554 53 469 135 846 214 78 868 611 57 538 643 805 65 530 697 212 370 392 313 910 673 120 515 809 32 328 794 250 83 478 761 243 453 954 615 681 347 180 501 668 732 490 991 145 935 434 693 175 233 470 270 665 148 275 271 43 544 149 70 723 55 775 608 798 227 561 322 656 350 183 26 818 344 318 131 519 
12
4 12 22 35 41 67 101 129 135 178 179 185 
187 62
469 112 349 416 136 294 689 687 30 121 433 275 470 671 276 987 745 666 782 329 171 408 184 658 146 405 333 927 688 599 157 971 626 774 478 420 790 186 963 543 921 970 540 66 325 680 285 919 989 730 639 323 165 431 681 360 755 60 198 356 467 870 
19
20 26 38 39 40 43 50 56 57 76 82 83 87 109 115 141 175 176 182 
188 44
137 848 604 37 748 486 565 91 80 191 487 645 484 213 57 916 205 720 105 68 718 52 378 85 855 804 730 257 738 35 430 8 245 473 276 118 935 454 662 477 161 298 780 543 
25
14 18 25 26 27 54 64 73 84 87 97 99 100 105 106 114 117 121 138 140 151 153 160 175 194 
189 101
22 824 969 287 955 638 360 694 691 59 877 470 699 874 373 888 780 947 358 573 20 810 563 378 952 839 4 557 38 828 428 902 507 340 103 814 218 442 746 114 35 763 52 131 818 152 444 793 125 459 15 246 927 76 722 959 796 996 908 739 71 80 598 440 756 851 517 912 77 743 946 111 266 934 170 17 499 165 639 7 831 436 41 542 249 583 311 548 738 18 423 590 132 729 228 702 650 149 704 783 119 
18
23 30 43 46 56 66 81 85 96 101 108 135 140 147 155 164 165 196 
190 58
579 665 586 981 696 434 109 504 220 651 414 893 972 858 327 159 791 714 319 333 664 690 160 567 589 478 162 495 336 99 524 40 909 798 113 187 224 328 991 638 41 606 448 469 232 214 56 897 186 102 546 334 176 531 420 521 995 837 
16
18 23 25 28 40 76 99 101 104 120 155 162 167 173 174 182 
191 60
778 541 163 5 400 311 74 898 740 781 191 743 203 425 820 317 946 788 566 961 588 430 825 850 275 776 460 312 458 976 125 859 192 639 563 10 237 316 790 975 892 409 964 224 726 647 315 130 574 100 680 285 135 468 9 325 284 99 62 59 
20
1 6 17 29 38 39 52 58 62 67 79 94 118 122 148 167 181 182 197 198 
192 97
481 122 856 373 761 124 835 501 845 924 95 569 68 688 286 119 706 298 772 324 403 434 987 304 462 664 348 181 23 40 356 988 320 636 725 244 876 922 281 448 108 661 650 253 510 473 141 809 827 932 894 226 198 532 196 808 307 148 185 106 871 72 633 667 631 297 534 878 101 175 635 240 204 948 910 242 617 775 911 890 526 192 565 644 310 531 364 457 378 879 703 730 229 651 150 551 47 
14
9 13 21 23 41 89 96 118 119 121 128 174 177 178 
193 85
850 474 80 915 129 968 99 20 44 563 168 89 754 596 284 691 375 449 370 842 37 322 164 427 290 448 53 108 664 831 910 752 19 520 830 249 565 12 861 940 50 384 68 903 561 901 734 993 905 668 755 588 662 859 622 715 90 65 623 957 579 658 816 17 184 970 942 695 250 171 645 311 276 744 243 911 848 364 512 617 951 953 939 104 772 
22
2 5 8 22 29 33 57 62 69 94 96 97 111 132 133 135 146 149 158 172 178 181 
194 89
466 720 52 871 36 415 820 917 127 628 436 317 872 998 712 879 405 176 119 356 446 841 332 806 490 345 740 329 33 921 605 195 353 654 880 399 636 986 761 427 817 316 948 401 638 60 100 867 53 303 38 539 344 242 452 535 76 39 21 689 355 170 960 694 457 141 923 736 264 431 273 875 708 207 142 737 640 57 391 725 797 143 301 784 595 121 757 599 98 
17
3 19 28 43 48 54 70 83 90 115 154 168 170 172 178 179 188 
195 72
24 891 568 385 464 944 312 451 530 372 525 10 232 818 341 262 82 161 110 349 534 613 60 54 207 752 594 199 21 650 966 277 906 475 497 756 978 579 855 300 150 700 547 954 266 29 788 196 508 234 715 869 527 601 646 228 479 146 521 442 924 371 408 886 412 671 513 878 957 689 294 136 
23
11 29 33 53 58 62 64 68 77 82 83 104 113 131 133 138 139 141 142 144 157 165 178 
196 98
407 908 564 731 485 689 355 567 901 172 26 620 787 301 161 640 473 812 970 135 515 752 852 62 931 764 56 609 982 39 15 726 331 946 199 867 639 560 523 365 128 148 74 627 123 4 92 72 960 719 529 804 64 990 200 674 121 279 435 514 40 509 272 221 253 244 411 885 179 653 638 358 24 394 444 611 224 80 317 150 94 762 433 333 300 968 492 887 553 869 524 269 521 771 994 678 924 590 
19
12 13 18 30 34 43 73 78 100 102 118 123 124 144 152 156 157 160 189 
197 92
716 914 541 468 839 4 37 438 27 852 893 103 344 851 776 539 838 759 668 589 88 641 878 576 242 57 531 728 358 933 346 513 601 434 292 593 276 777 285 619 314 536 937 23 357 278 801 537 221 932 380 881 319 710 789 44 834 813 980 367 791 80 14 447 52 526 375 296 129 607 482 702 180 151 986 117 464 636 803 753 252 586 112 235 402 903 587 470 600 99 810 466 
22
5 30 35 49 55 80 89 103 104 116 129 133 144 147 152 153 156 161 171 180 191 198 
198 58
963 917 825 629 392 897 660 305 542 384 638 875 562 878 301 865 579 658 25 341 578 738 8 520 724 547 623 762 932 710 490 575 281 676 145 652 541 278 274 385 19 572 646 133 54 212 402 813 339 864 346 807 91 881 756 998 50 682 
18
29 36 61 71 93 98 100 103 106 109 110 118 175 178 182 183 191 197 
199 53
24 198 926 901 111 743 339 8 798 527 453 796 649 612 468 801 597 281 876 802 99 645 16 78 745 113 924 200 595 151 272 748 760 405 293 84 761 317 393 869 736 161 477 252 425 899 902 222 856 145 777 658 26 
13
9 44 71 88 92 94 142 147 155 157 167 172 181 
