200 1000
1 1 1 1 1 1 1 1 1 1 1 1 1 1 1 1 1 1 1 1 
1 1 1 1 1 1 1 1 1 1 1 1 1 1 1 1 1 1 1 1 
1 1 1 1 1 1 1 1 1 1 1 1 1 1 1 1 1 1 1 1 
1 1 1 1 1 1 1 1 1 1 1 1 1 1 1 1 1 1 1 1 
1 1 1 1 1 1 1 1 1 1 1 1 1 1 1 1 1 1 1 1 
1 1 1 1 1 1 1 1 1 1 1 1 1 1 1 1 1 1 1 1 
1 1 1 1 1 1 1 1 1 1 1 1 1 1 1 1 1 1 1 1 
1 1 1 1 1 1 1 1 1 1 1 1 1 1 1 1 1 1 1 1 
1 1 1 1 1 1 1 1 1 1 1 1 1 1 1 1 1 1 1 1 
1 1 1 1 1 1 1 1 1 1 1 1 1 1 1 1 1 1 1 1 
1 1 1 1 1 1 1 1 1 1 1 1 1 1 1 1 1 1 1 1 
1 1 1 1 1 1 1 1 1 1 1 1 1 1 1 1 1 1 1 1 
1 1 1 1 1 1 1 1 1 1 1 1 1 1 1 1 1 1 1 1 
1 1 1 1 1 1 1 1 1 1 1 1 1 1 1 1 1 1 1 1 
1 1 1 1 1 1 1 1 1 1 1 1 1 1 1 1 1 1 1 1 
1 1 1 1 1 1 1 1 1 1 1 1 1 1 1 1 1 1 1 1 
1 1 1 1 1 1 1 1 1 1 1 1 1 1 1 1 1 1 1 1 
1 1 1 1 1 1 1 1 1 1 1 1 1 1 1 1 1 1 1 1 
1 1 1 1 1 1 1 1 1 1 1 1 1 1 1 1 1 1 1 1 
1 1 1 1 1 1 1 1 1 1 1 1 1 1 1 1 1 1 1 1 
1 1 1 1 1 1 1 1 1 1 1 1 1 1 1 1 1 1 1 1 
1 1 1 1 1 1 1 1 1 1 1 1 1 1 1 1 1 1 1 1 
1 1 1 1 1 1 1 1 1 1 1 1 1 1 1 1 1 1 1 1 
1 1 1 1 1 1 1 1 1 1 1 1 1 1 1 1 1 1 1 1 
1 1 1 1 1 1 1 1 1 1 1 1 1 1 1 1 1 1 1 1 
1 1 1 1 1 1 1 1 1 1 1 1 1 1 1 1 1 1 1 1 
1 1 1 1 1 1 1 1 1 1 1 1 1 1 1 1 1 1 1 1 
1 1 1 1 1 1 1 1 1 1 1 1 1 1 1 1 1 1 1 1 
1 1 1 1 1 1 1 1 1 1 1 1 1 1 1 1 1 1 1 1 
1 1 1 1 1 1 1 1 1 1 1 1 1 1 1 1 1 1 1 1 
1 1 1 1 1 1 1 1 1 1 1 1 1 1 1 1 1 1 1 1 
1 1 1 1 1 1 1 1 1 1 1 1 1 1 1 1 1 1 1 1 
1 1 1 1 1 1 1 1 1 1 1 1 1 1 1 1 1 1 1 1 
1 1 1 1 1 1 1 1 1 1 1 1 1 1 1 1 1 1 1 1 
1 1 1 1 1 1 1 1 1 1 1 1 1 1 1 1 1 1 1 1 
1 1 1 1 1 1 1 1 1 1 1 1 1 1 1 1 1 1 1 1 
1 1 1 1 1 1 1 1 1 1 1 1 1 1 1 1 1 1 1 1 
1 1 1 1 1 1 1 1 1 1 1 1 1 1 1 1 1 1 1 1 
1 1 1 1 1 1 1 1 1 1 1 1 1 1 1 1 1 1 1 1 
1 1 1 1 1 1 1 1 1 1 1 1 1 1 1 1 1 1 1 1 
1 1 1 1 1 1 1 1 1 1 1 1 1 1 1 1 1 1 1 1 
1 1 1 1 1 1 1 1 1 1 1 1 1 1 1 1 1 1 1 1 
1 1 1 1 1 1 1 1 1 1 1 1 1 1 1 1 1 1 1 1 
1 1 1 1 1 1 1 1 1 1 1 1 1 1 1 1 1 1 1 1 
1 1 1 1 1 1 1 1 1 1 1 1 1 1 1 1 1 1 1 1 
1 1 1 1 1 1 1 1 1 1 1 1 1 1 1 1 1 1 1 1 
1 1 1 1 1 1 1 1 1 1 1 1 1 1 1 1 1 1 1 1 
1 1 1 1 1 1 1 1 1 1 1 1 1 1 1 1 1 1 1 1 
1 1 1 1 1 1 1 1 1 1 1 1 1 1 1 1 1 1 1 1 
1 1 1 1 1 1 1 1 1 1 1 1 1 1 1 1 1 1 1 1 

0 86
411 244 772 632 431 932 695 906 344 852 631 767 254 333 570 649 15 884 252 480 647 773 940 154 672 198 342 263 128 918 876 560 247 827 326 879 168 58 638 137 367 50 716 47 380 873 183 294 531 803 645 311 914 440 180 354 425 346 777 902 568 735 498 290 42 595 544 141 809 475 82 249 863 826 370 133 463 201 641 88 102 418 285 980 427 567 
18
1 13 18 20 29 30 69 78 81 91 110 114 122 132 133 172 184 194 
1 74
405 958 951 840 260 491 136 531 610 25 736 896 343 422 106 959 722 685 606 641 878 464 543 538 854 459 301 131 921 342 421 46 706 790 901 383 798 724 397 286 804 989 410 299 75 455 751 571 127 544 68 512 762 355 150 56 559 717 310 495 823 344 897 821 202 913 44 686 862 467 200 560 651 888 
21
0 6 57 65 69 71 72 78 85 104 119 127 128 153 165 172 181 187 188 190 195 
2 75
512 13 961 790 948 193 667 269 987 434 839 203 677 361 166 561 87 831 67 927 216 581 502 423 507 356 874 947 846 24 656 468 879 642 287 338 22 175 96 42 745 872 955 992 75 545 931 228 36 99 263 816 520 459 15 531 565 537 268 888 804 330 14 81 68 954 819 29 438 991 201 686 945 928 151 
18
10 19 39 61 64 77 104 120 125 130 138 148 149 158 177 185 191 197 
3 40
428 773 713 397 891 3 805 967 276 683 89 903 977 348 219 930 61 579 949 554 739 13 638 759 680 707 538 128 760 544 460 893 24 419 462 541 341 37 471 728 
16
6 13 59 60 86 87 88 90 98 123 133 157 163 177 178 193 
4 78
40 514 672 593 97 650 543 566 936 343 738 422 495 384 700 895 579 266 661 338 733 490 253 298 485 87 403 640 494 753 389 547 310 66 649 212 844 607 133 548 706 910 836 762 399 584 776 480 945 323 202 755 734 335 611 713 269 429 824 696 141 396 926 135 860 556 82 14 50 603 747 507 902 191 613 104 815 578 
20
12 23 42 44 59 67 80 92 96 97 111 118 121 132 141 157 166 168 170 188 
5 77
398 607 528 765 829 434 154 549 944 854 362 576 260 688 675 754 822 980 955 202 439 138 153 911 279 615 694 162 794 4 144 218 376 929 92 488 251 962 611 532 789 11 899 317 354 764 209 507 403 324 331 546 72 195 397 27 975 198 426 341 253 364 993 842 210 799 404 105 895 814 164 705 693 298 621 384 937 
18
11 45 51 52 55 68 70 77 83 100 115 150 154 173 177 187 193 195 
6 31
674 224 446 382 641 308 752 74 380 1 205 324 424 31 677 902 448 369 866 607 61 894 854 63 174 439 661 996 885 737 552 
22
1 3 19 26 34 40 45 57 101 113 118 119 135 136 145 172 177 184 186 190 191 195 
7 62
94 596 201 122 490 964 806 887 571 91 170 249 979 902 349 70 465 810 415 114 780 467 704 898 48 164 53 169 157 123 715 38 741 1 807 450 817 847 235 935 627 605 368 451 961 45 642 563 944 693 217 318 957 325 483 890 19 335 39 113 284 205 
16
17 26 29 31 35 60 77 86 87 89 93 95 106 129 154 188 
8 86
126 371 37 872 563 912 573 907 503 977 345 881 644 170 3 556 702 906 827 353 698 183 161 829 908 852 870 858 24 182 552 473 481 323 876 549 233 354 205 942 246 413 176 672 988 918 250 674 832 940 39 874 84 242 125 757 14 767 166 610 111 440 480 647 313 866 787 964 384 718 885 727 900 464 622 895 60 259 101 581 594 871 370 469 943 311 
26
11 25 50 65 69 78 104 107 114 123 124 127 131 149 153 161 164 170 171 174 178 179 180 186 187 196 
9 58
669 650 741 758 205 916 869 395 324 798 266 146 541 857 298 853 932 272 901 427 996 917 578 905 115 596 818 955 286 730 836 22 83 624 957 698 764 394 911 358 630 895 821 355 671 612 617 538 460 470 840 452 119 810 33 179 374 611 
13
23 30 33 72 79 81 110 113 165 167 179 189 198 
10 53
552 789 168 43 924 845 312 865 944 781 366 3 225 146 971 347 584 602 256 303 676 123 678 546 480 361 835 801 374 782 785 904 262 499 537 167 251 29 885 806 732 701 630 186 581 170 318 392 76 652 874 837 51 
17
2 15 27 44 48 57 79 93 103 104 109 123 131 137 144 173 196 
11 58
785 548 278 879 171 359 43 856 461 382 239 318 146 857 701 442 600 226 621 781 939 86 716 753 595 368 176 986 749 732 333 111 319 25 835 539 243 138 53 372 587 735 518 439 57 806 174 259 22 799 155 342 895 821 347 665 975 264 
20
5 8 13 14 20 32 43 45 75 81 98 111 117 118 125 126 129 160 174 197 
12 55
515 790 237 305 858 713 333 799 246 641 86 770 622 480 6 486 18 97 434 929 383 522 996 724 280 475 362 204 580 865 569 458 202 651 177 19 572 627 921 440 203 155 192 903 90 211 931 450 820 660 265 84 242 208 23 
18
4 24 33 44 50 54 60 64 74 82 84 85 88 124 134 144 156 162 
13 54
447 419 390 864 469 935 856 206 203 677 292 366 29 108 302 776 931 98 800 356 578 657 733 244 281 126 533 109 146 293 836 441 174 566 714 35 825 595 255 611 79 725 409 249 799 878 631 868 833 43 596 859 230 388 
17
0 3 11 14 21 65 67 92 96 102 129 137 147 166 185 189 199 
14 89
280 594 413 914 492 826 993 791 479 646 575 922 53 527 172 883 695 458 685 852 445 717 85 920 377 535 347 268 679 440 167 835 144 688 925 442 609 882 771 297 276 687 169 248 786 83 970 469 153 245 398 240 829 161 182 319 152 55 389 30 261 595 358 114 287 621 603 770 16 350 714 881 789 841 507 838 44 420 952 117 467 133 484 397 567 901 494 874 373 
23
11 13 20 34 43 45 57 78 79 80 82 110 111 112 120 127 132 136 150 152 159 161 164 
15 50
886 300 924 430 166 660 186 316 395 632 538 893 735 21 848 367 71 799 59 244 772 809 26 722 422 269 82 554 350 609 202 922 448 151 645 102 15 963 519 864 356 672 931 283 436 594 557 715 833 675 
18
10 45 55 68 78 86 92 101 106 116 135 138 139 173 185 187 193 196 
16 89
632 81 881 46 102 603 342 819 151 986 515 199 752 602 128 549 312 697 223 381 225 761 928 299 852 578 560 736 402 847 57 159 949 80 870 377 139 717 638 164 422 443 83 648 806 123 349 33 532 606 821 932 302 636 469 627 909 277 72 573 731 898 661 721 563 631 552 947 446 609 187 688 459 169 684 289 763 804 637 859 398 477 788 946 677 438 194 193 254 
17
18 23 30 33 38 64 72 89 113 138 140 145 151 168 169 172 189 
17 34
236 865 286 354 243 303 805 842 509 54 572 743 114 223 75 648 770 30 413 107 460 473 898 655 788 274 163 712 185 666 279 133 466 429 
17
7 22 44 64 68 73 77 88 95 100 105 133 138 141 146 178 194 
18 44
382 734 179 557 615 739 107 992 667 778 366 458 384 975 159 640 693 804 81 239 52 957 345 923 72 701 745 654 943 499 552 426 204 754 833 451 925 708 629 786 638 642 168 571 
20
0 16 35 37 51 61 67 71 80 97 118 130 133 137 145 154 165 168 183 185 
19 34
897 971 708 743 484 964 791 825 307 941 719 238 608 874 651 340 783 703 550 720 951 950 848 676 15 163 797 982 316 130 334 548 659 733 
20
2 6 30 32 36 42 53 70 76 81 87 99 103 114 119 146 161 162 165 181 
20 87
923 26 784 151 299 633 220 554 314 505 958 317 755 409 725 35 746 430 524 208 287 952 584 83 323 797 757 326 159 994 933 538 316 112 902 264 27 990 472 891 167 246 957 63 544 781 847 680 206 471 68 529 608 145 959 34 271 789 552 719 887 571 114 448 419 752 673 169 503 512 275 302 95 649 66 233 400 186 683 604 367 750 829 495 161 706 677 
23
0 11 14 54 63 67 68 73 85 93 111 113 123 127 134 135 137 152 160 172 173 180 192 
21 86
472 140 529 362 304 711 878 604 920 37 444 760 148 263 535 34 192 706 375 607 422 738 929 94 489 887 334 532 958 585 32 565 12 644 157 394 631 473 886 721 220 141 852 697 776 238 214 451 132 625 327 160 397 83 303 309 810 335 190 524 506 840 928 761 151 819 345 127 795 400 349 672 837 877 984 907 490 727 332 833 940 865 392 893 180 13 
16
13 54 69 89 94 114 132 140 155 157 161 162 167 183 191 196 
22 87
143 11 789 632 969 134 347 717 49 932 774 340 893 562 641 377 491 333 200 832 34 271 35 133 467 54 388 197 86 530 360 672 315 616 115 905 695 194 892 102 263 421 284 916 205 647 242 564 934 19 809 332 851 16 648 343 501 835 690 295 138 533 619 623 312 748 823 960 292 125 836 612 445 60 713 206 795 127 302 469 803 487 408 241 575 95 763 
22
17 25 31 32 38 55 60 86 102 111 114 122 131 132 138 149 154 160 161 163 177 180 
23 43
843 992 904 114 312 786 125 763 440 535 11 381 939 307 823 749 410 920 927 668 917 991 783 323 891 101 259 296 5 631 78 926 393 156 499 573 869 316 421 974 932 997 602 
32
4 9 16 33 38 40 44 51 54 56 57 77 87 92 94 95 110 111 115 117 118 131 159 160 162 170 171 180 182 185 187 198 
24 89
751 267 768 536 282 975 641 474 27 695 771 534 850 182 692 24 358 765 439 273 905 558 57 348 980 642 10 563 442 776 628 786 865 700 867 978 9 409 906 991 122 79 566 155 489 972 304 689 522 497 684 52 280 447 20 175 807 518 17 184 333 500 736 815 973 160 871 63 798 956 466 782 315 742 480 410 243 752 180 151 666 332 493 256 423 513 966 169 503 
19
12 26 28 30 41 42 43 50 77 83 114 123 124 125 130 131 139 162 173 
25 63
231 48 959 182 24 145 964 779 226 858 147 927 769 238 421 407 644 565 259 734 286 989 278 515 32 402 481 136 507 524 155 905 882 438 304 462 943 593 751 139 319 985 222 284 126 828 670 832 753 647 726 331 18 255 732 288 762 110 900 678 160 499 262 
25
8 22 36 51 52 61 76 83 116 127 142 144 146 147 148 150 159 166 172 175 177 185 187 190 195 
26 51
57 181 540 856 445 50 328 486 365 444 467 941 309 726 746 672 511 67 178 720 819 914 507 569 174 803 98 798 891 7 530 451 624 348 769 201 163 953 583 866 945 89 721 347 204 389 766 845 887 921 368 
16
6 7 24 37 48 56 73 76 78 84 107 122 156 185 189 194 
27 64
57 531 978 346 504 655 576 971 875 638 661 106 264 422 957 698 540 213 292 812 654 400 479 319 851 973 183 981 241 478 784 340 537 932 490 416 520 731 805 629 516 536 434 985 929 824 454 755 439 660 216 512 828 747 273 724 551 307 70 808 887 517 600 728 
14
10 47 62 82 111 121 122 131 153 167 168 178 181 182 
28 66
388 862 832 516 402 797 60 653 732 629 237 714 793 722 169 327 11 798 324 170 723 646 427 886 636 340 673 199 989 13 5 338 71 552 922 660 919 682 386 272 904 571 745 429 508 693 610 415 932 541 934 871 705 187 740 40 188 484 805 865 88 712 554 438 754 991 
22
24 31 32 33 40 61 76 87 127 130 134 155 156 157 166 171 173 175 178 184 186 193 
29 65
51 367 431 110 821 900 666 271 804 93 101 64 298 140 151 941 753 516 124 756 229 534 645 201 280 577 493 765 723 321 876 86 89 501 738 520 801 542 428 502 576 241 906 166 647 573 302 948 439 918 215 926 499 657 819 108 552 541 304 411 633 159 436 770 59 
24
0 7 41 44 45 62 70 71 73 77 100 105 107 111 113 121 132 145 153 155 165 168 173 188 
30 44
777 116 353 379 537 71 770 286 175 846 693 772 587 132 983 156 946 484 373 806 696 242 4 189 259 974 23 499 672 243 6 857 126 898 266 776 519 561 482 19 633 80 870 646 
23
0 9 16 19 24 46 62 67 75 88 95 107 110 113 120 121 122 149 157 170 177 181 186 
31 48
502 582 108 638 6 324 956 148 518 992 843 290 84 380 121 918 807 511 269 585 846 556 297 75 224 801 95 78 652 566 762 765 239 535 150 387 71 229 295 723 797 736 931 346 978 159 396 618 
18
7 22 28 38 42 73 75 76 95 97 99 113 120 127 132 175 180 188 
32 70
485 11 977 264 791 492 714 161 137 216 359 100 258 653 452 136 602 997 444 47 442 837 913 518 964 806 928 410 104 183 228 465 544 154 167 978 34 289 224 305 934 776 73 519 497 260 961 408 243 904 983 160 61 435 414 146 670 506 704 546 309 987 908 464 367 288 251 725 883 919 
29
11 19 22 28 45 54 57 58 62 65 68 74 85 108 136 144 151 152 154 163 165 166 170 182 183 185 191 196 198 
33 87
803 636 514 686 519 29 619 663 774 289 361 282 124 202 498 446 639 466 32 538 371 687 747 36 554 915 46 917 127 804 637 558 716 163 489 412 236 570 849 296 72 309 358 395 228 3 126 801 169 152 784 301 134 468 149 483 586 50 287 104 25 64 899 741 425 928 260 214 845 678 10 500 263 184 1 669 934 779 417 891 338 672 763 95 265 730 796 
26
9 12 16 23 28 62 63 65 70 71 74 76 78 90 104 107 117 124 133 134 140 147 154 165 175 197 
34 60
435 909 333 965 848 5 874 359 754 43 464 622 371 134 1 870 580 343 975 506 32 536 267 605 452 531 748 195 660 266 711 790 474 83 990 361 95 714 245 777 698 365 587 454 217 402 718 550 471 325 562 799 725 93 981 421 932 458 968 339 
13
6 14 47 51 70 72 83 97 133 136 140 155 171 
35 50
94 516 68 700 542 97 942 532 717 164 968 731 889 257 737 441 757 752 293 530 419 814 370 950 728 613 156 63 35 114 743 292 773 281 799 417 258 591 196 126 961 645 27 821 136 610 926 75 479 5 
20
7 18 46 52 54 57 60 67 76 85 99 102 105 116 155 168 182 185 196 198 
36 30
543 728 934 481 808 882 966 489 421 902 684 869 499 455 122 479 920 488 866 40 373 671 382 676 269 134 541 75 329 810 
23
19 25 41 51 57 72 88 92 101 103 106 122 124 126 130 138 143 147 158 159 160 166 193 
37 43
379 437 279 674 226 147 531 740 444 838 135 801 431 734 429 540 303 466 229 159 943 865 211 100 174 92 961 775 335 572 979 62 176 361 756 254 957 60 634 164 6 117 907 
17
18 26 43 72 82 101 120 130 143 145 152 159 169 184 190 193 196 
38 84
665 595 291 811 118 485 204 915 723 486 881 692 803 487 544 889 778 383 936 272 737 542 185 580 659 27 202 281 425 85 849 138 691 373 136 768 16 95 450 52 63 397 446 947 312 813 176 255 658 992 324 168 217 885 551 226 393 772 693 129 633 900 543 15 182 795 453 228 562 408 909 584 751 70 571 237 368 869 572 794 460 314 815 392 
15
16 22 23 31 82 93 99 107 113 128 166 171 174 178 183 
39 32
980 631 779 2 24 418 936 344 909 576 301 833 389 119 674 681 854 803 238 460 627 382 725 260 73 821 818 975 985 953 176 768 
19
2 45 48 70 76 83 87 90 102 123 128 138 144 147 172 180 181 188 189 
40 49
392 389 547 569 885 247 635 530 148 749 986 896 659 868 946 317 169 502 134 985 65 558 98 199 88 577 439 281 92 166 276 671 745 189 699 842 921 718 644 221 480 935 790 397 918 593 686 424 29 
20
6 23 28 43 55 67 76 88 99 103 121 122 139 142 145 154 160 171 181 195 
41 56
658 105 663 110 979 742 885 490 944 222 380 690 40 672 119 443 570 244 191 661 476 535 447 726 430 97 504 992 918 215 104 743 901 968 857 34 429 53 275 376 534 434 804 464 56 378 467 230 668 631 261 972 396 363 600 284 
17
24 29 36 44 62 78 80 82 88 97 114 123 131 151 165 174 183 
42 49
29 661 266 245 640 219 456 614 551 77 867 376 6 672 411 950 32 957 446 523 856 383 753 52 295 924 813 887 932 609 677 873 955 122 201 859 431 357 949 814 419 923 804 152 389 676 232 943 706 
17
4 19 24 31 44 58 85 100 104 108 125 136 139 143 146 170 182 
43 75
337 258 495 473 603 941 309 546 230 264 817 207 742 426 43 192 632 620 990 437 697 223 734 326 26 581 28 683 533 691 554 633 723 57 945 860 623 994 37 963 519 297 665 369 156 898 74 518 652 134 851 772 891 872 882 273 340 893 239 481 165 980 996 720 404 84 321 479 305 303 224 255 229 308 64 
17
11 14 24 37 40 49 69 91 93 100 121 133 138 156 160 194 195 
44 63
105 500 15 410 588 114 754 82 556 600 442 126 702 149 966 729 413 189 840 802 469 943 154 75 66 935 256 885 794 622 843 362 700 621 736 296 67 857 61 772 41 160 674 688 955 876 564 959 801 11 235 788 393 689 282 508 804 27 264 909 686 826 194 
24
4 10 12 17 23 29 41 42 65 83 87 91 93 94 117 131 148 152 160 161 164 167 168 186 
45 73
738 896 134 276 118 944 611 690 777 995 600 931 457 536 857 484 879 408 445 190 291 607 138 789 86 165 639 123 252 898 29 459 696 538 340 458 36 480 128 239 77 418 344 887 492 254 333 688 894 25 210 389 319 522 456 546 414 730 166 438 290 606 624 71 548 465 95 169 209 653 381 776 618 
21
5 6 11 14 15 29 32 39 53 54 67 78 95 101 105 133 141 146 154 181 186 
46 35
654 395 950 247 269 185 370 164 221 369 438 956 930 153 819 573 403 440 267 977 616 695 769 548 929 151 77 188 69 688 466 786 675 441 108 
23
30 35 63 66 71 76 78 87 92 104 106 109 118 119 121 132 151 166 174 178 189 195 196 
47 56
639 955 81 2 555 433 670 113 779 463 594 910 177 251 725 288 999 103 893 727 960 790 852 75 445 393 578 703 227 37 116 107 362 690 769 548 534 109 978 756 680 187 126 663 478 636 83 823 246 957 43 166 240 834 360 202 
14
27 34 49 77 93 106 110 112 118 125 127 146 147 169 
48 42
943 232 815 515 838 616 699 477 672 450 805 768 763 561 245 473 29 547 810 20 353 445 744 664 663 426 279 358 114 662 267 113 141 326 5 655 53 132 873 155 238 712 
14
10 26 39 98 103 105 106 115 118 123 153 170 194 196 
49 90
390 941 106 447 948 614 363 44 418 84 954 515 81 969 266 433 591 303 470 805 933 538 143 264 894 420 253 648 388 606 843 125 567 456 863 664 173 841 920 434 656 846 501 167 810 144 153 412 904 351 728 60 139 653 319 461 795 488 321 989 131 632 466 299 274 91 328 723 10 756 22 523 338 839 156 524 761 924 739 651 897 730 832 803 92 692 859 32 867 700 
14
43 47 58 82 89 96 133 144 162 163 180 186 188 192 
50 80
848 922 747 147 288 397 634 471 508 192 915 46 668 501 738 205 758 126 460 30 267 425 583 456 377 930 208 445 19 637 482 166 418 654 338 712 791 499 52 673 819 665 683 850 771 373 209 710 310 644 565 391 114 509 316 954 875 322 796 963 32 105 621 287 454 296 371 116 590 382 144 311 469 127 163 330 703 229 62 764 
15
8 12 24 69 86 107 120 122 135 138 165 168 183 185 197 
51 38
946 515 787 269 277 81 303 414 653 813 702 429 701 261 807 203 756 586 842 452 477 82 930 671 153 322 221 63 395 790 121 753 960 644 770 533 532 769 
24
5 18 23 25 34 36 54 69 71 78 80 88 101 142 146 162 163 170 171 175 187 196 198 199 
52 85
917 416 942 274 218 552 302 602 207 760 504 741 331 410 884 805 181 847 349 823 448 685 915 564 722 490 806 95 569 885 412 436 325 213 298 61 326 649 148 761 58 365 532 175 676 177 29 169 503 424 276 425 91 899 565 851 350 800 299 783 140 307 620 779 234 340 263 239 86 481 943 275 354 377 544 210 711 316 971 804 844 909 393 788 870 
21
5 25 35 54 58 59 61 63 69 85 96 141 150 154 155 157 164 166 168 182 192 
53 83
73 786 619 254 517 74 153 864 298 930 605 136 373 919 364 788 630 797 244 78 348 960 328 108 918 992 307 604 103 399 732 917 416 933 222 305 9 935 461 736 875 949 691 612 765 358 674 173 489 475 809 572 106 185 853 539 758 591 457 69 945 76 820 513 824 872 338 50 885 476 749 81 968 20 688 783 115 10 168 836 760 593 927 
15
19 45 55 59 95 100 118 121 126 145 152 168 177 187 189 
54 50
542 700 772 277 794 646 631 335 897 362 125 590 753 975 655 618 729 18 253 235 605 327 643 791 601 517 747 932 155 9 957 261 893 523 989 333 148 941 625 574 824 982 367 400 163 378 71 308 486 802 
23
12 20 21 23 32 35 45 51 52 57 81 82 97 105 108 112 120 126 155 159 163 174 195 
55 62
496 162 108 380 987 20 810 731 178 433 749 63 853 477 361 748 489 917 992 360 229 545 901 822 994 681 570 323 138 234 471 765 623 675 912 949 875 406 11 2 363 47 385 780 191 820 931 561 225 146 687 574 21 795 922 53 909 830 941 546 98 493 
13
5 15 22 40 53 81 82 86 104 122 125 142 171 
56 41
757 283 970 565 205 673 585 747 36 4 622 543 44 913 136 50 232 864 816 666 207 947 838 653 233 11 766 927 137 181 810 652 775 911 990 268 296 138 1000 852 922 
17
23 26 67 69 83 90 102 107 113 119 127 136 142 148 154 172 199 
57 70
72 797 582 661 108 835 598 203 195 116 935 145 185 264 534 877 63 537 778 462 441 757 362 34 666 271 93 30 109 607 133 726 980 129 277 683 868 315 942 389 596 557 4 478 960 294 605 864 642 3 668 261 22 614 617 493 19 98 344 159 35 667 523 318 476 634 104 657 374 137 
23
1 6 10 14 23 32 35 36 54 81 84 97 103 115 116 117 123 136 137 141 176 187 191 
58 89
789 460 627 937 110 611 371 200 33 832 720 641 202 992 597 844 782 835 625 124 21 413 492 923 255 191 823 270 545 378 773 750 513 435 532 719 233 566 927 92 551 758 442 776 470 303 723 294 244 434 935 601 815 445 761 260 146 814 29 582 415 125 678 177 496 514 681 664 828 117 235 569 721 326 168 372 950 14 515 537 379 482 649 892 725 558 368 741 342 
18
32 42 49 52 61 73 74 83 99 103 108 124 126 130 139 149 154 186 
59 70
215 123 913 619 540 626 69 701 910 536 351 746 272 990 453 374 416 969 653 850 739 186 491 886 454 928 703 861 606 631 372 113 239 999 24 246 678 125 421 443 601 734 499 578 541 238 941 413 833 201 43 47 400 19 414 984 668 428 761 77 618 381 954 168 538 331 1000 711 748 116 
13
3 4 52 53 88 107 111 125 147 163 164 169 193 
60 49
219 896 835 440 408 525 254 728 315 759 10 874 5 421 715 358 173 687 921 403 107 360 88 878 212 905 389 244 669 810 178 548 723 960 191 172 135 792 348 520 113 335 457 161 790 629 132 369 480 
19
3 7 12 22 35 62 65 75 76 88 90 92 100 102 138 148 151 156 164 
61 58
314 608 570 549 707 679 938 543 487 171 803 191 33 635 458 300 142 229 202 597 992 844 918 657 435 326 879 953 85 307 394 315 685 587 359 335 2 158 169 820 143 854 891 194 986 749 897 107 65 144 658 870 238 20 689 708 305 937 
16
2 18 25 28 52 58 69 75 85 87 90 120 144 163 186 192 
62 52
335 493 112 349 981 828 512 749 275 907 355 688 114 430 142 63 131 886 575 812 61 242 479 716 324 87 655 374 316 948 234 246 167 201 626 736 824 785 461 679 284 715 952 638 527 511 30 820 502 340 858 288 
20
27 29 30 32 33 41 60 82 86 92 98 99 112 116 123 152 153 164 177 179 
63 48
210 839 128 992 220 434 119 198 40 637 254 155 972 340 410 269 743 722 56 877 470 803 487 265 68 641 69 464 548 995 620 65 911 97 420 764 448 369 646 21 613 638 954 300 695 782 375 533 
21
20 33 46 52 71 74 76 92 105 120 121 123 133 135 143 145 169 187 189 197 199 
64 56
174 95 943 523 286 568 102 497 339 576 665 33 118 513 908 81 44 360 859 341 452 689 867 17 120 342 86 539 280 872 130 611 266 747 158 344 976 662 89 836 450 524 705 666 669 448 305 779 226 68 542 572 177 691 59 138 
25
2 12 16 17 67 85 94 99 114 115 116 121 122 128 139 141 143 144 147 156 165 178 180 184 196 
65 48
125 599 577 814 954 559 553 248 803 171 563 800 740 731 527 646 949 61 328 229 25 244 165 876 506 284 543 571 16 335 149 667 373 834 672 635 275 591 443 200 73 626 663 31 189 927 295 374 
18
1 8 13 32 33 44 60 71 106 117 118 136 146 152 179 180 188 189 
66 42
621 575 136 65 959 973 930 247 550 820 845 608 990 671 276 984 15 963 526 344 739 649 432 353 551 769 541 367 108 71 619 915 177 730 931 220 389 354 907 648 637 716 
12
46 84 87 97 100 101 107 115 124 147 148 161 
67 91
303 494 775 441 920 252 744 952 117 618 814 537 892 842 52 720 641 150 622 859 543 142 476 223 667 272 69 904 524 766 914 835 777 540 66 760 49 624 123 44 281 169 645 250 795 943 886 254 746 412 769 173 833 907 890 865 736 578 231 193 26 527 393 504 928 138 726 225 568 67 857 778 908 434 176 497 664 32 743 475 809 177 678 347 60 115 798 983 816 482 29 
23
4 13 18 20 30 35 40 45 56 64 70 71 77 86 93 94 96 108 110 125 158 183 198 
68 61
23 572 888 590 30 698 382 261 24 964 174 747 36 4 162 818 628 153 388 862 309 230 908 12 960 69 360 207 722 981 246 219 330 694 931 80 487 982 381 751 199 974 362 695 789 473 401 532 769 216 58 48 443 496 96 570 52 1000 921 993 440 
20
5 15 17 20 32 75 77 86 114 117 120 121 123 125 134 157 165 177 188 191 
69 49
581 107 227 452 610 831 455 839 212 684 129 880 687 256 145 151 114 3 236 273 384 774 458 295 813 369 205 538 920 884 662 420 901 164 275 855 155 44 310 784 715 345 781 860 422 694 756 361 949 
20
0 1 8 21 43 50 51 52 56 61 85 96 97 118 146 159 169 171 172 194 
70 39
962 161 440 107 421 532 968 713 602 983 177 843 991 29 525 288 928 697 277 471 859 637 479 824 587 328 402 989 41 752 204 944 450 924 171 408 823 541 936 
18
5 19 29 33 34 39 67 75 79 96 98 131 149 154 171 175 176 192 
71 80
140 975 415 748 119 445 72 652 151 971 145 904 746 673 120 23 357 969 732 825 157 396 949 238 871 379 713 512 184 95 400 891 522 148 902 956 121 877 376 266 977 885 217 423 447 210 711 240 556 951 244 541 462 560 393 717 837 995 237 404 291 359 853 18 492 993 176 677 510 263 931 220 387 505 939 487 360 432 933 843 
26
1 18 29 33 46 51 63 65 67 76 78 89 106 112 127 128 129 136 143 154 161 165 170 184 185 194 
72 64
26 989 757 46 664 32 822 642 326 605 921 173 410 252 94 432 669 748 937 185 106 343 811 559 529 318 65 176 339 112 556 881 218 736 810 821 562 128 162 606 352 759 245 670 755 98 130 604 155 76 787 186 107 660 932 695 40 133 686 57 294 388 704 72 
18
1 9 16 34 36 37 73 76 95 100 116 120 136 140 142 170 182 192 
73 76
763 747 510 663 268 31 325 836 362 109 370 33 276 671 39 355 946 539 697 875 785 361 203 1 216 611 376 692 455 87 719 581 976 745 190 560 42 263 342 772 50 933 148 794 239 573 531 768 547 606 116 782 382 201 43 596 345 187 337 890 793 714 804 76 471 790 395 10 384 463 55 766 924 834 307 70 
20
17 20 26 29 31 58 72 82 88 94 98 102 104 109 110 111 115 127 128 175 
74 75
862 686 923 950 112 114 951 635 240 542 107 681 640 719 968 183 429 824 535 572 730 967 335 944 130 64 754 162 478 770 454 565 407 787 637 874 554 646 857 936 751 529 966 492 836 658 378 705 231 180 169 813 576 111 202 518 306 148 647 129 394 127 322 893 187 266 592 118 168 800 235 13 346 109 188 
12
12 32 33 58 63 93 94 96 112 150 171 172 
75 66
581 742 62 648 16 611 56 336 97 476 318 193 896 422 6 888 493 87 733 619 224 368 873 133 607 244 639 811 969 928 901 297 630 699 546 104 183 590 883 251 685 389 779 408 961 776 517 860 386 998 919 525 747 115 421 828 405 10 898 834 565 723 945 313 479 795 
18
11 30 31 60 61 68 70 89 104 108 115 120 129 138 160 167 176 192 
76 78
430 588 185 580 264 610 531 965 257 178 968 519 742 890 433 354 196 226 779 917 399 636 241 327 475 80 454 902 469 221 616 237 790 459 529 714 984 181 418 992 885 806 413 581 322 666 587 661 883 829 365 760 681 234 165 572 604 683 404 720 605 198 827 135 534 60 421 515 120 705 304 146 318 634 930 386 70 465 
22
19 25 26 28 31 33 35 39 40 46 60 63 71 72 80 89 148 160 168 173 180 189 
77 75
646 725 303 856 66 995 126 215 847 616 300 142 853 343 975 185 612 770 928 454 668 36 339 971 8 426 504 741 401 438 833 503 108 661 470 248 739 818 763 541 520 515 369 922 419 292 773 838 394 473 506 987 851 313 56 609 812 891 800 484 42 574 416 968 374 744 665 807 841 492 176 467 309 386 275 
28
2 5 7 17 23 24 29 47 67 68 92 100 116 118 119 131 139 143 154 156 159 168 172 183 196 197 198 199 
78 68
254 807 787 556 714 958 247 405 89 505 962 804 646 851 772 903 982 151 72 40 198 583 899 842 368 732 21 880 564 758 400 770 472 855 223 445 437 624 160 457 626 700 660 316 418 122 538 775 379 136 252 173 9 878 730 434 36 428 95 650 724 216 295 58 243 164 956 877 
20
0 1 8 14 15 26 33 41 45 46 51 71 97 110 129 145 154 162 180 183 
79 65
345 221 605 161 398 408 298 930 140 742 268 873 478 715 162 96 809 993 835 623 152 263 974 579 707 304 452 205 363 844 805 948 364 355 170 14 515 357 801 204 981 238 697 460 543 701 35 735 137 613 371 348 366 787 992 44 732 575 20 336 897 669 116 797 481 
19
9 10 14 70 91 111 112 113 114 116 119 127 133 144 160 165 176 177 196 
80 84
918 584 417 183 16 294 778 489 70 105 579 449 765 598 677 951 665 167 483 88 869 44 518 522 285 189 362 915 757 251 804 646 933 447 122 754 383 884 717 635 468 764 96 442 741 267 186 548 437 831 163 400 719 385 112 780 812 318 713 885 58 890 179 514 564 230 391 892 670 528 695 388 221 94 428 261 761 181 682 512 178 846 800 209 
17
4 14 18 41 51 76 85 88 106 131 155 161 163 172 174 185 187 
81 33
842 805 102 771 135 653 645 562 858 964 631 14 762 157 351 832 612 124 193 369 221 289 646 130 426 619 411 669 632 802 751 972 206 
18
0 9 11 19 54 55 57 88 96 103 111 126 133 153 183 184 192 196 
82 71
169 406 551 946 156 949 690 453 611 769 232 153 12 192 562 878 246 561 956 798 820 109 970 859 446 335 816 737 735 498 286 46 971 63 142 178 195 343 345 234 175 448 744 329 904 588 988 127 285 470 386 544 427 553 923 849 164 717 241 648 214 319 202 535 568 139 97 650 861 466 984 
20
12 14 27 37 38 41 49 54 55 62 73 117 120 128 130 152 153 159 190 195 
83 32
921 684 927 269 491 354 586 401 623 894 98 404 256 532 153 819 464 701 315 693 591 180 994 189 899 503 392 763 171 472 324 238 
19
5 24 25 34 39 44 56 58 84 85 96 97 140 144 145 149 154 186 190 
84 54
17 31 253 177 954 796 744 464 579 241 204 125 441 566 749 375 437 200 692 766 750 706 465 840 761 446 453 502 897 147 142 457 642 763 76 234 318 703 624 328 589 266 14 199 294 847 857 894 709 230 704 260 1 585 
14
12 26 57 66 83 86 101 126 127 147 148 154 189 195 
85 60
310 784 624 317 159 391 33 919 817 422 891 259 593 926 467 498 459 627 469 442 284 493 98 827 790 958 921 102 213 3 225 281 910 500 602 25 739 875 777 956 860 321 637 489 636 115 176 887 966 745 296 375 46 915 616 695 63 137 806 174 
20
1 12 20 32 35 42 52 61 64 69 80 83 88 141 149 159 163 178 188 190 
86 74
133 212 799 103 419 814 473 631 479 953 84 587 903 1000 223 302 963 94 326 721 569 332 905 91 407 342 93 426 821 179 258 919 524 327 801 858 68 937 513 365 809 670 152 835 244 503 392 509 213 176 774 71 293 553 689 448 290 685 906 660 502 107 245 403 896 230 872 82 504 899 521 228 604 377 
20
3 7 15 22 50 55 62 67 68 84 93 97 145 152 164 174 188 193 195 199 
87 80
33 868 196 986 965 491 841 518 146 462 411 806 648 569 843 406 702 544 623 614 974 421 437 187 977 153 766 845 616 875 291 698 208 60 615 343 422 203 84 251 804 325 167 529 863 468 347 514 600 995 284 107 441 204 757 321 655 348 671 58 287 454 761 928 594 754 420 171 94 267 31 365 373 633 719 390 223 240 483 984 
18
3 7 19 23 28 39 44 46 61 66 104 106 107 110 125 154 163 199 
88 77
890 258 574 337 238 475 870 752 128 654 136 640 798 87 186 614 175 254 886 650 92 961 32 664 131 763 447 289 368 723 328 414 572 932 300 142 747 589 992 676 792 866 903 415 137 374 501 232 977 898 563 10 600 521 669 742 836 59 754 680 398 954 621 840 761 801 720 212 315 924 894 598 470 154 971 251 330 
27
3 12 17 30 36 40 41 51 59 60 73 80 81 85 113 122 134 141 144 146 155 164 174 175 182 185 188 
89 42
144 324 166 894 262 145 330 272 679 161 407 827 353 427 57 30 18 596 522 48 344 660 216 345 505 77 891 553 79 928 454 787 772 397 476 685 463 710 633 870 554 830 
17
7 16 21 49 71 75 76 94 95 97 107 136 161 166 176 190 197 
90 41
676 241 23 734 411 52 200 239 81 673 994 48 413 889 33 112 867 275 452 230 859 972 787 629 352 537 685 606 429 462 499 104 435 326 642 802 180 970 338 9 658 
16
3 33 39 56 60 61 101 103 105 111 140 146 153 159 170 198 
91 42
475 725 539 761 524 314 362 358 681 86 718 793 808 241 463 716 517 857 194 786 231 671 816 974 342 26 579 670 923 726 134 328 141 896 341 262 192 234 629 572 256 869 
13
0 43 44 79 94 105 109 113 115 122 128 151 192 
92 48
165 158 572 32 124 725 100 732 544 702 374 485 88 745 566 640 671 987 210 368 294 738 109 746 450 170 760 834 265 186 260 103 400 284 363 620 879 112 586 919 827 985 74 887 255 934 539 206 
20
4 13 15 23 36 46 60 62 63 77 93 105 113 130 136 159 169 171 189 190 
93 71
75 628 470 488 518 992 360 555 713 397 686 212 528 538 501 738 422 427 269 32 111 390 708 76 496 654 891 453 11 248 640 166 709 935 308 907 389 739 507 859 55 268 675 618 934 600 47 594 483 492 884 925 184 26 263 909 355 400 215 136 669 432 836 125 465 939 736 657 815 121 595 
23
7 10 20 38 43 44 47 67 74 86 92 94 109 110 111 114 119 142 149 157 185 191 197 
94 77
525 219 981 902 270 832 573 185 309 899 346 23 655 558 974 579 318 160 664 334 926 847 408 390 686 133 116 25 262 565 407 327 959 998 295 137 147 384 779 359 70 404 773 519 630 935 340 44 87 36 113 76 120 46 416 936 180 707 979 947 448 764 10 247 916 265 660 65 302 697 883 962 434 582 545 842 131 
18
21 23 44 64 67 73 74 89 91 93 110 116 130 154 156 174 187 196 
95 53
352 826 871 138 873 83 326 210 763 32 892 813 186 226 779 821 110 262 523 237 955 455 85 270 978 936 541 40 198 5 716 759 786 157 769 223 342 26 819 424 709 517 185 219 922 590 748 220 378 847 403 489 647 
15
7 17 23 30 31 45 53 72 89 120 121 163 179 183 198 
96 61
463 937 46 107 186 898 819 505 963 743 723 960 802 501 422 201 280 43 734 627 322 559 877 482 248 326 844 686 318 429 733 22 518 9 340 893 332 554 494 50 383 146 832 917 766 872 477 175 17 4 78 691 62 828 288 604 356 600 341 967 809 
17
4 13 49 52 67 69 70 74 81 83 101 116 123 135 138 143 168 
97 50
490 108 381 158 316 238 159 2 597 202 856 461 609 263 374 707 804 789 308 801 542 283 359 780 151 299 100 969 115 747 96 59 10 958 946 132 215 696 410 805 568 291 607 496 981 616 142 832 595 42 
22
4 18 31 34 41 54 57 66 69 78 83 86 89 99 128 141 155 157 158 160 164 165 
98 69
305 463 147 581 143 854 696 811 1 436 120 851 415 336 212 54 353 549 312 310 863 273 392 708 550 30 418 576 562 81 950 44 850 387 545 939 307 751 507 729 348 15 311 757 355 610 161 3 177 220 438 268 67 698 853 372 539 213 287 605 842 394 209 16 77 630 393 642 800 
10
3 11 48 62 70 73 113 137 194 198 
99 66
991 280 43 434 174 253 995 916 186 28 818 644 881 802 747 510 429 182 364 680 99 731 528 232 861 71 152 526 763 162 81 266 895 168 381 262 696 641 88 258 924 426 613 409 655 553 856 372 688 230 147 700 726 245 664 190 32 457 931 887 571 18 820 425 458 379 
15
19 31 35 38 40 58 62 64 97 128 142 157 176 186 187 
100 57
960 249 178 959 327 248 171 512 828 907 896 931 857 462 778 352 953 637 346 542 575 940 545 397 900 752 419 340 296 262 499 647 822 416 934 974 342 909 983 127 86 7 560 671 967 966 448 609 380 681 602 365 518 439 687 292 717 
29
5 17 29 42 43 53 60 66 72 77 103 106 128 131 134 136 141 142 143 154 159 162 167 171 182 189 192 193 195 
101 74
786 233 75 923 765 844 515 752 922 211 53 290 838 547 310 705 341 973 183 578 378 417 78 469 90 118 292 662 555 871 476 597 834 176 570 533 770 928 797 982 350 313 809 935 898 875 466 246 799 398 437 881 779 38 117 579 105 190 523 166 732 882 724 13 383 102 971 307 140 219 988 613 218 715 
16
6 15 36 37 45 51 66 84 90 96 103 115 123 126 164 174 
102 58
927 613 139 218 212 133 174 348 743 111 596 970 82 378 220 928 217 262 948 443 838 562 903 940 947 651 910 488 942 366 889 1000 363 40 187 76 501 168 33 507 65 726 805 102 186 660 513 143 380 922 145 38 591 741 109 72 452 610 
17
13 22 35 39 56 60 73 104 113 125 133 145 153 155 156 193 195 
103 77
345 187 819 710 631 947 515 866 348 901 646 92 566 129 998 919 568 805 94 173 62 694 245 877 561 166 379 384 226 865 707 363 138 849 132 211 801 135 925 856 411 152 522 146 143 617 950 876 167 202 17 905 557 162 818 502 77 79 227 938 340 10 721 422 447 921 74 924 598 993 349 892 339 497 593 782 545 
17
10 19 36 40 48 57 58 81 90 100 101 108 116 138 155 193 195 
104 61
602 681 997 439 834 70 337 934 498 165 323 955 7 197 987 750 13 92 272 689 373 212 449 27 817 701 672 909 830 867 563 678 142 853 76 615 188 545 936 494 301 849 691 352 19 330 626 700 325 29 216 769 532 690 680 838 579 15 397 634 713 
22
1 2 8 10 33 42 46 55 73 75 87 102 133 147 159 171 176 177 192 196 198 199 
105 70
854 617 776 539 697 258 315 868 611 295 121 676 913 345 678 826 533 454 901 218 371 687 292 462 700 621 542 501 875 243 655 339 711 859 73 957 550 428 391 38 594 372 557 652 415 160 891 177 886 35 386 777 37 407 388 909 277 344 788 712 633 80 43 524 244 614 429 725 488 400 
17
17 29 35 45 48 54 63 90 91 92 109 120 166 181 187 191 193 
106 70
637 888 525 841 782 338 22 62 220 378 584 991 754 833 678 125 419 24 103 83 478 636 533 978 640 959 591 907 258 653 317 80 712 901 531 872 161 964 878 804 464 281 587 631 473 609 99 760 839 389 149 898 108 23 418 958 739 527 645 199 579 225 639 955 657 988 963 331 881 960 
19
7 15 36 46 47 48 65 71 80 87 100 113 125 142 152 158 166 178 195 
107 44
160 239 830 108 130 241 794 972 836 725 189 906 684 635 176 618 406 73 813 758 600 940 685 983 731 257 810 874 997 918 504 30 901 858 649 279 445 213 371 991 473 732 416 824 
16
8 26 29 30 33 38 50 56 59 66 87 89 117 120 131 168 
108 34
6 561 376 968 232 676 602 103 825 751 233 262 279 427 687 741 1 571 182 829 285 948 249 781 886 809 847 864 643 190 259 37 851 261 
13
32 42 54 58 67 75 103 132 137 141 149 178 192 
109 61
428 494 231 389 589 352 499 691 296 375 59 228 261 24 378 931 288 988 291 467 625 741 30 47 570 718 366 551 329 2 318 486 12 170 554 489 331 365 344 936 204 19 594 41 374 290 179 677 756 90 925 111 962 384 559 717 162 715 522 838 710 
16
10 46 73 91 93 105 113 115 118 130 134 157 161 173 175 180 
110 54
581 565 802 147 141 774 379 256 705 324 685 132 843 794 599 876 698 92 623 307 29 85 954 133 51 731 578 750 158 787 172 253 727 24 135 838 552 848 548 74 259 533 15 792 519 741 744 696 775 418 181 119 134 55 
27
0 9 14 23 30 47 67 73 78 87 93 94 120 124 125 145 146 161 163 166 175 177 181 183 190 193 197 
111 88
955 581 764 597 715 873 539 794 79 914 159 640 974 658 105 421 200 856 777 950 30 97 887 729 966 221 634 300 591 988 614 456 740 222 551 393 852 75 542 653 495 609 135 767 313 904 509 707 373 744 842 763 566 65 731 899 398 935 434 736 971 23 9 111 962 251 584 769 168 89 666 173 963 941 309 786 953 867 366 446 288 67 16 450 604 103 496 891 
22
4 11 14 20 22 23 27 29 59 73 79 81 90 93 124 142 144 149 156 166 170 177 
112 57
118 434 395 790 711 211 843 448 756 282 301 854 449 686 796 559 164 95 490 888 662 770 955 294 215 467 319 509 430 134 97 893 676 767 376 178 415 279 824 982 654 496 776 536 196 633 636 557 743 499 262 484 864 456 442 886 17 
16
14 47 54 62 71 74 79 124 127 143 152 179 183 189 193 198 
113 63
135 56 344 122 43 954 480 210 647 683 920 96 503 641 957 441 520 204 946 995 916 574 870 396 471 76 360 953 435 476 70 761 365 49 253 845 771 729 37 904 312 813 422 940 91 261 731 257 20 178 425 504 456 851 930 847 610 926 482 914 519 785 822 
27
6 9 16 20 29 30 31 38 56 79 88 91 92 98 102 106 109 126 137 145 162 164 167 179 181 183 192 
114 77
428 349 137 140 475 870 327 938 543 69 567 812 210 763 283 986 233 339 102 260 264 706 392 234 945 685 759 127 426 742 830 988 867 393 682 408 92 768 65 626 128 434 766 729 103 66 124 827 521 175 649 91 802 88 846 739 8 871 2 258 21 337 968 703 809 651 673 83 558 84 874 67 620 546 783 230 72 
17
0 8 19 21 22 24 41 64 68 79 93 118 128 129 135 158 187 
115 32
814 518 370 75 186 428 311 319 578 166 811 774 589 998 230 878 468 503 281 398 272 994 376 818 886 423 860 194 934 595 373 686 
23
5 23 48 57 64 66 73 75 91 101 109 119 127 135 142 146 151 156 165 175 180 191 196 
116 51
711 112 570 501 95 727 301 143 892 497 23 260 374 137 367 202 868 705 2 323 767 101 171 407 572 888 148 761 894 952 478 83 66 187 29 141 820 30 548 215 879 546 361 726 173 972 717 976 14 93 956 
20
15 25 35 57 62 64 72 77 79 94 96 103 142 155 160 171 175 180 187 192 
117 57
838 593 672 909 149 745 644 91 565 270 377 480 509 564 801 722 934 697 743 706 920 180 26 884 255 262 736 515 330 700 147 792 318 799 503 590 516 222 182 814 86 493 233 312 320 994 599 382 66 221 695 806 372 150 434 987 62 
17
11 23 33 44 57 65 68 82 107 119 130 133 136 165 169 187 195 
118 63
791 29 977 503 722 171 566 329 379 853 479 242 335 150 624 887 318 279 437 42 830 593 636 303 777 745 271 594 372 742 118 895 939 532 370 222 448 744 559 892 289 215 622 44 439 167 583 855 539 618 60 580 506 269 891 299 646 986 411 727 693 814 893 
22
4 6 11 18 23 46 47 48 53 65 69 77 109 114 127 132 133 146 158 179 188 194 
119 31
499 484 447 37 233 825 641 456 772 217 242 316 990 611 732 511 548 911 949 442 849 331 636 525 848 401 882 371 223 350 54 
15
1 6 19 46 56 77 79 93 115 117 123 141 146 169 192 
120 68
60 876 955 7 365 760 926 103 757 441 535 140 299 220 457 586 744 33 475 37 76 832 775 886 784 942 663 332 95 640 324 196 415 652 284 714 899 495 384 939 199 611 167 869 65 154 868 935 66 458 379 124 14 725 355 651 59 133 212 764 209 672 909 28 502 430 983 348 
22
2 14 30 31 37 50 54 61 63 68 72 75 82 95 105 107 110 131 141 153 160 169 
121 56
728 978 188 30 12 170 999 430 825 323 639 174 727 229 387 895 893 143 459 698 83 266 126 866 211 132 832 635 567 125 828 264 133 238 141 566 529 280 122 702 628 739 997 72 316 131 586 734 2 563 341 452 938 494 44 676 
19
4 27 29 30 40 43 46 53 63 64 68 95 134 149 152 157 183 190 192 
122 87
464 693 294 303 169 90 339 5 43 80 592 197 277 356 214 135 330 813 646 68 131 842 605 147 982 697 934 384 718 876 439 453 218 613 442 907 352 984 361 124 770 822 318 160 713 301 893 419 323 156 761 763 262 95 16 644 399 320 401 403 482 834 166 667 848 681 948 289 790 435 101 417 496 676 175 704 950 783 932 765 448 838 48 992 491 658 659 
17
0 22 26 27 30 36 40 50 55 64 88 91 131 137 147 181 198 
123 85
634 523 524 666 151 289 120 202 755 251 197 829 598 282 785 66 148 227 215 373 926 878 81 756 589 293 738 654 417 102 831 330 497 139 692 701 534 729 924 371 580 79 14 682 867 118 786 235 736 341 727 542 150 466 730 229 76 198 31 697 86 478 4 164 796 643 327 406 80 565 597 764 96 333 500 875 374 543 42 981 407 240 12 680 917 
23
3 8 10 20 24 39 41 48 57 62 63 68 96 101 119 128 132 166 170 172 194 198 199 
124 71
215 926 702 410 331 173 508 271 101 22 259 397 420 682 835 598 282 361 317 535 930 614 678 362 12 227 453 611 194 273 600 916 158 861 900 937 613 793 460 776 73 734 253 797 501 738 828 153 852 778 630 478 750 98 976 344 593 751 672 43 799 558 163 977 941 862 625 20 810 590 985 
24
8 12 24 33 36 58 66 110 111 112 127 137 140 145 146 147 148 150 167 171 185 187 191 194 
125 74
442 493 809 988 277 198 40 688 451 439 992 383 350 824 111 506 893 523 681 918 566 73 231 706 232 627 484 89 447 965 649 557 409 93 725 377 908 8 226 78 253 869 737 985 905 331 161 199 426 783 117 203 598 812 180 343 27 539 460 550 629 823 617 536 457 141 299 773 983 667 445 260 655 385 
23
2 11 24 42 47 55 59 67 68 87 102 106 110 134 142 146 150 162 165 174 177 185 188 
126 65
267 489 75 24 656 540 303 861 724 961 645 611 833 122 590 511 989 278 120 878 162 399 584 31 821 773 437 121 572 424 350 610 64 533 717 653 194 490 151 558 40 440 144 921 576 240 161 790 481 685 112 270 149 307 845 529 626 868 473 746 788 709 184 998 567 
18
11 36 53 54 58 81 84 101 113 127 146 150 151 153 156 177 191 192 
127 37
357 553 331 178 30 881 644 695 399 258 110 598 561 374 522 114 736 25 847 215 136 467 393 911 938 779 816 26 389 623 808 167 641 345 804 349 270 
28
1 8 14 20 25 28 31 47 56 71 73 79 84 112 115 118 124 126 130 141 150 151 158 161 174 185 190 194 
128 85
426 752 456 957 463 404 799 904 86 757 915 884 173 163 321 348 360 913 464 543 137 211 922 597 764 843 806 648 55 397 619 566 640 561 157 324 677 834 500 602 750 158 474 79 413 990 947 613 929 391 628 885 551 859 692 525 152 231 855 4 214 846 15 182 454 918 417 457 971 662 531 610 280 168 840 172 116 951 459 633 554 888 234 71 864 
24
1 38 39 64 71 73 82 91 97 99 100 114 123 130 143 144 151 157 158 166 167 172 175 186 
129 74
620 817 738 295 281 834 913 492 255 159 633 1 309 878 483 9 404 75 312 970 499 425 346 240 872 319 648 826 974 105 326 800 142 851 888 409 488 567 91 609 868 68 867 680 503 728 128 839 442 553 590 378 410 227 701 69 732 972 121 454 921 20 203 914 322 192 673 359 596 302 65 169 155 76 
12
7 11 13 71 75 78 114 130 148 149 160 182 
130 44
934 457 464 430 936 876 175 473 443 887 221 111 567 962 629 419 814 259 265 117 39 335 742 927 289 992 661 953 879 922 832 573 930 389 179 105 741 403 877 544 766 608 830 16 
23
2 18 24 28 36 37 58 82 92 94 109 117 127 128 129 132 142 147 153 163 168 178 193 
131 59
129 365 760 419 261 752 120 52 763 145 251 409 646 172 654 812 891 496 802 723 881 544 309 346 63 300 667 351 961 408 92 715 953 472 764 601 737 552 584 608 76 470 944 844 54 378 600 713 798 410 884 116 42 405 146 592 333 591 480 
25
8 10 22 23 24 27 41 44 70 77 80 100 107 120 122 133 134 135 142 146 153 155 174 182 198 
132 33
692 787 454 824 179 734 633 871 959 885 7 673 698 809 630 860 342 37 181 977 126 35 358 273 119 509 878 64 465 228 968 635 376 
25
0 4 14 21 22 29 31 46 108 118 123 130 142 148 150 151 161 166 171 173 178 185 186 189 193 
133 87
131 465 632 841 674 620 94 595 963 665 112 931 509 667 701 257 459 64 888 572 141 809 81 473 222 556 408 982 815 1000 413 107 560 412 174 964 939 661 397 898 21 354 280 754 790 156 48 233 148 482 599 867 700 779 532 717 892 497 594 102 770 651 818 317 443 109 276 193 527 158 993 440 547 735 194 678 10 167 423 590 519 185 573 239 740 72 545 
22
0 3 17 18 33 34 43 45 49 63 79 81 102 104 117 118 131 164 178 191 192 198 
134 82
383 755 937 788 393 725 561 648 84 291 923 564 83 763 366 612 517 73 734 629 666 745 768 664 40 830 534 441 608 523 819 653 486 105 184 442 776 548 647 762 94 252 651 19 572 743 75 537 704 323 508 7 969 635 738 264 975 495 662 109 346 89 502 168 958 247 62 677 413 914 525 219 841 340 638 972 764 96 570 78 473 20 
18
12 20 28 33 68 88 100 109 121 125 131 141 150 151 169 180 191 193 
135 87
55 844 658 142 644 477 160 397 53 910 357 278 946 446 118 829 886 649 511 827 590 757 28 897 229 784 152 462 908 240 714 610 197 531 437 474 948 711 4 411 642 247 866 208 998 480 6 954 834 352 56 794 293 394 154 209 376 336 76 410 67 234 568 245 746 700 207 435 909 320 821 350 156 824 151 589 255 88 367 868 33 832 665 498 776 697 188 
17
6 15 20 50 63 96 114 115 131 144 146 148 155 160 161 192 197 
136 65
215 532 58 374 277 55 96 908 560 876 402 729 648 964 710 778 146 867 497 655 586 428 677 774 811 182 103 404 414 673 937 724 502 195 380 121 123 518 360 530 688 372 780 928 706 368 220 781 313 422 470 527 144 934 640 43 679 968 494 178 48 917 283 209 625 
20
6 14 32 34 42 56 57 65 71 72 89 92 100 117 138 151 159 166 173 181 
137 34
787 269 5 953 65 416 342 980 478 404 692 803 211 465 208 356 318 607 325 70 373 793 275 826 789 406 519 920 957 476 697 734 68 919 
15
10 13 18 20 57 98 108 113 122 124 145 148 149 164 195 
138 30
340 422 89 162 495 361 284 919 475 137 988 702 665 158 38 264 446 298 844 619 177 122 129 869 826 308 24 431 576 243 
17
2 15 16 17 22 36 39 43 50 60 75 96 103 136 139 167 187 
139 74
711 553 632 697 493 321 953 371 213 897 581 250 657 973 620 778 225 723 649 333 466 624 972 261 865 233 421 737 895 100 21 890 396 56 293 4 78 892 260 576 610 536 906 247 145 523 627 74 397 276 599 463 752 205 955 22 702 386 867 349 201 675 169 327 650 255 477 714 217 533 44 755 913 676 
12
15 24 40 42 58 64 77 138 140 155 175 181 
140 32
425 697 442 37 394 653 785 711 3 225 7 599 196 899 381 569 514 422 13 449 908 739 824 158 10 571 601 757 139 250 29 624 
13
16 21 33 34 72 83 90 124 139 141 167 186 187 
141 71
460 162 347 31 742 767 609 925 610 466 703 150 691 928 876 687 428 690 394 552 947 124 588 403 640 719 736 499 104 655 892 181 260 211 161 790 711 254 106 950 74 142 882 647 188 256 760 753 990 699 942 231 226 257 874 558 479 480 630 670 907 500 870 238 116 486 881 340 118 382 417 
23
4 17 45 52 57 64 85 88 97 100 108 119 120 127 134 140 146 168 172 174 178 182 196 
142 69
845 371 529 687 707 233 929 802 486 644 12 407 950 871 634 34 145 382 856 94 647 76 787 866 366 919 342 974 421 268 426 566 556 262 521 780 197 49 226 563 156 861 417 990 972 735 159 936 251 769 325 149 458 51 273 162 730 576 95 763 875 583 30 705 533 599 719 141 931 
23
25 40 51 55 56 72 93 99 100 106 111 115 116 125 130 131 132 145 156 164 180 193 197 
143 40
115 606 324 561 84 637 859 283 209 142 179 697 383 901 720 799 830 834 168 437 157 394 789 234 143 650 576 395 113 638 480 85 434 972 577 814 368 299 931 412 
18
36 37 42 63 64 71 77 96 100 112 128 145 155 163 164 171 193 199 
144 61
935 382 562 878 265 976 185 148 307 465 290 647 8 41 36 829 718 130 999 604 981 26 435 751 213 326 178 334 30 741 890 281 34 626 959 239 609 725 646 840 598 38 117 474 790 229 205 353 985 806 473 954 774 458 614 772 625 181 576 144 65 
20
10 12 25 32 39 49 61 64 79 83 88 111 128 135 168 177 178 186 187 188 
145 84
514 911 243 381 882 47 391 75 628 944 198 31 426 416 897 552 54 99 20 430 904 393 867 961 645 579 974 816 834 118 785 153 526 447 368 201 116 955 177 335 981 146 775 850 838 364 601 522 188 801 90 632 938 852 264 659 993 45 677 422 756 234 749 763 930 997 207 110 778 444 774 999 16 658 491 324 734 513 847 515 202 369 922 147 
19
6 16 18 29 37 40 53 63 78 83 86 102 110 113 124 137 142 143 197 
146 36
220 849 14 643 532 128 34 330 404 833 160 610 780 899 233 140 66 412 79 395 89 582 181 287 340 186 339 226 141 84 158 295 962 169 95 438 
29
17 19 25 42 45 47 51 65 69 88 90 110 115 118 119 124 125 126 131 135 141 152 160 168 170 172 180 181 193 
147 30
312 250 367 34 651 234 240 277 143 432 506 67 733 578 475 549 855 241 196 89 599 183 17 748 212 742 909 317 558 949 
18
13 25 33 36 39 47 59 64 66 84 104 122 124 130 159 178 180 185 
148 83
989 62 829 161 133 297 714 477 942 863 324 992 518 498 556 890 73 574 668 505 584 426 153 538 534 33 428 588 12 607 765 541 874 795 84 342 684 740 29 806 399 390 56 780 901 111 190 975 580 896 444 458 117 818 42 938 437 156 288 525 605 271 216 950 899 19 643 43 569 68 621 800 930 693 25 89 590 924 688 855 549 181 682 
14
2 25 44 56 60 66 76 84 124 129 132 135 137 198 
149 61
907 680 206 162 568 470 33 974 105 530 688 856 378 220 516 200 262 736 965 649 265 186 857 746 411 435 879 45 740 618 603 951 635 57 131 834 427 788 551 160 444 49 678 209 717 328 802 99 87 465 724 953 400 824 594 76 471 147 458 300 189 
18
2 8 22 30 58 70 83 85 93 108 111 121 129 137 157 183 184 189 
150 58
806 569 10 721 80 478 4 364 374 553 316 853 379 640 482 719 8 344 107 981 172 883 143 688 207 693 175 730 397 410 473 565 306 861 179 341 282 224 6 181 155 340 784 310 312 608 433 604 573 86 797 521 916 946 457 198 874 163 
12
5 14 25 52 74 124 125 126 127 132 134 197 
151 62
271 824 428 221 63 616 228 543 148 645 803 16 964 486 111 814 656 182 491 807 20 810 316 161 82 989 925 126 36 452 785 8 197 438 754 680 448 6 23 753 42 441 578 815 579 208 840 855 223 618 65 303 31 900 663 821 692 534 218 659 535 298 
18
16 32 41 46 60 91 115 126 127 128 132 134 136 155 156 179 190 197 
152 31
626 832 462 943 314 403 670 801 616 597 264 671 724 13 47 118 550 369 947 910 557 39 632 178 630 730 545 419 826 197 308 
17
14 20 32 37 44 53 62 65 82 86 106 112 121 146 178 184 195 
153 89
395 720 386 592 258 626 292 556 84 50 885 628 233 969 653 854 882 327 722 497 904 35 16 727 648 610 136 464 871 950 212 601 116 274 906 34 587 701 367 208 195 362 994 505 864 167 835 598 6 796 544 307 848 681 866 392 234 787 577 540 414 257 986 834 439 561 945 778 875 40 830 929 595 191 417 68 905 843 973 308 141 299 824 156 812 144 372 53 721 
20
1 8 27 29 48 62 81 82 90 102 120 126 130 131 160 167 169 171 180 196 
154 49
737 302 899 699 652 919 771 488 14 266 898 661 740 712 106 3 756 312 779 483 337 386 781 663 908 723 183 553 590 294 907 283 451 86 651 992 629 577 498 905 903 217 533 545 169 186 739 729 988 
23
5 7 18 22 32 33 40 45 52 56 58 70 71 77 78 83 84 87 94 100 156 157 179 
155 55
442 284 837 332 880 801 327 537 63 142 340 747 942 683 446 604 79 881 464 185 827 118 377 535 575 176 924 159 714 509 825 48 677 567 740 345 382 594 631 559 263 189 843 5 550 652 726 884 489 416 786 532 43 390 469 
24
21 28 29 34 35 52 54 80 88 97 102 103 116 131 135 139 143 151 162 175 182 185 196 197 
156 40
735 357 199 452 961 471 311 469 284 47 935 75 700 394 416 756 53 975 686 538 316 908 276 2 256 335 644 802 486 791 401 60 194 510 884 48 676 202 281 3 
19
12 26 28 43 60 64 77 94 102 111 115 126 142 151 154 157 170 178 189 
157 56
786 642 484 815 736 104 544 914 440 45 877 866 550 132 776 302 930 943 869 329 13 161 494 753 845 695 621 399 15 751 733 622 722 446 596 294 734 418 971 321 419 910 620 773 220 694 265 98 476 362 994 254 333 965 425 188 
19
3 4 21 28 30 52 68 93 97 99 109 121 128 149 154 156 162 170 179 
158 81
82 788 85 485 298 734 772 438 745 587 375 217 691 897 541 331 462 963 664 980 958 247 941 546 794 162 539 519 606 989 826 842 52 636 970 84 463 147 166 688 451 780 817 303 8 175 570 911 235 569 948 781 308 837 972 893 514 347 619 118 54 668 334 738 571 868 328 852 572 238 380 283 116 617 527 694 360 432 977 178 894 
18
2 36 67 97 106 114 118 127 128 171 172 175 176 177 183 184 194 195 
159 60
493 19 147 337 179 510 984 688 293 609 170 644 486 303 437 755 202 46 786 312 687 529 845 705 555 332 221 546 781 543 506 870 377 814 340 207 983 374 532 51 680 714 196 405 812 220 54 122 675 669 965 225 741 663 819 582 350 508 287 524 
17
14 23 25 36 37 54 69 77 82 85 90 92 100 104 136 147 190 
160 56
854 353 635 416 44 219 772 61 885 332 411 603 366 682 825 210 62 160 476 12 878 175 841 762 577 730 651 658 399 947 473 868 489 346 938 622 666 529 237 29 977 866 961 221 539 697 327 31 189 268 470 944 463 264 5 874 
22
11 20 22 23 36 40 43 44 75 76 79 97 116 120 129 135 146 153 164 168 175 191 
161 85
887 386 92 425 57 606 865 162 997 444 220 852 326 845 985 116 23 813 16 332 696 863 942 308 545 394 631 947 315 2 692 763 429 903 202 74 311 156 630 193 893 437 771 103 921 253 420 352 707 39 151 871 704 412 306 385 639 544 738 101 268 749 38 923 735 902 585 849 907 573 740 119 761 959 673 172 969 802 170 321 814 480 708 790 911 
22
8 14 19 21 22 44 66 71 80 89 109 110 127 132 135 165 168 175 179 184 185 190 
162 83
27 792 291 505 149 691 533 165 666 977 187 281 123 224 777 520 994 248 345 11 90 485 100 179 258 255 119 40 830 431 669 418 813 176 677 602 739 776 464 701 229 545 807 89 642 678 10 460 293 530 864 311 882 216 137 690 731 889 340 656 876 41 64 459 626 121 288 455 966 131 80 633 967 69 403 562 747 246 568 596 95 83 50 
17
12 19 21 23 24 49 51 78 100 113 125 155 157 171 192 196 197 
163 54
972 340 644 170 172 909 508 34 138 310 152 219 298 811 947 868 709 472 469 101 901 753 892 704 926 57 623 660 364 161 398 796 833 379 117 275 746 35 775 594 557 378 580 896 634 782 412 965 968 336 56 135 609 979 
16
3 22 32 49 51 54 59 61 80 85 87 95 110 130 143 171 
164 53
199 379 758 442 802 352 668 130 367 359 517 334 878 483 279 832 10 311 607 718 234 970 794 461 202 512 648 314 684 534 917 854 225 632 635 872 561 798 98 420 530 609 688 23 608 134 312 470 886 997 559 836 46 
18
8 14 44 52 59 60 62 86 88 97 101 113 133 137 142 143 160 183 
165 38
393 237 474 733 30 755 202 572 364 648 218 847 191 33 405 590 886 532 242 12 318 731 562 255 571 791 238 1 103 140 497 576 619 46 603 85 322 787 
21
1 9 18 19 29 32 33 41 50 64 68 71 79 97 115 117 125 161 169 179 181 
166 45
643 588 986 977 163 795 759 893 770 318 614 510 984 771 993 341 230 599 20 960 750 10 911 83 305 1000 408 502 175 974 789 337 201 312 919 682 603 609 845 766 572 809 143 550 568 
20
4 13 25 28 32 36 38 46 52 89 105 106 110 111 123 128 132 136 193 194 
167 63
384 305 395 734 132 846 135 214 56 881 178 992 267 483 17 570 128 365 928 299 758 47 284 57 805 410 739 581 63 225 874 558 77 472 990 915 940 866 496 317 690 816 921 763 134 29 661 487 324 87 124 756 127 941 540 634 745 824 673 515 349 270 455 
14
9 21 27 44 75 100 113 124 128 138 140 153 187 191 
168 83
308 639 74 240 339 558 479 716 303 539 697 317 190 227 645 92 644 900 456 219 453 611 628 555 239 96 583 425 694 71 182 367 525 334 18 729 808 112 981 489 586 252 295 462 794 928 836 208 542 468 626 120 615 448 338 529 924 283 116 617 659 266 819 799 690 857 356 272 890 25 521 837 968 147 982 609 543 877 324 992 675 364 576 
23
4 16 18 27 29 35 44 50 52 53 76 77 96 107 130 141 144 146 160 161 184 187 198 
169 40
185 106 981 427 316 904 398 694 28 657 456 231 590 396 729 470 702 899 780 688 725 450 858 587 328 143 66 862 388 289 684 146 936 383 458 634 416 258 179 364 
16
16 37 47 59 63 69 92 117 119 120 134 153 165 172 191 193 
170 60
90 201 566 509 558 78 710 670 907 512 875 480 350 782 486 208 807 728 148 859 420 820 504 709 344 24 61 154 887 3 770 482 376 297 465 569 620 399 125 362 997 708 519 45 900 547 863 311 718 891 733 970 496 493 19 459 617 173 618 144 
18
4 8 23 30 32 42 48 51 71 72 90 111 123 146 156 157 177 197 
171 86
131 632 966 837 503 379 212 240 551 393 144 545 44 278 436 120 997 94 805 672 435 751 207 875 301 468 764 815 481 639 323 583 504 30 987 163 400 415 826 993 677 898 886 11 406 810 643 825 213 881 565 967 414 784 116 827 660 181 265 599 10 976 642 110 108 609 425 759 746 245 421 236 580 562 768 813 145 622 273 774 941 463 811 970 182 34 
26
8 23 28 34 38 40 51 55 69 70 74 92 100 104 116 124 132 143 153 158 162 163 174 185 187 195 
172 35
103 978 904 266 192 152 735 344 89 918 74 737 959 930 375 913 247 395 950 409 964 556 355 272 204 137 470 17 54 179 47 898 767 12 937 
23
0 1 6 16 20 25 39 56 69 74 77 80 123 128 141 146 158 169 184 187 189 191 195 
173 79
368 684 646 251 398 899 346 199 88 205 837 340 106 462 225 610 689 832 911 671 887 547 224 382 748 511 918 266 767 144 428 872 285 470 802 91 315 61 833 745 912 775 907 406 819 151 485 864 469 822 427 673 506 458 537 616 379 69 138 955 876 323 229 545 356 393 509 848 13 568 747 352 984 26 184 764 369 624 290 
12
5 10 15 20 24 28 29 76 109 132 136 174 
174 61
538 64 114 193 70 958 484 162 399 942 720 957 483 72 553 638 322 470 21 653 370 444 523 681 708 153 819 240 684 19 889 672 757 932 44 123 492 270 31 956 224 479 884 911 845 134 175 693 36 813 460 697 776 43 596 802 950 182 718 274 534 
21
8 11 38 41 46 54 80 86 88 94 101 125 127 131 141 171 173 179 187 188 191 
175 48
679 236 769 695 932 373 452 817 425 166 980 475 17 408 556 213 456 88 641 439 365 920 283 211 97 651 466 463 259 998 908 342 971 257 696 380 397 805 884 440 70 307 108 747 225 857 665 744 
20
25 28 31 33 51 70 73 88 109 110 115 116 128 139 155 158 160 161 191 193 
176 64
851 535 88 167 81 792 192 268 584 202 921 551 704 420 341 986 935 66 460 254 96 624 365 994 757 651 98 58 62 143 563 970 995 877 87 767 656 582 952 32 822 269 48 270 547 658 990 76 366 761 280 909 277 528 686 311 479 249 644 881 477 319 677 282 
10
57 70 75 79 89 99 104 158 182 186 
177 58
245 23 260 418 488 922 796 164 307 376 621 147 230 748 715 557 127 91 12 447 727 174 664 775 657 972 935 491 742 668 502 650 229 140 853 695 452 531 582 945 629 296 730 888 899 163 259 496 754 169 643 679 758 961 628 910 845 634 
21
2 3 5 6 22 25 30 53 62 68 79 104 110 111 125 126 144 158 170 187 196 
178 31
274 607 89 285 816 779 979 471 804 27 585 474 41 83 491 784 375 460 579 983 524 937 12 516 244 309 38 8 526 458 865 
20
3 8 17 27 28 38 46 64 85 106 108 130 132 133 141 144 147 152 156 194 
179 50
226 360 216 690 967 711 632 45 859 780 157 394 995 259 825 529 918 599 636 327 346 409 658 547 260 1000 50 445 522 390 133 507 732 811 653 143 531 294 849 454 491 412 728 343 817 618 302 151 783 870 
15
8 9 62 65 95 112 113 118 151 154 157 161 165 174 195 
180 60
35 351 193 442 679 594 752 224 698 693 61 952 83 241 93 888 356 514 830 988 277 208 662 674 877 285 852 512 845 549 938 124 455 60 434 151 262 314 921 684 501 449 579 517 776 46 683 604 419 9 641 805 839 645 727 16 237 180 22 96 
20
8 20 22 23 31 39 49 64 65 76 78 109 115 116 134 142 146 147 153 187 
181 78
80 710 193 509 429 824 805 94 347 224 856 411 727 190 506 595 832 200 171 882 869 795 5 700 154 413 820 346 741 232 47 363 916 713 565 881 249 12 609 925 313 155 244 419 421 519 1000 740 570 807 326 875 357 690 98 617 219 172 330 258 801 406 513 180 857 450 280 715 399 433 607 212 106 27 281 44 37 116 
15
1 19 27 30 39 40 45 105 110 113 122 136 139 146 165 
182 66
707 465 79 404 267 899 978 662 128 831 910 466 545 218 38 670 196 951 417 812 300 221 871 927 867 235 8 719 351 18 976 739 288 954 642 409 174 95 622 712 194 440 257 704 40 262 301 854 74 785 456 615 353 195 824 639 323 619 249 31 823 586 42 358 691 59 
15
23 27 32 35 42 52 72 88 100 129 131 141 155 176 188 
183 58
251 93 409 533 230 941 20 168 276 592 425 30 559 401 221 208 81 634 792 926 593 672 86 765 173 884 952 27 97 911 42 116 835 349 143 538 100 317 396 882 888 900 426 520 28 620 122 469 864 420 231 68 305 497 971 856 145 482 
19
18 21 32 38 41 50 67 77 78 81 95 110 112 113 121 149 158 164 194 
184 82
160 336 531 365 793 556 812 496 830 672 349 191 79 553 993 852 62 306 543 617 927 611 251 135 474 975 846 679 628 707 998 208 966 740 582 266 315 394 637 535 379 872 371 455 467 941 607 988 153 390 982 427 506 834 263 526 25 599 432 265 488 822 655 589 639 806 382 856 33 868 367 297 965 621 623 377 544 410 911 577 249 12 
15
0 6 28 37 64 71 81 149 152 158 161 168 172 195 197 
185 51
13 803 329 546 556 174 586 744 480 856 619 609 468 921 492 434 485 115 336 109 188 361 830 344 423 32 173 71 848 478 972 699 919 443 570 163 74 957 799 217 59 63 695 458 236 305 233 391 567 345 266 
24
2 13 15 18 23 25 26 32 35 50 71 80 88 93 124 125 127 132 147 155 161 171 196 199 
186 86
315 148 882 928 594 719 758 895 320 241 167 22 812 180 430 35 516 94 54 372 305 813 655 287 780 859 32 111 858 524 190 119 672 198 108 187 100 211 752 974 777 709 460 10 642 985 827 766 307 940 134 802 881 747 580 395 948 136 179 12 847 277 611 945 231 433 210 982 745 912 704 230 16 717 638 304 757 897 85 419 814 705 538 874 172 175 
17
6 8 28 30 44 45 49 58 61 83 99 128 132 140 144 176 196 
187 71
172 725 567 804 796 559 675 912 893 597 202 702 533 138 960 343 602 444 165 955 905 431 40 119 695 21 495 724 92 318 873 478 390 686 866 743 981 859 452 89 168 143 700 885 460 497 51 347 187 382 161 832 358 736 107 897 374 983 331 579 863 468 248 985 156 630 536 852 482 18 887 
28
1 5 8 15 23 25 51 53 57 63 80 94 99 105 114 116 117 124 138 140 144 167 168 171 172 174 177 180 
188 84
627 794 843 226 514 681 745 271 46 202 377 559 558 892 655 602 304 699 673 339 840 265 944 75 574 100 257 99 968 889 354 828 235 129 630 330 107 942 64 730 123 791 162 616 449 540 363 37 784 116 590 89 721 316 668 385 552 315 816 914 713 837 2 16 806 671 445 946 111 612 761 928 361 27 185 657 954 453 778 611 340 522 887 702 
19
1 4 7 29 31 39 49 65 68 85 86 88 118 125 144 174 182 189 196 
189 70
968 11 714 3 556 375 739 380 775 750 197 358 911 950 377 61 535 479 420 235 13 285 680 428 624 861 703 471 362 658 610 474 585 297 704 62 174 23 34 717 978 124 101 686 837 363 295 91 730 572 145 461 194 653 710 701 936 557 132 290 142 526 726 805 752 834 123 24 182 972 
19
9 13 16 26 39 46 53 63 65 76 84 92 100 112 132 149 156 172 188 
190 61
431 559 796 180 733 606 369 643 880 90 959 125 405 326 484 919 734 31 742 304 708 214 704 783 151 433 361 555 296 853 964 513 143 640 719 702 621 791 206 308 641 508 410 40 145 108 266 837 652 99 785 864 437 526 684 122 912 381 934 823 794 
15
1 6 25 37 82 83 85 89 92 110 121 127 151 159 161 
191 56
756 45 203 164 797 955 710 394 813 217 483 964 253 557 952 42 992 780 491 751 344 838 316 242 460 420 494 178 847 621 140 658 259 378 304 8 746 492 413 100 240 704 371 1 549 75 800 199 458 43 754 103 577 735 352 368 
19
2 6 21 32 57 68 93 105 115 124 126 133 134 160 167 169 172 174 175 
192 38
154 451 266 969 972 639 306 415 452 373 759 537 286 596 950 287 102 308 382 456 772 295 68 376 771 183 685 922 196 335 957 483 291 844 514 941 897 650 
21
20 49 52 61 70 72 75 81 91 100 104 108 113 116 119 121 126 133 135 162 198 
193 61
562 878 404 799 308 466 399 320 206 95 648 727 351 515 440 993 403 396 633 238 143 883 233 635 326 190 630 889 260 948 789 385 792 113 119 645 305 300 142 697 125 327 643 346 814 763 447 850 517 818 739 863 310 626 468 98 960 580 886 649 807 
26
3 5 15 28 36 37 59 86 100 102 103 105 110 112 130 132 134 142 143 146 166 169 175 194 196 199 
194 53
5 400 321 709 946 510 917 601 275 571 808 465 442 837 35 330 883 427 689 493 639 454 843 276 191 582 545 929 263 892 438 745 643 161 51 999 712 949 226 305 463 669 894 262 40 641 404 383 620 842 324 877 403 
17
0 17 26 43 48 69 71 98 118 123 124 127 158 166 178 183 193 
195 90
519 686 282 115 167 758 257 498 525 224 391 487 654 210 378 852 593 40 3 172 538 908 718 793 292 255 176 262 549 786 628 253 657 490 919 494 573 934 360 773 439 446 974 880 523 365 918 997 69 252 693 900 597 764 486 881 91 425 978 293 530 829 996 267 601 645 13 256 757 915 815 314 954 464 798 769 554 967 633 1 116 529 195 120 41 730 897 155 269 813 
23
1 5 6 25 40 43 46 54 82 84 86 100 102 103 106 117 137 152 158 171 172 179 184 
196 88
52 720 980 388 317 150 655 488 525 937 282 649 20 677 9 964 851 298 490 323 730 256 435 92 13 500 235 445 946 662 109 372 214 409 682 14 594 199 357 251 752 90 169 42 428 271 809 976 308 466 641 140 808 173 340 83 493 827 353 457 290 774 405 22 222 830 663 31 36 471 139 291 913 992 44 954 97 264 626 793 127 785 749 504 170 993 158 675 
26
8 10 15 21 32 35 37 46 48 51 64 77 79 81 94 104 115 141 153 155 162 177 185 186 188 193 
197 36
144 169 40 114 965 669 262 484 901 864 726 541 800 585 955 22 349 793 544 806 937 307 443 298 187 409 905 202 693 846 931 109 590 741 301 190 
18
2 11 33 50 63 77 89 93 110 135 142 145 150 151 155 162 170 184 
198 83
464 169 510 942 608 38 764 322 211 712 554 973 305 68 551 782 116 904 935 461 382 948 711 399 117 952 325 167 404 818 976 704 223 705 500 160 555 644 249 502 168 247 154 509 175 886 218 691 320 654 161 605 93 567 804 428 397 63 788 955 244 876 842 7 508 422 582 29 355 285 810 533 32 366 445 702 983 482 457 225 531 435 198 
19
9 23 32 35 51 67 77 90 95 98 104 112 122 123 131 133 148 168 192 
199 86
702 368 927 593 373 464 765 917 237 711 377 219 772 207 782 281 37 962 248 406 11 801 968 336 739 51 121 920 753 164 832 516 716 520 20 187 424 936 304 792 305 463 12 188 449 783 115 913 78 357 752 505 189 822 546 45 135 302 970 823 96 685 369 830 577 314 434 829 468 310 842 7 718 217 640 796 838 504 3 484 131 966 255 222 108 943 
12
13 51 56 63 77 86 87 104 123 143 185 193 
