20 27 41 49 74 77 81 86 88 90 
100 102 104 106 111 127 129 135 137 138 
151 158 166 196 197 207 210 225 231 235 
239 246 261 272 279 290 294 298 301 310 
311 334 341 344 345 347 348 352 364 365 
370 379 383 399 407 414 432 451 455 457 
468 498 501 505 520 525 541 548 553 566 
577 579 587 590 592 626 637 639 642 662 
665 672 677 693 695 699 700 709 718 719 
734 741 759 766 771 773 792 795 799 802 
808 809 813 825 828 833 837 842 843 853 
860 864 868 869 871 887 894 901 910 915 
924 926 927 935 937 941 962 982 984 987 
988 990 1004 1012 1023 1026 1029 1032 1034 1039 
1041 1042 1047 1052 1059 1079 1081 1083 1086 1091 
1105 1108 1111 1117 1120 1122 1127 1137 1140 1142 
1143 1150 1157 1162 1171 1173 1176 1179 1185 1193 
1210 1211 1213 1214 1216 1227 1232 1234 1236 1250 
1262 1272 1294 1295 1297 1298 1299 1307 1309 1313 
1324 1329 1339 1350 1355 1362 1364 1371 1372 1373 
1374 1377 1381 1391 1393 1396 1400 1402 1407 1409 
1411 1424 1425 1436 1439 1440 1447 1465 1467 1474 
1483 1486 1495 1509 1511 1513 1528 1536 1541 1545 
1560 1563 1564 1567 1576 1584 1600 1605 1617 1626 
1633 1647 1650 1651 1653 1656 1664 1674 1679 1684 
1686 1690 1693 1698 1700 1702 1704 1708 1711 1723 
1730 1738 1747 1749 1754 1757 1763 1766 1771 1777 
1779 1781 1783 1789 1793 1800 1802 1828 1835 1839 
1851 1860 1872 1876 1882 1887 1901 1907 1910 1919 
1929 1934 1948 1951 1957 1959 1961 1970 1978 1995 