1 7.85
1 7.85
1 7.85
1 7.85
o 169359
169359	8.19


1 6.78
1 6.78
1 6.78
1 6.78
1 6.78
1 6.78
1 6.78
1 6.78
1 6.78
1 6.78
1 6.78
1 6.78
1 6.78
1 6.78
1 6.78
1 6.78
1 6.78
1 6.78
1 6.78
1 6.78
1 6.78
1 6.78
1 6.78
1 6.78
1 6.78
1 6.78
1 6.78
1 6.78
1 6.78
1 6.78
1 6.78
1 6.78
1 6.78
1 6.78
1 6.78
1 6.78
1 6.78
1 6.78
1 6.78
1 6.78
1 6.78
1 6.78
1 6.78
1 6.78
o 179061
179061	7.07


1 6.86
o 173906
173906	7.23


1 5.79
o 177751
177751	6.15


1 7.42
1 7.42
o 175136
175136	7.84


1 6.57
1 6.57
1 6.57
1 6.57
o 170863
170863	6.99


1 7.88
1 7.88
o 176878
176878	8.28


1 7.07
o 184147
184147	7.43


1 8.28
1 8.29
1 8.29
1 8.29
1 8.29
1 8.29
1 8.29
1 8.29
o 172706
172706	8.63


1 6.36
o 174444
174444	6.78


run 100 ---------------------------------------------------------
1 6.33
1 6.33
1 6.33
1 6.33
o 169359
169359	6.69


1 5.55
1 5.56
1 5.56
1 5.56
1 5.56
1 5.56
1 5.56
1 5.56
1 5.56
1 5.56
1 5.56
1 5.56
1 5.56
1 5.56
1 5.56
1 5.56
1 5.56
1 5.56
1 5.56
1 5.56
1 5.56
1 5.56
1 5.56
1 5.56
1 5.56
1 5.56
1 5.56
1 5.56
1 5.56
1 5.56
1 5.56
1 5.56
1 5.56
1 5.56
1 5.56
1 5.56
1 5.56
1 5.56
1 5.56
1 5.56
1 5.56
1 5.56
1 5.56
1 5.56
o 179061
179061	5.83


1 5.06
o 173906
173906	5.33


1 5.28
o 177751
177751	5.58


1 5.39
1 5.39
o 175136
175136	5.69


1 5.17
1 5.17
1 5.17
1 5.17
o 170863
170863	5.4


1 5.56
1 5.57
o 176878
176878	5.87


1 5.32
o 184147
184147	5.54


1 4.42
1 4.43
1 4.43
1 4.43
1 4.43
1 4.43
1 4.43
1 4.43
o 172706
172706	4.72


1 5.38
o 174444
174444	5.67


