200 1000
0 81
705 561 661 878 562 323 821 447 517 969 134 450 382 856 421 976 582 415 234 401 214 917 745 646 725 930 564 973 736 70 281 801 300 788 793 3 75 628 638 304 843 676 8 147 779 405 34 869 417 918 9 844 692 929 58 1 660 159 396 791 631 157 213 714 46 432 353 466 163 668 273 826 901 531 847 704 546 864 74 966 64 
22
12 14 29 33 34 35 39 40 53 63 79 81 92 96 99 107 123 125 146 169 191 198 
1 101
573 561 520 139 83 2 64 222 289 730 826 929 814 893 785 618 822 426 979 568 665 173 507 310 784 81 715 381 961 460 646 567 725 616 467 704 63 230 966 799 914 246 984 198 463 815 481 5 571 738 746 709 156 867 305 472 756 241 148 109 662 590 10 921 11 204 371 484 651 324 291 764 509 843 953 285 759 838 337 380 301 466 405 71 181 682 849 515 770 436 192 34 201 530 891 56 372 994 13 681 347 
12
34 71 74 80 98 101 103 118 148 150 160 174 
2 109
516 337 132 341 174 212 275 311 47 715 744 833 929 931 29 308 642 655 321 242 5 779 51 297 130 489 608 134 115 485 169 11 386 553 316 167 474 641 729 562 360 676 518 936 101 57 204 371 538 353 982 930 429 201 754 423 773 272 105 737 234 401 6 993 99 266 543 74 513 291 682 14 804 347 16 607 941 636 599 244 688 354 210 63 191 412 290 560 393 384 551 788 120 477 402 235 736 928 498 103 980 190 698 434 935 563 396 159 870 
20
3 12 27 33 52 53 54 61 62 63 80 107 110 112 123 142 143 153 177 198 
3 105
573 525 520 506 424 395 374 84 31 69 311 770 125 41 158 325 55 924 941 774 93 14 820 662 975 307 465 226 25 433 930 95 964 569 420 253 265 551 50 863 202 976 642 475 271 104 438 580 70 738 676 175 830 775 331 116 190 111 554 888 341 174 7 305 639 982 147 481 81 136 57 11 196 697 586 549 290 666 163 409 242 794 891 390 760 523 974 184 431 97 887 850 376 66 777 519 27 361 835 255 756 583 750 379 300 
29
2 4 26 35 38 39 40 42 45 53 77 95 96 103 110 115 127 131 132 141 149 162 177 179 182 185 188 190 192 
4 104
527 442 715 418 919 249 361 835 311 74 134 969 468 635 653 599 204 705 186 854 724 372 873 162 510 348 276 671 338 42 616 30 267 696 552 253 569 722 388 643 309 151 941 887 413 729 639 18 519 490 156 161 938 716 885 50 129 586 33 261 428 823 841 507 6 937 521 433 8 901 734 87 755 479 646 312 794 460 629 370 456 641 286 954 620 119 335 545 466 17 184 73 624 290 397 96 536 425 759 159 827 906 405 280 
21
3 11 37 45 50 51 55 58 59 64 83 98 103 117 124 155 160 164 180 182 186 
5 107
591 566 482 431 395 358 38 212 275 296 719 834 88 923 966 750 118 452 794 162 933 599 538 651 614 787 155 426 891 56 921 628 85 234 401 800 726 173 271 939 438 675 359 658 157 312 145 388 262 669 637 303 136 391 57 106 659 817 653 616 580 246 957 404 924 815 147 73 22 338 782 412 375 634 560 444 49 681 666 740 618 840 367 548 864 455 621 788 50 551 885 2 336 159 994 441 852 105 606 439 342 676 421 755 87 974 306 
16
13 43 51 65 68 77 98 136 139 141 152 160 168 179 194 195 
6 118
705 566 476 461 408 358 793 834 919 946 897 739 710 42 297 965 798 622 148 57 427 171 672 97 492 495 21 766 441 237 404 312 561 60 298 377 535 109 269 603 714 973 579 737 838 285 874 989 321 81 582 2 503 819 687 19 186 149 25 860 47 591 173 87 490 99 934 792 959 163 831 910 948 113 614 954 119 593 668 852 685 764 53 467 941 943 797 718 508 7 848 513 457 624 773 940 957 562 844 244 77 821 635 468 73 310 390 56 451 372 200 496 517 253 754 921 438 605 
19
12 38 40 41 49 54 62 68 83 96 104 125 136 139 155 160 176 177 182 
7 98
520 374 158 88 3 45 58 251 296 742 834 846 252 291 698 457 741 425 556 398 831 497 719 248 955 120 910 675 754 912 338 654 368 869 316 18 610 971 136 117 466 558 111 860 192 266 990 155 895 960 802 751 347 273 431 976 262 151 182 867 700 996 641 863 849 628 649 412 852 518 254 87 421 755 329 803 811 653 987 367 877 209 42 8 342 676 509 396 870 678 98 599 259 760 365 532 159 326 
17
48 70 94 103 120 122 125 127 131 132 143 151 152 156 161 171 175 
8 105
527 462 442 121 174 271 739 297 965 216 550 113 982 421 87 579 342 749 770 603 524 129 699 620 60 640 139 356 546 230 985 818 651 888 229 730 318 936 101 16 427 946 445 111 277 945 155 886 294 136 923 773 606 437 270 604 456 224 56 870 944 426 747 580 185 1000 518 460 25 346 161 398 231 548 168 242 709 542 3 838 309 643 169 801 515 506 172 330 486 24 735 98 599 204 827 660 493 994 441 775 46 380 258 904 667 
13
13 15 37 58 64 112 117 123 140 159 163 167 196 
9 102
677 573 470 418 140 2 47 195 310 742 954 982 936 304 805 857 189 22 426 927 487 202 608 213 547 224 344 210 131 799 88 562 246 184 105 998 887 885 627 294 185 592 434 236 921 253 754 201 567 941 682 515 256 700 1 467 801 791 624 994 625 291 5 116 945 433 99 643 810 191 568 196 530 706 372 428 261 419 723 890 429 930 918 839 33 200 911 82 987 486 319 984 144 812 997 496 905 70 237 0 122 790 
23
17 23 28 31 52 54 57 59 62 72 87 102 113 119 127 139 154 163 166 174 185 186 196 
10 102
632 625 462 424 366 31 45 369 202 235 630 296 301 833 88 923 954 228 729 979 663 81 192 712 46 283 767 56 871 537 695 28 696 844 607 886 169 801 103 8 168 184 887 501 334 97 492 145 550 172 962 14 225 567 901 707 828 976 344 890 460 766 757 924 608 548 603 57 610 92 806 472 314 648 481 906 279 832 375 542 808 641 197 188 522 4 732 231 69 236 789 157 78 823 940 210 605 260 741 152 820 319 
16
14 15 21 35 47 51 78 85 90 94 125 128 151 159 162 191 
11 98
516 469 372 88 3 47 54 221 261 289 685 42 486 921 763 704 151 532 769 344 734 892 522 331 336 591 257 139 807 886 297 130 965 425 433 544 396 317 232 627 390 724 397 382 513 242 590 757 932 853 246 562 73 942 863 613 525 692 969 635 416 82 979 663 108 977 41 682 287 657 37 739 405 906 436 937 305 489 823 140 641 808 650 158 325 492 393 237 787 83 417 338 160 995 304 972 291 959 
15
4 19 20 22 38 44 50 56 59 64 91 107 116 141 166 
12 97
706 506 431 424 337 764 770 132 967 971 990 560 727 481 412 723 791 835 229 784 969 973 85 586 902 497 725 984 425 157 111 427 518 888 666 970 180 199 752 606 552 385 464 432 748 551 259 426 593 600 789 121 282 616 578 912 71 405 108 186 28 697 864 161 620 304 541 699 866 215 847 680 223 724 987 794 329 162 785 952 219 930 893 182 379 880 790 632 368 869 348 849 256 89 924 292 862 
27
0 2 6 13 15 25 38 39 66 67 70 85 95 103 105 133 136 142 156 159 173 174 176 185 187 189 199 
13 111
679 611 437 424 194 251 311 805 865 965 835 0 334 869 474 808 943 762 261 814 738 857 523 29 697 930 746 764 931 430 290 294 136 689 856 779 259 180 733 217 725 172 910 515 358 753 238 1 870 56 285 581 344 897 976 810 544 878 158 325 28 696 362 46 912 754 801 561 600 521 37 484 723 556 398 570 254 755 8 676 670 820 987 381 955 788 616 449 560 658 441 608 164 16 830 435 23 102 657 207 7 508 839 505 649 148 72 914 747 902 234 
17
5 8 12 14 15 31 34 71 99 126 144 147 154 155 157 162 173 
14 89
638 503 459 402 374 725 404 31 198 119 911 822 77 202 123 843 720 887 340 847 862 973 85 796 677 519 539 447 356 523 778 759 940 15 63 440 774 637 470 373 707 697 530 418 84 752 506 339 673 23 357 636 320 421 801 959 867 700 145 631 130 789 288 423 754 451 117 693 201 535 816 148 780 370 449 3 671 257 403 401 902 729 896 652 819 413 747 438 271 
25
0 10 13 17 19 33 35 36 51 52 59 62 74 76 77 82 103 110 117 118 126 128 143 144 153 
15 108
587 563 38 174 630 296 572 739 955 279 82 750 355 827 748 849 14 515 181 465 799 952 117 34 847 795 294 558 57 109 474 115 668 659 492 571 48 592 305 268 56 974 635 423 312 735 498 661 254 482 649 550 76 283 371 538 98 766 933 192 860 359 277 593 684 17 518 360 241 742 408 464 297 60 321 655 619 701 33 868 157 720 957 199 459 626 919 245 683 209 387 239 532 235 569 490 648 625 291 959 90 485 248 415 559 467 300 299 
23
8 10 12 13 20 28 36 45 72 96 99 113 130 135 142 146 163 164 175 176 180 183 198 
16 111
561 429 428 341 137 84 28 204 254 710 713 742 744 764 946 995 890 556 382 935 145 25 420 83 250 826 659 3 838 580 246 342 676 639 560 523 997 886 649 427 307 781 149 660 558 874 163 461 795 422 756 513 292 662 33 949 448 606 844 67 976 141 458 277 547 29 43 82 230 80 748 335 669 484 767 682 603 102 437 938 586 753 320 775 801 634 239 774 273 352 905 571 31 979 323 156 624 387 466 548 943 623 289 790 869 0 24 814 516 182 578 
19
23 34 49 59 60 67 82 102 118 124 125 147 152 155 159 166 168 173 192 
17 106
617 587 408 358 39 47 296 744 826 896 923 989 850 15 813 269 102 892 222 380 536 827 432 482 649 360 676 936 101 654 503 336 10 247 750 671 987 91 592 225 893 519 705 371 872 814 981 507 902 586 823 984 374 207 580 343 27 752 673 621 120 311 140 641 808 97 404 571 880 14 831 330 78 520 665 164 757 256 324 290 105 618 569 818 976 634 119 959 291 717 550 375 217 639 138 815 104 891 724 557 570 737 904 867 741 978 
26
9 14 28 43 53 69 77 93 94 98 99 101 115 121 127 131 132 137 143 156 158 159 168 178 179 184 
18 101
609 462 459 429 372 144 47 64 195 212 301 903 923 939 983 981 586 151 53 448 707 431 932 141 577 243 76 446 87 938 51 385 129 382 777 307 149 996 580 244 993 356 837 725 330 878 167 799 806 973 919 84 676 217 430 491 245 412 672 338 156 452 982 481 147 924 283 617 186 854 933 204 538 821 153 427 120 515 436 332 226 727 591 661 828 697 601 100 383 395 896 61 390 724 860 359 614 280 222 556 714 
16
28 33 43 45 52 105 112 122 131 138 152 164 166 172 177 181 
19 106
638 437 337 139 341 174 195 204 278 311 563 730 783 833 930 977 454 343 915 586 132 466 308 572 238 71 70 781 230 679 310 754 989 822 980 686 520 186 353 225 383 104 531 87 964 647 741 240 416 750 720 970 636 688 451 266 468 969 91 425 258 516 850 775 806 305 787 453 685 518 207 444 14 734 567 535 377 456 318 634 338 837 336 221 889 725 558 953 163 795 629 796 965 130 209 858 357 524 746 450 307 808 413 255 862 695 
20
11 14 26 41 43 44 51 53 66 70 88 100 103 106 115 117 133 152 166 168 
20 115
623 440 416 2 241 254 275 212 713 793 271 939 977 512 232 367 771 398 310 477 556 723 668 0 395 927 769 552 236 863 702 386 70 830 22 356 995 494 20 359 500 983 816 295 796 85 699 224 856 470 971 303 520 994 599 592 181 849 348 928 427 761 375 208 205 38 652 986 773 272 697 646 312 305 700 885 718 481 775 452 610 680 513 847 370 676 653 72 467 862 511 739 906 150 42 930 5 321 795 301 802 451 213 37 371 324 471 286 787 76 659 492 255 88 958 
21
11 15 30 38 70 80 86 89 93 102 107 109 113 116 117 150 151 156 164 176 189 
21 96
566 480 461 431 374 296 858 896 967 543 376 771 850 801 880 254 649 449 338 101 434 231 908 73 490 16 487 320 636 216 848 676 202 372 56 451 214 867 472 646 535 387 229 545 331 665 192 465 307 492 255 397 519 553 57 353 125 362 699 501 167 483 944 500 134 757 423 150 818 943 954 119 277 67 234 401 6 85 481 416 249 222 723 261 762 242 910 120 287 758 521 187 375 928 901 933 
24
10 22 28 46 48 63 71 76 80 82 102 120 121 127 129 130 136 155 157 158 166 186 189 195 
22 107
706 572 418 379 88 296 833 939 959 912 928 190 980 506 783 309 142 657 323 478 469 636 293 385 248 537 42 753 670 189 110 663 131 298 305 779 68 927 848 587 368 535 34 508 895 272 737 904 547 714 82 240 872 740 592 141 215 733 279 613 164 875 518 834 764 597 902 700 199 292 55 450 727 395 228 307 899 346 882 775 441 229 519 440 958 995 160 804 971 734 365 866 313 905 358 525 24 638 805 972 516 182 461 434 935 601 100 
17
11 21 34 38 42 53 75 77 78 99 102 113 128 158 161 167 195 
23 108
706 637 621 437 428 341 88 69 251 764 858 970 995 745 244 571 413 876 936 857 340 6 559 528 291 449 282 641 801 300 63 932 576 102 347 325 993 660 581 500 527 26 359 742 575 812 338 385 701 330 734 567 837 37 635 592 513 484 985 651 548 943 293 627 153 921 210 496 997 49 684 350 558 883 716 682 380 787 530 809 308 405 71 724 736 588 537 36 784 129 463 685 633 545 712 447 781 942 441 608 362 529 201 535 683 15 157 491 
20
9 16 27 36 45 49 98 112 119 124 129 138 145 150 152 160 167 170 193 197 
24 104
609 88 54 202 301 774 798 826 402 903 989 995 550 234 307 885 408 74 109 259 752 493 427 348 644 586 341 508 470 303 188 856 689 452 786 707 312 514 830 450 55 213 371 766 115 924 423 164 744 911 76 487 769 996 330 737 447 921 669 574 267 100 519 295 963 667 345 596 43 396 324 65 338 839 523 284 96 676 242 543 227 525 859 24 892 506 339 458 598 932 854 608 775 281 448 615 220 693 25 183 704 239 72 720 
22
31 33 48 55 65 85 103 104 105 107 110 115 124 135 145 147 159 164 171 176 181 186 
25 106
679 638 611 9 38 194 903 939 967 689 522 202 35 870 746 576 242 590 924 744 911 504 28 696 645 377 240 204 371 872 943 382 518 331 774 66 233 540 373 768 917 394 261 24 859 853 519 598 830 162 791 712 606 413 971 804 565 644 829 278 788 120 342 815 704 309 560 784 116 265 115 668 733 654 208 375 542 269 770 937 670 85 787 629 535 201 675 318 239 740 386 720 735 67 857 383 49 858 190 427 70 828 661 995 795 479 
17
12 26 57 68 80 91 110 111 127 129 136 141 144 169 195 196 199 
26 100
640 45 212 222 251 286 395 896 40 717 550 755 936 182 15 200 607 5 242 538 742 575 482 649 655 230 388 536 220 998 524 688 214 530 928 547 843 17 685 456 593 927 738 343 125 993 475 512 837 344 897 934 352 34 869 832 665 810 669 272 346 267 337 671 829 500 414 520 19 892 224 938 604 288 446 489 155 577 410 76 608 529 766 257 90 39 707 305 639 560 526 833 1000 804 461 962 618 952 839 918 
16
3 19 25 57 84 87 94 105 143 149 167 172 179 180 188 199 
27 103
566 527 482 480 374 132 28 54 235 335 783 151 485 996 829 328 513 870 741 489 15 331 689 531 698 145 935 184 342 762 553 395 186 687 413 134 635 556 872 216 690 438 675 248 796 414 915 565 585 881 547 20 298 937 603 801 634 710 42 268 200 701 849 627 895 728 394 998 330 639 75 224 391 593 347 514 286 119 171 989 321 10 357 458 291 780 613 679 372 205 433 711 544 158 993 53 387 150 273 905 1000 978 820 
22
2 23 28 44 45 50 56 58 64 68 78 90 93 104 112 115 118 140 177 182 187 190 
28 97
630 418 52 45 212 289 732 238 739 770 990 847 346 829 355 15 187 387 794 655 618 151 336 837 600 651 22 984 352 112 981 666 629 660 505 110 663 226 56 530 201 886 51 227 464 754 921 928 427 353 252 85 550 717 175 342 852 89 194 27 659 851 239 907 872 635 468 802 207 104 930 262 973 246 486 820 142 548 74 232 935 498 832 954 620 942 775 98 933 714 380 658 324 166 877 245 746 
24
9 15 17 18 21 27 29 35 38 49 57 62 75 76 77 81 94 100 105 124 160 185 191 197 
29 99
577 506 424 416 28 58 77 229 241 846 955 970 971 791 624 924 822 655 186 581 344 107 430 771 675 16 517 184 658 29 187 661 288 560 378 484 150 739 71 202 369 703 649 799 318 717 199 278 224 892 436 102 217 106 853 185 220 888 716 890 261 631 285 963 306 72 381 542 660 994 862 361 993 255 610 944 312 14 682 919 169 248 92 13 474 869 571 237 70 510 413 747 431 207 918 877 866 532 198 
11
0 28 42 43 51 65 112 117 126 129 197 
30 97
640 609 520 386 158 137 91 28 2 188 235 238 764 798 981 517 754 43 511 952 841 999 51 984 939 860 602 83 250 239 858 524 928 501 756 775 608 55 975 140 880 327 290 354 962 461 308 153 506 673 259 812 180 707 874 671 504 537 629 374 708 78 412 115 783 449 617 283 912 411 727 181 403 318 652 810 561 60 613 247 543 676 48 994 159 554 381 724 223 635 969 468 398 231 547 323 156 
17
20 33 48 56 57 88 129 130 137 140 141 152 153 176 177 190 192 
31 104
623 572 563 366 358 158 137 38 45 69 204 221 278 295 332 914 67 279 797 744 911 243 930 95 402 569 516 15 489 423 28 362 125 984 905 562 290 419 361 827 511 616 625 124 458 58 225 750 376 139 848 689 759 926 852 741 190 977 643 849 201 551 788 397 642 55 186 687 846 512 670 707 636 966 298 468 505 578 25 179 495 983 148 185 467 72 494 424 257 415 394 552 777 145 940 114 782 558 795 5 285 953 333 667 
17
9 13 24 42 46 61 78 82 84 86 87 134 154 167 171 179 186 
32 107
480 470 379 366 139 3 188 202 254 275 293 332 742 865 955 132 967 820 653 823 155 714 82 537 774 816 649 514 593 799 339 5 558 429 930 262 25 183 815 432 902 735 419 809 402 217 472 676 371 872 515 123 791 102 937 789 208 245 282 605 485 707 628 692 946 111 655 822 520 186 243 717 532 552 385 103 771 938 749 916 732 163 998 330 237 711 553 887 331 702 289 623 110 268 988 821 153 765 40 708 207 286 523 610 777 740 239 
12
36 75 85 92 93 132 152 153 179 187 193 194 
33 99
395 337 235 833 902 919 954 982 990 995 45 212 818 835 959 124 790 472 509 916 205 945 64 231 469 232 694 861 940 822 443 936 699 307 436 103 261 243 577 741 930 856 688 202 151 500 742 241 246 404 727 925 257 312 479 955 621 278 779 669 335 252 210 783 616 950 705 371 687 139 807 306 696 617 380 196 697 452 632 966 492 659 860 192 886 218 290 211 216 137 180 328 994 513 865 197 345 86 923 
24
0 2 14 18 24 30 38 45 50 57 75 77 79 83 88 90 109 110 113 116 138 139 163 190 
34 101
563 525 461 442 54 221 258 310 896 927 593 647 252 419 276 777 89 601 617 116 450 687 186 107 660 203 6 796 701 33 151 546 620 67 936 253 196 697 223 808 571 431 598 97 368 535 201 279 73 135 372 271 890 584 347 658 421 162 181 682 931 430 773 272 504 649 561 394 904 236 542 278 779 102 937 436 465 192 860 589 244 99 284 581 414 202 360 185 106 774 716 877 676 8 843 872 66 303 387 220 299 
27
0 1 13 16 22 52 57 69 70 90 96 106 109 126 128 139 142 143 145 156 164 180 182 183 186 188 197 
35 107
563 527 525 470 461 77 194 241 831 919 970 988 167 501 835 993 519 985 129 772 83 250 633 791 938 125 69 236 476 643 199 867 551 8 997 337 504 583 917 662 996 34 869 79 783 950 81 7 944 447 763 518 870 202 91 592 188 355 704 451 517 391 224 371 872 138 876 208 181 14 172 762 51 130 507 769 491 942 716 272 20 740 981 814 593 426 440 774 300 207 40 875 738 70 431 984 99 600 420 460 223 690 189 857 421 387 53 
21
0 3 10 14 28 45 57 97 106 107 111 132 146 147 149 154 163 179 181 189 193 
36 107
640 621 611 503 482 121 98 38 235 310 774 858 112 796 401 735 96 795 294 680 847 610 777 247 839 99 591 257 921 911 76 150 196 48 712 58 532 769 687 608 476 309 72 685 167 720 246 475 976 939 702 781 209 841 163 998 78 394 663 639 750 671 804 693 857 189 523 316 176 217 885 490 727 272 901 486 116 784 654 284 46 856 540 557 794 659 71 906 572 542 912 151 485 943 18 352 220 281 859 24 814 981 181 166 324 16 183 
25
14 15 23 32 48 49 70 95 99 105 106 120 132 143 147 149 151 168 175 178 180 186 189 190 199 
37 104
705 679 630 437 144 121 52 212 295 773 833 783 950 663 496 575 654 906 827 982 314 302 342 376 850 613 724 334 808 752 109 766 63 285 917 23 904 186 790 962 497 330 16 885 718 681 757 298 693 316 483 207 875 677 844 492 993 659 104 377 210 305 749 518 360 755 743 972 304 732 398 893 252 419 486 504 170 420 921 754 108 626 141 220 672 356 451 130 927 453 600 702 879 712 545 508 206 540 847 513 355 652 494 568 
18
4 8 51 62 98 108 110 112 114 124 132 137 151 171 174 176 192 195 
38 99
621 611 28 58 293 967 972 977 226 560 393 727 885 718 244 748 5 911 60 42 376 620 752 436 41 423 157 860 676 150 897 396 26 421 878 140 474 553 733 679 512 828 298 966 108 442 294 267 188 820 647 635 398 240 273 540 548 660 493 98 530 567 282 944 276 784 746 340 6 875 357 691 23 655 723 156 824 446 644 811 832 164 665 819 485 965 631 464 798 505 426 979 268 435 83 284 952 520 353 
24
3 6 11 12 20 22 28 33 45 56 72 82 85 91 102 111 130 142 146 148 150 160 170 197 
39 109
623 609 566 140 38 258 269 301 713 764 793 816 846 33 534 586 507 674 942 608 590 757 46 279 446 780 574 109 682 756 598 300 791 774 273 668 327 105 658 342 670 749 196 490 648 253 930 246 325 411 912 377 43 675 527 861 308 752 917 285 910 409 131 332 1000 556 371 568 489 495 662 328 865 698 859 692 874 886 479 813 548 888 209 353 297 130 631 895 394 557 954 787 151 388 18 746 4 672 988 830 695 27 20 688 22 945 444 611 138 
20
0 3 12 62 64 69 84 91 100 101 110 119 127 131 136 140 159 177 189 193 
40 105
573 369 121 188 251 258 278 301 805 826 858 914 765 932 673 172 812 979 347 343 27 285 996 432 987 601 434 223 724 465 835 243 401 834 333 254 103 45 880 257 101 385 718 643 810 977 595 525 859 358 484 168 2 837 300 537 892 707 944 423 387 53 262 927 965 631 684 548 785 451 362 696 244 77 700 811 574 772 761 630 129 277 989 321 822 813 312 980 793 125 960 281 949 263 974 731 230 46 881 213 371 866 382 461 303 
23
0 3 6 45 46 47 72 75 76 77 87 103 116 135 139 145 151 154 158 169 170 171 187 
41 100
482 462 429 591 424 366 144 140 88 54 221 275 64 732 770 798 638 805 941 546 200 829 779 637 303 685 306 639 83 417 891 420 790 516 850 517 823 542 41 828 396 277 284 670 837 433 600 385 51 123 933 803 856 188 504 625 458 691 620 362 214 917 475 141 694 220 562 321 149 939 252 568 242 75 747 115 997 365 658 491 66 901 567 588 531 513 847 452 707 373 598 727 24 394 152 653 460 652 318 239 
20
6 19 59 67 68 72 74 83 90 96 99 108 112 134 136 155 166 183 194 197 
42 95
482 416 640 139 91 238 297 798 826 954 523 273 668 192 762 737 725 883 470 804 699 67 329 210 1000 73 741 346 109 921 420 578 351 331 832 563 897 378 615 497 23 282 467 689 551 255 881 125 155 838 24 552 613 214 727 95 185 500 333 412 228 672 988 79 237 40 875 796 891 390 241 74 575 212 806 138 197 515 849 348 84 919 585 110 701 209 543 624 150 675 271 104 438 293 460 
23
3 22 29 31 51 62 66 70 77 91 110 117 131 137 142 143 154 160 161 171 175 183 196 
43 95
591 459 372 366 144 84 28 64 202 204 258 310 730 846 213 250 717 209 500 342 878 256 901 822 304 511 409 883 441 994 699 198 5 427 761 27 695 431 932 718 217 23 467 704 20 390 173 284 693 25 575 259 857 22 890 800 393 244 77 946 950 200 534 613 508 675 607 273 9 510 933 265 983 746 161 30 140 975 474 654 821 505 313 67 234 888 387 378 545 552 922 81 749 582 108 
21
5 17 18 19 29 60 62 66 69 70 90 124 128 143 165 168 170 172 178 190 196 
44 110
563 480 469 459 121 2 69 335 783 971 982 117 379 212 528 882 724 223 56 84 953 619 452 163 497 974 640 388 151 230 222 55 766 213 547 942 842 447 15 568 331 997 444 839 77 393 710 376 907 828 750 671 386 465 298 860 693 959 801 987 653 875 252 85 104 606 843 774 273 36 538 756 257 810 99 562 993 325 848 748 187 468 802 412 96 816 482 649 373 719 145 777 120 268 317 554 296 0 751 739 976 114 188 58 225 466 967 678 283 184 
17
11 19 27 53 61 81 89 93 98 99 102 104 105 125 141 151 182 
45 109
706 609 573 572 640 139 677 9 39 278 793 982 577 744 911 76 288 737 877 618 996 256 273 521 6 732 398 269 102 834 667 123 281 133 291 698 224 397 2 747 580 610 294 690 769 374 415 517 763 95 596 585 781 773 220 426 760 464 701 938 13 988 750 671 434 560 845 301 468 466 910 74 903 736 478 812 846 720 957 377 772 704 318 151 396 1 989 321 154 581 748 981 346 978 695 932 713 880 646 804 840 621 955 287 296 129 761 632 966 
21
3 4 15 18 23 27 33 35 38 40 55 62 71 123 128 135 136 157 175 195 197 
46 102
587 577 416 402 369 241 275 293 709 711 902 914 930 847 805 304 991 440 774 695 599 915 109 591 257 652 138 545 150 321 802 732 565 231 297 631 49 550 976 250 904 571 48 838 789 288 769 233 901 5 172 725 628 962 592 814 647 240 953 285 452 562 530 719 385 859 538 167 668 779 368 535 632 298 360 676 47 698 540 618 302 554 949 654 320 727 16 183 46 714 213 292 723 55 314 519 185 264 586 753 104 438 
24
21 31 40 57 72 77 79 82 86 100 110 121 122 130 137 139 148 150 153 154 177 178 181 193 
47 107
630 429 424 418 98 9 38 64 91 258 713 819 946 159 660 725 224 172 304 748 353 19 806 973 736 104 110 347 518 430 904 169 214 464 701 636 56 390 557 447 783 672 220 960 705 863 847 105 26 917 901 87 101 290 791 545 712 300 63 658 157 108 456 757 294 795 461 980 145 207 355 996 829 358 24 189 22 690 912 404 325 878 668 380 714 270 27 141 976 770 436 102 584 250 865 30 978 777 109 182 15 683 51 841 494 810 420 
23
10 40 52 54 57 79 82 95 104 109 116 117 118 126 127 158 171 173 177 181 185 188 190 
48 112
706 679 587 516 416 366 3 2 677 9 204 709 929 267 978 30 197 425 987 653 152 486 985 227 689 610 421 184 47 715 882 491 972 304 128 723 960 85 492 571 233 312 707 129 964 470 303 932 582 661 101 523 22 384 217 883 998 330 940 647 642 889 1 983 482 667 893 190 919 585 401 234 121 288 789 687 450 924 27 770 102 527 694 546 625 532 810 643 13 514 18 352 120 278 279 6 674 970 803 135 566 65 223 934 584 468 4 88 878 98 933 432 
17
7 21 24 30 36 50 53 60 70 71 74 78 136 165 168 172 178 
49 100
587 2 195 212 418 84 251 612 278 296 311 834 865 896 931 972 977 913 554 712 18 441 960 178 652 415 603 682 761 978 724 990 155 843 685 282 914 100 930 535 505 981 902 453 631 113 668 466 397 654 575 168 57 569 458 830 945 277 570 737 757 256 33 200 690 22 523 710 376 734 196 82 635 714 547 122 199 205 748 116 985 37 538 48 838 671 875 796 636 293 794 925 451 688 955 77 244 560 393 281 
19
6 16 23 28 36 58 82 92 94 107 114 118 147 151 158 160 169 173 196 
50 95
640 632 372 144 715 577 744 798 805 923 931 982 639 973 987 654 583 600 97 413 586 157 588 847 531 551 235 524 6 954 288 877 33 200 437 89 532 866 629 696 93 172 352 960 3 170 886 175 619 360 281 672 451 229 71 784 436 831 208 41 159 80 554 633 132 474 395 869 237 70 398 161 240 515 849 386 219 45 546 151 230 63 809 461 795 737 248 169 336 371 489 511 585 774 607 
19
4 11 27 33 48 66 99 107 111 114 116 123 142 154 173 180 189 195 198 
51 106
587 368 358 3 9 258 271 831 833 965 972 989 225 611 778 516 832 758 100 969 81 979 268 245 806 138 878 246 483 964 780 543 719 385 712 823 902 744 551 300 960 728 997 496 239 740 760 259 593 672 198 827 439 272 347 848 228 729 637 136 680 847 865 698 531 756 905 237 139 207 875 85 252 891 223 75 603 867 366 77 578 736 278 111 581 506 5 71 782 362 251 643 880 583 219 457 222 556 951 398 161 542 955 120 528 66 
25
4 5 10 14 19 29 37 42 56 62 76 84 90 92 99 122 129 130 132 142 164 169 174 192 196 
52 95
590 572 424 83 9 52 58 221 295 301 332 316 237 446 239 871 634 911 97 189 385 227 15 884 785 153 943 548 585 111 525 859 24 653 903 27 248 880 769 183 162 421 105 640 139 974 401 954 789 472 766 583 504 899 944 109 174 508 842 7 518 892 576 129 784 547 338 459 960 328 395 562 790 957 878 365 207 454 788 287 120 524 357 387 716 318 652 494 698 531 511 642 827 326 931 
27
2 9 14 18 34 47 54 67 71 74 79 90 106 107 110 118 137 140 156 158 170 175 179 185 193 194 197 
53 110
408 337 83 221 278 977 990 995 110 349 876 375 869 474 166 667 500 772 298 799 10 177 344 818 40 122 754 955 454 138 878 557 530 604 448 949 791 129 50 585 860 149 316 70 237 890 767 433 952 117 228 729 176 97 887 13 87 953 400 811 477 644 980 646 813 497 858 524 23 892 77 578 60 243 429 95 100 267 733 886 532 936 527 861 976 308 453 787 550 528 950 449 371 181 515 701 148 178 432 80 748 422 853 18 185 579 105 342 378 631 
18
0 2 3 17 19 22 44 48 55 56 67 75 78 84 167 181 193 195 
54 104
572 429 47 195 258 742 806 959 512 41 199 752 612 111 336 99 810 977 591 257 396 880 295 629 392 550 671 434 952 794 723 823 665 164 616 75 628 149 574 811 996 285 30 276 109 998 849 682 813 850 110 979 347 272 430 306 543 385 583 82 319 324 828 78 729 413 809 141 991 490 964 881 213 380 689 874 446 484 721 10 819 151 221 388 869 207 487 474 641 861 173 192 736 887 219 690 275 943 108 582 226 27 528 923 
22
2 6 9 47 52 58 80 82 90 118 121 125 130 133 136 138 143 154 164 172 178 194 
55 97
705 638 617 469 424 39 229 258 713 846 914 176 334 234 46 757 979 862 388 196 433 277 593 186 661 554 633 867 551 885 429 95 727 774 467 634 783 449 486 522 6 598 524 762 286 954 620 103 738 701 859 446 780 504 30 195 696 969 134 627 390 850 588 7 675 122 201 702 184 105 532 394 473 268 936 101 857 523 216 49 937 472 305 643 169 585 506 989 822 432 915 748 725 391 944 981 255 
20
4 24 45 53 72 75 83 87 93 100 103 120 126 127 151 155 159 166 167 177 
56 116
563 402 379 372 140 139 9 58 709 715 732 923 931 118 285 619 276 943 108 331 480 647 15 98 933 678 511 149 650 840 621 287 656 155 24 859 305 138 217 59 793 292 156 583 167 835 538 705 802 486 448 281 985 651 720 553 71 906 405 646 979 347 856 634 587 754 77 411 912 784 283 986 151 704 625 941 309 377 157 712 601 839 248 521 809 976 186 763 760 927 532 279 575 444 945 787 119 936 60 585 659 865 717 357 616 376 543 938 604 497 245 97 237 571 27 528 
26
11 27 30 38 51 53 62 72 76 80 87 89 92 97 104 105 109 110 131 136 140 152 168 182 186 193 
57 105
525 395 368 9 372 38 293 719 793 816 853 865 989 897 396 265 660 930 95 959 124 651 145 749 661 481 718 422 214 362 256 757 942 547 881 565 802 276 299 587 420 754 448 281 261 762 207 505 839 870 837 232 654 193 25 526 617 116 391 687 717 455 919 585 752 271 308 279 911 371 538 316 393 652 181 751 180 514 781 623 806 974 764 263 492 571 941 388 720 544 878 498 85 419 586 33 480 981 978 346 662 161 222 556 890 
27
9 25 26 28 30 33 34 35 46 47 80 94 110 128 130 132 142 154 155 157 161 171 178 183 186 194 195 
58 99
591 573 566 461 437 418 98 17 45 710 764 846 896 88 923 986 115 616 478 176 334 23 467 368 535 516 683 51 779 463 305 6 243 815 754 420 575 20 717 216 141 457 353 320 487 446 613 836 708 580 431 264 244 208 876 893 24 81 192 673 781 223 390 684 131 774 607 989 488 682 14 646 101 769 268 402 569 490 763 95 336 837 600 995 10 197 987 188 355 434 619 953 324 398 109 474 67 699 124 
16
4 8 27 49 54 79 87 100 104 115 131 152 166 175 190 193 
59 124
637 520 442 374 31 28 229 241 335 709 770 833 965 995 23 190 655 29 530 99 580 246 987 423 245 560 226 128 918 523 382 48 437 103 419 974 421 588 138 621 952 125 441 942 73 88 756 598 647 388 45 713 546 887 251 585 664 294 689 617 283 450 487 242 205 936 615 328 802 170 565 467 634 801 169 394 315 710 392 787 329 663 933 723 222 799 957 271 772 809 312 764 430 904 164 415 749 512 885 867 199 886 243 911 744 930 262 736 334 668 279 446 759 63 774 607 449 458 291 18 686 237 869 447 
21
4 9 11 14 16 41 75 79 94 103 112 113 114 128 140 143 148 176 179 182 194 
60 103
527 469 461 418 39 229 301 747 774 816 819 846 858 902 903 982 212 880 877 433 589 277 203 598 489 267 785 864 531 827 762 604 921 1000 454 772 718 560 216 532 327 412 834 333 606 419 467 911 243 796 724 56 48 233 547 892 458 236 669 168 464 143 644 813 479 163 129 254 755 588 849 515 436 506 673 371 450 687 741 574 653 933 265 590 423 355 651 830 663 71 395 562 905 404 75 242 409 615 141 991 2 169 837 
14
16 43 48 64 78 86 87 95 125 128 162 170 185 197 
61 118
202 238 612 278 819 891 965 849 181 515 905 303 804 182 850 349 578 791 754 895 254 421 588 872 538 371 651 910 487 720 957 641 746 412 662 214 134 213 33 304 225 179 671 449 194 528 370 704 309 333 491 54 555 518 351 833 1000 684 350 113 772 298 274 450 116 126 292 960 812 220 636 135 306 780 308 678 432 265 524 927 21 522 759 443 857 690 189 501 422 686 185 787 479 312 108 494 305 147 859 692 433 962 506 172 702 761 93 427 149 316 7 550 49 207 531 880 169 288 
17
2 31 44 78 103 105 106 107 132 134 142 143 147 150 160 185 195 
62 112
623 461 428 139 88 612 278 335 805 975 538 705 231 398 73 152 621 788 793 888 647 814 865 698 396 735 624 776 385 303 636 49 208 911 710 877 87 344 423 28 337 838 505 997 663 357 875 164 905 404 945 778 192 25 587 420 728 491 831 497 515 181 702 201 273 941 79 343 214 47 837 129 964 927 532 602 936 769 358 692 507 33 586 763 356 46 585 219 750 725 66 567 132 299 536 425 450 968 685 184 102 937 193 969 100 298 966 896 729 994 827 159 
32
2 6 9 14 28 37 39 42 43 45 51 56 65 72 78 86 89 112 123 132 139 145 150 156 169 170 173 182 183 184 190 199 
63 113
612 3 379 45 77 297 816 84 919 975 192 304 383 620 8 676 380 46 132 299 875 401 476 977 102 58 677 198 921 815 204 371 556 161 540 136 619 452 465 742 575 325 640 473 394 789 599 63 517 685 184 415 942 653 820 425 940 272 287 50 78 746 412 719 886 827 71 906 869 190 856 355 750 762 604 729 97 47 138 305 639 479 331 730 897 687 186 976 809 642 484 627 701 87 755 597 422 663 426 29 345 567 725 289 456 625 688 42 370 945 444 356 523 
15
0 2 21 66 73 77 105 108 109 127 130 141 167 173 175 
64 104
677 516 28 258 773 983 990 891 812 575 854 933 834 64 732 337 495 829 674 841 341 572 791 633 470 303 698 205 998 181 655 305 472 914 544 465 254 421 37 900 505 72 833 912 616 115 589 522 985 818 484 168 309 977 582 453 286 956 262 930 300 634 80 915 283 796 85 40 910 357 919 418 752 263 430 825 193 134 13 961 385 938 553 158 400 178 609 776 275 209 376 618 117 785 917 82 721 53 866 550 383 320 727 730 
17
4 8 11 27 39 60 69 83 122 140 142 151 152 168 172 178 188 
65 103
705 680 679 632 611 520 358 38 66 235 295 310 332 335 773 798 946 783 950 763 262 260 892 57 452 797 997 690 536 299 324 491 333 408 74 682 603 268 936 30 844 212 271 104 578 973 420 44 360 119 699 198 150 985 897 976 495 885 122 790 665 164 49 717 571 867 109 276 757 397 898 341 174 508 113 824 478 715 342 974 406 169 670 522 27 422 659 325 65 600 758 479 206 874 893 608 775 362 696 412 746 911 821 
14
5 24 29 62 70 72 79 102 109 134 150 186 196 197 
66 105
28 408 241 462 295 826 903 919 971 983 611 945 216 717 164 322 576 410 252 822 992 518 755 856 998 556 741 583 219 298 772 197 513 60 541 936 320 469 636 162 496 812 180 69 570 333 880 754 606 233 786 312 109 944 666 647 814 870 475 63 100 978 811 70 228 967 466 387 71 405 700 108 335 669 985 827 134 393 501 668 631 789 784 449 119 853 18 886 385 673 172 5 874 795 842 526 429 763 293 627 785 618 515 348 111 
24
12 19 42 43 50 63 76 81 87 96 100 104 105 119 129 138 151 179 180 182 184 191 193 195 
67 92
706 705 609 590 374 158 212 235 293 946 725 14 409 700 848 234 945 155 544 860 378 145 980 664 635 504 978 346 48 258 759 932 695 294 738 324 39 707 652 485 722 241 799 918 844 287 304 703 740 661 810 977 328 994 599 340 989 721 518 351 930 763 95 31 428 762 244 390 280 754 675 195 863 171 23 85 668 396 80 665 793 459 124 792 15 219 692 859 543 433 600 284 
13
12 16 41 52 53 69 97 112 117 132 149 172 193 
68 106
679 525 480 52 241 335 783 891 764 931 954 970 217 319 152 732 398 359 860 754 733 544 196 749 601 917 176 255 456 752 562 747 914 580 246 667 172 591 925 442 609 294 373 446 577 447 517 684 595 125 487 153 856 843 66 734 181 993 722 13 514 356 107 99 432 37 370 573 740 709 448 615 369 536 784 547 380 998 858 23 524 190 665 563 396 712 44 815 973 262 974 157 789 103 938 811 774 785 618 230 528 862 426 760 338 839 
18
5 6 25 27 41 70 87 93 100 115 117 121 122 126 163 165 172 181 
69 114
632 563 482 440 368 31 221 238 301 732 764 846 955 972 990 945 619 953 321 822 818 386 720 370 537 85 875 961 460 55 723 741 568 884 615 378 66 567 93 637 804 583 82 748 335 669 116 432 225 39 373 829 89 457 958 886 775 101 769 880 436 682 849 181 515 357 811 987 653 661 187 710 209 376 771 746 667 588 95 587 754 867 885 551 17 184 674 279 693 27 508 639 426 505 189 979 464 519 835 282 539 208 542 75 70 752 585 439 413 808 422 255 250 882 
23
17 34 39 43 64 67 80 84 89 93 98 107 121 125 135 140 146 147 162 165 178 185 194 
70 98
705 630 623 609 418 132 238 258 311 834 217 551 718 885 426 268 460 53 685 362 530 975 641 493 651 421 342 870 915 80 803 646 690 635 556 231 41 477 644 449 911 76 550 383 859 701 543 923 589 607 106 343 775 120 454 346 662 736 476 810 537 54 722 751 825 669 116 411 496 508 7 728 656 218 51 841 512 141 267 935 303 396 897 761 163 716 48 266 75 153 74 558 892 862 151 599 766 754 
19
7 12 19 20 34 36 42 43 48 65 68 95 110 128 147 160 165 167 168 
71 104
625 609 476 428 386 39 238 297 747 793 806 930 939 771 774 822 154 427 928 841 167 515 362 359 675 352 22 496 417 136 847 681 839 4 565 881 548 511 123 44 813 734 558 242 795 988 821 741 740 60 635 808 620 699 462 412 957 456 8 600 433 591 196 306 466 586 702 679 846 202 536 150 317 651 705 371 773 105 254 421 500 50 727 172 265 9 844 947 944 516 358 987 945 234 550 216 454 164 498 893 416 890 886 51 
24
1 13 21 45 48 52 77 82 84 88 92 99 118 121 138 148 149 152 159 172 173 174 181 195 
72 99
612 609 527 525 469 416 408 47 174 194 332 713 739 819 853 923 939 877 956 927 676 802 290 771 850 888 814 419 164 869 348 61 693 811 404 289 957 994 501 264 307 975 908 279 595 871 950 168 273 215 818 171 4 614 280 429 596 529 463 918 699 365 601 206 364 272 940 126 205 266 977 506 673 139 306 227 231 398 619 980 145 176 79 413 512 117 16 898 63 432 173 724 223 133 894 560 244 982 959 
22
9 15 38 40 41 46 55 56 62 65 79 115 116 122 126 141 142 152 163 167 172 191 
73 97
632 573 132 121 732 742 914 931 805 972 631 464 954 325 279 358 353 390 354 160 397 226 709 41 910 989 777 856 224 736 183 151 652 783 282 598 283 590 757 46 125 216 532 710 543 696 110 602 268 334 149 606 774 273 447 204 371 608 998 682 451 196 530 491 644 476 977 331 252 382 215 161 495 319 653 261 52 553 711 472 156 490 53 888 685 518 647 981 592 759 81 248 803 885 217 718 244 
19
63 77 78 81 93 97 105 132 135 137 153 158 161 166 172 176 177 180 189 
74 110
706 609 591 590 366 31 174 221 418 251 719 563 730 826 965 971 638 137 972 982 6 173 766 529 823 489 981 146 660 784 267 310 477 319 714 635 78 245 42 597 893 24 214 185 945 787 208 287 445 629 796 669 37 321 740 530 29 658 769 922 569 129 964 698 558 725 224 557 501 167 546 65 460 465 610 15 528 427 928 447 332 1000 604 771 115 300 124 415 156 52 553 887 813 536 852 125 960 723 735 67 848 514 909 754 420 104 127 917 818 107 
16
1 14 41 48 52 79 81 86 89 92 125 145 157 174 183 185 
75 95
520 416 137 47 238 713 770 826 930 931 950 748 512 828 815 517 754 813 850 421 319 746 217 336 780 929 428 781 70 541 488 155 76 278 779 874 795 55 72 635 802 125 960 838 395 61 369 870 703 525 24 981 814 176 324 192 508 714 547 291 730 177 141 809 537 699 866 365 696 163 831 393 501 568 451 618 210 69 737 570 273 495 997 162 426 848 347 598 592 425 267 423 821 988 977 
21
22 28 32 33 40 53 55 59 100 115 129 152 154 157 158 166 172 178 192 195 199 
76 113
617 587 429 386 286 296 955 972 404 946 984 950 115 385 938 13 978 831 497 37 985 837 503 600 132 466 299 615 7 560 988 821 672 505 135 381 214 370 777 687 924 515 752 585 901 427 716 665 586 507 987 829 504 671 415 257 254 755 360 76 550 91 926 847 57 892 602 769 158 325 176 683 850 60 635 969 244 578 104 997 918 981 647 292 125 16 902 67 699 236 977 643 458 853 695 781 711 878 544 707 700 456 45 816 658 399 73 239 581 98 265 968 467 
21
14 21 28 40 51 56 66 79 80 89 93 97 112 113 121 134 138 167 184 185 194 
77 116
591 88 39 369 202 251 261 295 310 950 624 457 984 905 571 147 49 345 113 375 208 500 333 161 662 76 931 96 141 696 907 406 196 344 607 603 823 676 281 163 558 5 336 910 278 672 119 198 154 944 139 156 50 551 906 590 55 956 395 553 116 951 625 291 792 458 754 292 960 908 73 820 932 598 835 331 507 841 794 636 535 930 600 521 442 706 205 859 780 181 891 223 704 927 426 900 277 110 468 969 136 377 210 962 491 394 548 190 554 159 248 496 516 182 153 487 
26
3 5 14 17 22 28 33 40 42 46 63 71 73 113 117 134 147 148 155 169 175 178 181 185 192 195 
78 100
602 591 527 372 158 98 3 54 174 241 296 819 929 470 971 476 977 753 272 784 821 426 796 253 76 335 554 80 598 37 244 40 373 224 57 513 653 693 930 230 72 137 972 304 182 923 163 644 236 552 157 52 219 720 289 957 106 380 943 517 684 521 613 808 729 464 306 482 148 822 901 980 111 647 981 944 611 202 123 314 788 566 398 899 14 458 557 615 782 448 117 184 702 434 601 750 82 917 362 441 
20
10 22 27 31 48 53 60 61 62 73 95 96 99 113 122 129 168 182 183 193 
79 80
416 386 929 687 985 537 843 764 29 540 382 456 199 236 783 952 306 10 776 460 810 99 151 652 812 970 404 246 742 245 599 757 209 330 21 268 602 444 681 857 690 523 310 547 574 240 425 796 322 761 260 286 119 791 827 493 159 11 66 233 30 865 103 498 308 141 615 57 411 244 911 613 279 753 939 695 27 194 675 341 
22
0 33 46 47 52 58 59 65 72 74 76 84 111 112 126 129 139 166 168 177 180 184 
80 108
617 144 194 132 967 337 671 882 381 548 465 966 799 149 650 386 52 887 18 773 940 134 969 292 393 993 659 282 275 986 104 155 787 501 89 738 237 907 72 221 388 285 234 401 462 362 66 91 777 276 148 306 814 981 933 432 484 985 559 58 502 897 490 660 159 246 878 331 537 774 101 268 181 942 904 831 497 998 532 198 611 277 161 809 382 716 883 646 373 780 446 71 582 360 202 281 375 412 670 169 929 320 873 431 207 147 130 631 
22
1 2 20 21 25 54 56 57 69 76 110 115 123 138 142 145 151 156 164 167 185 186 
81 103
677 640 630 563 437 386 121 47 58 77 222 739 950 970 983 257 99 433 757 46 881 486 116 671 385 207 997 76 850 60 554 393 356 208 524 919 50 781 465 966 255 756 993 124 535 515 737 316 967 299 262 973 402 736 344 233 588 420 921 57 397 545 619 540 428 261 762 258 867 700 495 996 108 295 73 309 7 321 488 631 543 710 119 954 717 335 676 281 597 539 338 171 724 566 13 252 647 981 408 74 618 785 362 
15
0 28 44 66 73 74 94 129 148 154 167 173 178 181 185 
82 106
590 573 459 442 437 379 28 52 69 286 332 732 747 770 853 995 809 821 654 802 881 714 915 581 385 148 481 381 223 729 396 554 791 73 389 916 419 586 660 271 438 754 659 343 495 602 769 216 155 489 735 568 378 190 23 652 763 727 490 885 209 801 169 909 532 198 687 25 432 496 731 564 397 619 434 40 875 30 337 504 838 394 775 35 628 36 984 191 692 263 974 97 932 48 883 646 479 39 707 874 208 785 700 779 187 760 
21
14 16 21 31 38 46 47 49 54 71 88 90 95 98 107 118 125 140 151 173 184 
83 100
706 640 590 476 440 408 91 84 47 254 462 295 630 296 709 747 831 833 865 395 228 984 489 663 150 890 234 67 804 422 237 738 888 769 185 519 203 60 771 748 247 405 236 606 776 130 684 253 512 242 980 479 248 724 365 486 671 877 42 509 583 522 772 544 377 456 487 320 68 633 994 159 85 240 398 328 161 695 373 294 33 665 498 292 687 204 371 849 682 525 859 649 148 949 615 808 97 454 120 946 
19
4 6 33 41 55 64 90 106 119 125 126 133 138 140 149 165 168 171 191 
84 114
705 679 640 476 337 623 289 896 225 58 647 15 182 979 110 945 740 239 160 789 157 658 755 453 954 718 298 396 80 915 195 362 668 352 567 665 25 657 466 71 24 735 437 103 212 713 546 985 827 520 353 472 305 829 602 769 754 939 438 606 276 944 312 460 316 149 482 1000 666 982 462 129 741 987 820 434 267 840 673 910 788 120 613 99 976 809 6 746 117 688 357 190 585 48 592 759 719 385 464 176 343 27 232 715 214 548 13 531 378 220 536 637 654 320 
20
26 31 39 51 53 69 71 79 85 87 88 90 111 124 125 150 155 168 169 170 
85 107
527 408 379 139 83 9 64 221 332 764 914 995 828 984 784 468 11 512 801 643 813 669 370 537 870 631 78 298 632 474 46 362 147 266 25 654 101 284 440 519 834 667 186 230 415 257 190 524 65 697 460 917 715 214 55 647 331 878 52 720 985 150 10 676 806 639 472 788 826 492 457 531 7 508 562 228 6 638 717 954 453 171 358 17 886 849 662 829 535 201 991 558 48 716 945 523 760 943 877 337 170 3 793 204 872 919 418 
17
10 12 24 32 38 84 89 92 93 107 126 133 135 154 157 158 196 
86 100
680 611 442 39 188 222 229 428 261 286 301 930 41 709 167 835 858 226 100 574 805 489 173 506 66 901 937 269 659 975 88 422 185 161 827 37 480 221 698 376 692 639 350 368 34 745 332 666 599 122 508 675 348 515 971 950 449 370 296 189 33 879 377 987 619 786 397 476 643 810 321 461 795 459 863 784 582 345 266 124 677 121 832 911 830 107 818 646 93 330 966 737 658 491 401 234 216 550 49 383 
10
20 31 46 60 62 74 96 105 153 182 
87 86
677 91 2 868 550 234 456 930 55 869 610 268 110 447 356 119 224 145 540 565 960 969 654 566 733 338 466 428 762 909 74 748 202 123 794 891 557 83 823 379 45 993 771 173 304 805 537 607 774 941 754 833 883 953 628 795 590 757 344 678 599 243 872 515 348 886 421 254 187 688 521 442 205 501 937 603 685 522 448 615 820 637 136 971 946 709 
25
9 26 31 40 55 56 58 60 66 68 84 110 118 123 132 140 142 146 151 153 161 163 165 179 199 
88 89
563 459 366 121 2 45 52 202 261 993 75 223 381 65 198 300 246 167 330 70 966 465 378 220 815 481 34 294 928 994 27 896 646 479 953 239 73 984 150 651 82 611 639 472 806 569 517 508 675 22 970 432 304 620 828 512 117 538 890 222 74 320 654 153 893 860 192 359 693 676 542 226 570 373 540 382 155 911 76 418 85 297 798 385 719 449 783 238 739 
13
19 30 33 71 82 84 94 95 103 105 152 181 185 
89 99
617 527 88 2 47 188 289 301 730 732 831 834 955 121 789 567 974 892 495 43 675 250 472 393 585 348 865 30 616 774 537 704 204 371 993 504 838 917 48 911 209 42 200 227 859 29 108 943 436 905 311 979 441 942 85 80 402 903 736 578 985 615 486 794 460 53 41 375 542 980 312 145 479 167 501 832 498 276 277 693 298 383 587 809 412 96 392 433 248 406 932 97 729 887 386 254 755 421 342 
21
20 44 56 62 69 74 76 85 94 96 104 113 135 142 143 150 157 162 164 166 199 
90 102
638 591 590 506 480 469 98 69 174 221 289 833 853 902 903 923 44 545 132 466 321 761 173 821 182 181 163 998 497 70 465 872 744 243 986 512 253 205 183 746 820 248 762 48 641 262 930 696 560 393 156 867 8 859 476 309 303 136 200 155 451 784 113 834 667 500 816 268 936 620 777 944 111 207 49 282 616 63 862 695 259 338 83 417 855 934 266 492 80 748 869 660 685 290 55 890 179 337 170 202 703 861 
19
10 27 33 34 41 43 51 52 54 82 83 84 143 144 145 146 149 153 192 
91 116
137 84 17 310 335 715 946 950 188 856 355 639 305 269 770 937 812 537 853 352 740 239 85 454 287 120 677 844 176 650 149 357 515 671 670 196 592 425 741 346 55 687 250 361 714 735 1000 281 893 392 76 763 429 34 646 883 470 136 921 420 736 440 774 941 625 405 182 516 390 245 748 82 917 769 8 843 922 53 931 430 393 652 802 81 904 737 658 885 831 330 497 942 107 288 841 173 962 628 865 623 729 228 599 378 536 308 641 663 298 506 840 404 571 97 167 334 
16
11 25 38 39 42 97 118 139 142 146 155 173 178 179 189 190 
92 103
625 561 527 54 58 64 341 174 719 975 829 495 434 601 100 866 578 912 438 501 185 422 145 103 125 503 2 336 689 654 101 405 858 23 734 295 453 623 781 878 246 383 50 761 696 890 598 653 820 159 287 788 472 373 707 966 448 53 904 981 647 202 667 834 491 306 282 449 42 390 663 542 348 700 32 484 818 985 239 433 859 692 269 770 760 918 207 232 65 566 164 744 911 243 649 315 984 725 964 969 802 201 535 
21
0 32 49 51 56 71 74 85 99 104 111 135 143 144 154 170 172 173 174 179 197 
93 104
677 28 38 66 295 744 853 418 919 226 501 835 319 653 491 324 993 689 766 371 924 89 65 428 762 446 719 51 535 144 979 821 338 627 603 196 113 508 282 616 394 342 635 292 125 40 669 475 140 808 641 404 562 330 588 39 707 138 930 95 451 350 684 647 370 507 100 495 754 425 759 389 2 281 156 656 81 582 888 798 464 877 42 543 954 722 880 440 273 941 318 151 31 866 149 43 544 860 25 260 646 813 444 760 
22
17 20 27 32 44 55 68 69 73 76 85 96 99 109 132 148 154 160 168 181 190 195 
94 104
625 617 612 527 461 431 374 17 258 275 301 816 972 988 245 877 940 387 742 74 788 366 867 700 404 145 531 373 476 309 230 390 724 465 872 849 202 870 748 80 850 138 639 528 342 843 676 987 839 672 51 569 736 815 262 257 410 299 624 457 119 620 937 102 416 82 583 574 6 189 998 330 866 611 444 945 550 343 713 81 248 914 747 255 419 69 994 441 60 394 658 992 157 786 985 818 897 739 405 377 210 1000 313 981 
31
7 10 17 26 28 49 57 59 81 88 89 99 101 105 107 111 122 124 135 147 148 153 157 159 165 169 176 179 194 196 197 
95 102
638 632 442 295 709 806 959 267 434 741 795 358 24 182 494 617 450 687 336 670 354 596 939 438 531 644 582 89 256 414 144 478 794 216 176 431 97 695 212 379 918 760 566 399 733 975 808 474 185 464 701 872 319 712 561 60 172 119 184 147 604 278 612 866 387 220 931 730 62 404 70 43 544 210 421 588 825 393 921 86 121 789 719 69 403 301 468 507 823 405 71 906 511 829 750 416 50 788 287 998 664 911 
18
3 12 36 47 60 70 78 82 88 99 105 118 123 158 169 176 177 182 
96 104
408 402 368 2 174 301 310 939 946 950 456 284 785 952 706 864 29 548 381 933 904 746 430 156 551 847 689 902 735 182 498 437 103 358 859 24 256 761 208 831 436 37 930 394 505 189 101 821 654 812 55 343 510 844 291 213 881 474 576 524 357 23 819 318 485 679 11 406 629 799 404 762 81 415 382 507 359 517 760 383 266 210 220 40 172 443 753 780 279 908 897 502 107 863 334 492 953 223 557 308 71 150 105 940 
19
0 3 6 15 34 41 66 78 86 89 93 127 130 147 150 157 166 192 196 
97 95
677 506 482 144 137 58 194 222 332 710 853 902 97 966 216 105 17 184 843 485 273 51 384 936 915 138 770 259 593 672 119 198 746 109 205 847 513 698 623 957 87 753 733 65 287 479 627 280 647 243 410 838 906 468 547 793 626 728 333 555 115 950 334 167 0 444 369 703 387 811 908 240 574 386 136 804 582 642 490 832 665 546 467 831 330 497 655 377 432 766 116 450 117 828 348 
18
35 56 67 73 76 91 124 147 148 151 153 165 166 169 178 183 186 199 
98 107
638 637 462 440 402 144 83 17 194 195 261 269 902 946 779 111 316 149 781 813 381 548 933 432 599 344 442 943 232 390 370 807 998 287 138 190 252 363 785 284 104 25 420 828 358 210 580 738 343 917 522 949 712 378 369 536 965 130 167 720 512 846 809 493 256 938 134 504 30 310 978 652 613 66 824 277 110 672 505 46 283 7 174 42 543 877 26 789 649 148 315 394 241 962 59 393 314 353 739 906 37 321 953 84 752 558 57 
21
1 4 5 17 23 37 44 69 82 108 109 115 117 120 131 140 149 166 170 183 188 
99 104
637 462 45 66 188 275 739 261 929 950 983 283 802 969 821 966 298 712 378 582 248 164 471 243 76 937 518 829 750 281 114 904 643 213 608 224 111 833 666 34 123 457 730 62 536 755 588 421 87 676 342 8 324 667 166 938 306 207 40 79 580 990 489 748 955 454 447 225 265 344 423 228 544 820 696 515 682 507 285 30 531 398 928 93 575 670 986 73 574 964 957 325 271 772 321 874 707 519 361 835 521 187 266 740 
21
0 13 15 17 22 36 41 44 50 51 71 78 92 93 94 95 102 117 127 130 190 
100 101
506 428 424 408 17 202 462 295 709 711 730 747 833 858 954 949 159 633 632 966 176 906 768 287 50 682 753 790 87 692 798 297 60 720 325 180 550 866 519 54 889 99 336 430 612 779 147 73 64 231 253 382 40 976 500 342 46 505 508 582 484 651 635 6 857 567 444 693 851 546 687 204 538 960 756 422 27 817 410 928 917 927 101 769 609 943 442 47 269 773 606 438 104 939 738 70 781 487 566 981 814 
19
19 28 39 46 55 58 66 68 75 110 122 148 151 158 172 179 181 182 184 
101 102
609 31 174 251 770 939 983 973 759 781 447 818 829 355 664 749 376 291 449 616 620 583 865 30 474 711 790 362 993 325 563 791 123 958 168 10 847 294 18 129 682 862 460 980 312 233 904 408 521 679 780 297 464 868 200 701 353 226 527 606 105 691 802 170 99 967 466 100 88 923 422 637 999 557 368 304 638 424 90 212 880 169 437 83 584 918 706 830 988 656 419 576 191 273 580 747 558 725 488 784 491 157 
17
1 17 39 94 109 121 128 134 135 157 163 168 169 185 187 188 191 
102 125
705 623 459 431 416 408 17 9 38 64 174 195 229 269 805 819 990 492 659 325 140 975 641 483 445 967 633 727 542 375 589 577 744 243 525 51 207 77 578 499 65 891 223 655 637 971 120 199 604 938 622 78 394 189 663 505 5 892 558 915 173 934 99 580 769 535 683 182 419 590 757 256 924 617 450 46 213 440 203 271 438 843 877 324 484 225 902 568 67 865 531 105 272 716 48 467 388 810 643 970 636 359 192 69 570 333 183 851 684 572 906 369 536 662 458 688 556 3 310 477 928 670 196 574 73 
15
9 16 20 21 22 38 44 65 99 114 122 155 160 162 180 
103 88
623 520 470 437 140 45 493 335 888 962 172 511 881 775 633 85 401 219 658 184 663 611 110 118 513 589 535 702 244 551 718 312 75 792 761 821 988 247 901 585 918 954 286 799 780 613 253 490 129 964 890 113 321 874 911 785 952 503 837 327 995 701 33 541 198 699 936 467 194 862 635 450 545 150 624 29 917 583 814 636 970 773 877 543 209 710 612 278 
28
1 3 4 7 12 14 19 24 40 55 59 61 88 107 117 122 128 138 143 146 155 170 176 185 187 188 189 194 
104 100
679 617 561 372 366 358 45 64 77 739 773 798 896 923 982 41 285 100 507 599 7 294 188 689 698 382 484 410 449 393 551 644 221 388 55 608 719 275 169 670 707 333 703 517 73 342 223 302 65 80 456 535 219 710 543 436 288 145 479 519 524 588 171 487 161 319 488 725 975 140 641 404 315 236 68 604 771 290 180 117 618 952 717 875 753 465 966 835 334 668 225 304 973 262 259 927 532 787 819 318 
24
6 24 27 44 47 56 58 66 89 92 115 117 121 137 138 149 161 172 173 182 184 190 194 196 
105 110
623 503 476 366 91 28 47 194 713 819 826 865 972 905 404 738 431 668 0 952 284 121 878 324 8 342 295 629 856 136 57 192 25 646 578 244 467 704 72 816 649 983 872 240 344 186 818 830 75 917 717 887 413 677 176 627 923 607 811 653 100 964 253 81 248 269 603 102 881 213 604 130 234 568 552 572 906 939 271 772 551 337 838 671 33 22 994 365 681 848 755 360 166 834 53 123 290 982 147 402 235 68 231 396 80 63 950 616 115 600 
22
12 18 24 26 28 36 44 56 61 63 66 73 86 88 94 95 115 126 129 137 142 146 
106 103
625 602 587 561 516 139 88 293 957 986 424 591 327 573 763 95 596 930 842 341 244 209 51 385 521 519 321 716 285 759 917 444 407 680 12 709 375 856 935 713 78 789 631 374 453 356 198 911 87 8 811 271 772 955 788 287 998 65 645 144 647 436 712 27 726 893 419 735 67 610 276 17 609 615 290 398 887 669 502 105 263 702 544 149 228 307 113 781 826 510 802 301 813 646 409 408 575 742 490 630 964 183 684 
18
19 34 35 36 52 61 83 108 109 114 117 129 140 141 143 167 169 182 
107 115
677 573 516 366 358 140 98 229 235 261 275 719 793 819 896 914 540 874 698 30 207 918 511 985 274 827 163 911 613 771 14 172 382 883 804 858 357 746 904 570 496 144 812 101 733 517 43 928 194 695 880 248 187 521 217 50 445 287 738 578 438 104 3 504 935 267 434 592 468 635 857 17 685 196 259 593 672 371 717 828 494 66 901 378 931 67 902 791 976 739 806 973 639 481 462 629 392 723 786 46 80 581 915 173 192 105 895 221 555 54 422 589 431 984 174 
29
0 2 11 20 24 35 49 50 52 61 69 82 85 94 103 112 113 119 140 147 152 159 164 165 172 176 178 188 190 
108 89
516 459 372 31 58 202 271 293 338 812 679 11 878 40 557 335 967 288 981 823 240 280 359 106 255 966 571 18 176 974 49 444 606 148 45 914 8 561 228 265 872 371 441 608 378 62 558 601 749 907 95 806 275 108 266 284 451 118 522 355 709 41 831 790 230 309 950 783 901 427 978 662 682 181 321 655 625 458 881 76 911 511 985 652 954 770 742 209 710 
17
37 41 63 98 106 109 113 138 145 150 151 165 169 170 171 191 193 
109 89
525 52 418 251 931 946 16 484 479 809 704 388 240 55 529 617 283 357 242 910 586 85 512 11 629 733 336 169 837 47 284 995 973 736 25 80 554 318 839 997 745 957 883 772 140 474 210 711 237 15 644 706 378 299 412 78 781 225 383 286 620 272 439 123 408 583 109 622 306 727 393 342 421 468 532 259 927 9 176 413 619 303 196 29 609 108 322 990 988 
20
20 33 34 47 56 63 65 93 98 101 106 108 123 131 154 168 185 186 190 193 
110 93
679 577 374 139 137 212 311 719 158 325 246 562 394 706 205 595 388 833 774 811 3 337 969 732 790 636 952 56 557 461 962 629 286 234 401 832 164 241 408 741 556 930 614 156 502 244 572 405 484 53 756 441 608 292 736 181 804 971 202 123 343 844 694 308 545 229 782 634 225 780 701 752 673 278 199 989 699 532 347 268 619 698 531 582 108 819 737 252 419 814 625 959 770 
26
2 3 14 24 25 33 37 39 42 46 52 56 57 70 80 87 100 123 134 139 147 153 177 187 190 191 
111 92
677 617 609 520 469 431 337 121 64 601 461 127 547 577 243 569 885 806 756 692 320 794 783 984 862 194 452 928 905 70 240 193 26 824 580 245 913 755 534 200 330 445 326 883 549 168 1 396 572 906 499 763 289 753 920 67 778 699 436 937 948 0 711 758 925 629 329 724 849 181 242 576 423 924 16 517 406 151 318 485 670 690 602 435 381 270 516 349 458 319 820 286 
19
25 35 38 50 79 84 92 94 129 136 141 146 158 163 174 177 178 185 186 
112 108
637 573 462 369 503 2 47 58 235 258 261 930 955 983 839 252 835 282 115 208 260 556 371 924 73 176 418 752 13 457 494 557 631 157 224 698 116 353 63 60 749 602 268 537 370 959 291 607 747 580 104 316 553 676 10 960 384 717 591 90 233 318 799 496 874 373 689 355 22 690 604 609 266 693 545 46 119 117 785 174 508 815 982 581 660 818 897 480 981 191 201 991 754 43 517 352 194 88 589 969 811 330 348 312 980 42 577 911 
25
2 8 18 23 27 29 37 41 59 62 67 76 79 107 113 114 126 136 145 147 151 169 174 191 196 
113 96
442 366 39 195 261 271 297 739 834 638 137 972 368 201 754 990 823 331 984 214 255 815 56 223 697 524 208 288 187 278 779 226 178 584 663 720 957 100 306 148 336 837 911 50 217 624 593 259 49 550 883 687 30 98 766 265 117 699 70 453 342 685 184 554 497 6 559 796 401 608 775 44 89 419 437 103 24 755 87 159 827 669 430 501 677 343 569 348 515 546 397 746 78 446 947 355 
24
9 15 20 22 33 59 76 77 78 89 107 108 112 118 119 125 134 139 158 164 178 181 191 199 
114 97
638 602 440 158 139 462 295 858 988 457 123 141 475 244 697 513 528 380 256 947 986 485 142 643 242 795 760 277 647 252 902 990 823 33 859 148 552 385 960 975 307 269 436 603 332 666 43 675 507 6 422 940 86 253 235 569 347 359 25 40 374 689 522 285 135 117 451 187 836 283 883 610 109 978 267 994 660 827 511 149 316 553 289 790 957 980 813 794 723 890 653 319 966 787 76 766 80 
16
37 49 50 59 102 106 112 118 119 120 133 139 140 157 169 176 
115 91
566 482 442 369 132 229 235 258 184 394 701 477 240 749 512 475 809 707 489 822 277 40 501 343 896 25 973 449 617 301 560 481 777 66 766 1000 447 765 97 911 381 930 596 927 187 448 843 942 231 267 601 45 379 928 296 581 189 979 505 821 470 804 101 525 692 515 199 714 46 678 121 288 771 604 570 998 163 479 553 711 238 405 457 383 620 500 667 365 858 51 719 
21
3 17 19 24 27 58 68 72 75 80 98 104 105 127 140 141 144 156 171 182 196 
116 112
621 590 587 573 566 424 337 140 39 52 195 202 221 261 269 623 289 332 335 923 438 359 723 890 556 29 187 799 258 592 355 522 48 687 75 976 265 157 558 320 682 310 978 899 830 198 150 861 360 446 927 426 760 523 706 205 679 330 625 959 291 489 156 748 827 624 457 240 7 784 430 23 507 85 936 216 49 383 230 366 867 533 138 545 211 429 930 819 485 300 471 250 171 616 950 200 911 358 692 58 893 853 519 835 246 914 237 869 69 737 254 421 
14
11 20 33 40 47 50 72 121 131 151 172 177 178 196 
117 94
706 602 577 137 47 77 204 713 297 798 816 959 774 142 780 343 891 56 870 396 828 199 395 562 641 283 938 771 299 336 469 943 785 718 89 168 566 65 427 288 312 233 927 866 398 195 28 663 162 750 461 40 672 909 14 218 552 667 141 809 888 151 72 953 5 989 321 654 940 105 262 341 438 605 586 753 544 34 702 841 6 717 981 814 480 413 571 138 472 788 603 856 522 448 
27
4 8 14 19 20 29 42 47 67 68 77 98 99 103 104 106 119 126 138 142 143 146 147 150 155 157 195 
118 93
706 31 261 295 773 158 826 995 771 623 289 680 179 276 485 504 430 245 8 521 268 189 248 81 634 192 230 959 625 72 643 810 716 5 942 657 815 104 553 960 802 486 1000 371 16 832 67 727 226 700 658 214 24 818 952 935 380 933 65 357 23 159 570 496 398 82 89 405 507 892 725 391 865 531 675 43 253 754 347 681 444 49 111 743 457 299 132 552 51 288 911 243 954 
22
1 14 16 27 47 49 52 54 71 82 87 91 95 113 114 130 147 151 158 181 183 184 
119 89
577 566 269 297 332 846 931 838 547 73 231 685 839 945 629 708 707 43 467 558 953 54 221 555 950 268 979 453 971 715 984 969 890 153 943 627 479 980 810 318 652 346 475 642 402 837 670 883 14 157 473 226 814 72 239 740 536 542 41 621 120 910 673 62 229 757 256 774 553 219 455 519 689 665 586 530 697 608 450 520 353 669 859 227 710 42 946 909 975 
12
9 23 39 66 83 107 113 114 117 120 139 172 
120 96
625 516 368 137 9 251 286 858 902 271 939 970 183 583 750 829 161 675 205 600 214 892 303 562 784 468 134 924 848 196 486 881 12 407 338 70 806 138 217 130 195 696 308 456 0 740 828 661 81 415 859 489 376 771 999 164 993 567 330 756 255 704 309 986 652 151 31 866 198 259 593 572 906 515 436 910 911 320 504 838 601 941 607 765 730 62 210 236 868 981 722 670 169 921 253 420 
14
7 21 36 55 98 114 119 121 126 130 143 168 169 191 
121 98
638 577 572 506 431 706 372 121 310 747 988 733 421 737 936 273 607 378 33 665 498 521 930 95 885 451 897 157 394 546 704 762 355 750 628 150 360 426 848 404 312 145 619 224 672 198 199 24 859 306 896 741 346 827 10 168 554 53 448 460 548 585 178 655 734 476 643 406 921 587 754 991 438 283 875 954 250 798 489 63 433 850 213 757 924 603 761 120 287 788 528 923 515 682 849 319 536 299 
19
17 21 46 54 68 69 71 76 101 104 116 120 148 161 181 189 191 194 195 
122 87
440 83 52 54 286 293 666 700 108 515 238 71 172 883 628 18 766 662 504 159 475 676 8 87 245 331 94 805 183 279 353 464 130 51 236 939 667 415 968 379 73 978 310 850 84 251 919 585 235 521 677 844 9 167 290 448 629 392 651 433 733 654 536 162 820 319 486 24 43 377 562 61 362 441 785 563 423 89 571 237 27 603 770 577 744 909 742 
19
7 18 46 51 64 68 72 78 94 100 102 103 133 135 142 145 166 176 198 
123 105
503 429 408 368 132 83 39 730 931 808 641 492 488 804 646 994 678 283 362 665 981 675 912 543 691 618 811 100 935 224 777 455 771 546 632 799 151 318 239 397 812 733 101 815 635 398 346 128 421 105 736 569 703 308 475 1000 684 754 420 921 412 185 735 752 41 32 199 860 192 824 316 296 964 797 718 88 756 835 818 13 374 875 249 91 926 452 266 476 643 810 628 547 942 333 667 214 548 390 222 556 55 906 649 315 236 
19
0 2 8 45 50 62 80 87 95 109 110 132 136 151 172 173 178 190 197 
124 98
679 640 630 587 503 440 372 369 368 121 84 806 929 832 822 839 987 511 962 804 777 224 677 9 343 586 886 376 60 173 998 359 341 675 15 182 358 24 120 157 243 875 384 858 320 98 414 932 986 749 238 71 387 466 737 811 975 474 285 671 504 689 704 75 1000 523 690 137 58 927 446 936 611 778 717 383 983 272 696 64 484 735 234 530 66 734 492 756 255 976 402 569 371 450 464 575 528 449 
12
4 16 23 24 28 37 43 84 94 97 159 180 
125 114
611 577 480 402 369 337 84 31 2 69 77 174 275 395 896 902 621 955 995 566 65 268 821 153 426 500 898 10 168 405 54 889 207 839 440 774 537 81 634 856 930 763 377 210 74 307 298 465 650 791 475 516 832 331 252 147 269 937 779 538 802 62 378 299 847 452 161 662 978 865 30 830 684 16 186 604 696 362 325 695 862 276 213 157 324 60 615 281 78 913 550 685 352 431 24 693 25 50 318 986 546 880 873 296 806 138 849 515 321 822 427 559 295 796 
21
0 6 7 10 16 44 54 60 69 74 82 83 84 113 126 128 159 166 184 186 197 
126 103
705 638 621 431 395 369 83 891 930 967 887 292 766 924 55 746 561 60 203 537 835 547 231 15 677 844 194 528 275 609 530 688 318 634 560 441 791 615 356 119 291 458 248 173 507 270 475 642 761 915 748 669 784 116 693 860 288 455 376 117 699 348 14 515 831 34 350 102 425 267 735 929 261 24 336 659 185 522 309 905 984 276 701 305 973 550 216 49 945 444 179 909 74 469 311 654 821 268 259 426 572 71 314 
27
13 14 29 34 47 55 68 72 79 83 85 105 112 117 120 125 142 148 156 162 163 164 171 175 180 181 197 
127 100
706 677 625 566 469 461 428 52 174 747 783 995 621 955 788 992 121 789 440 918 681 848 4 60 965 297 374 541 225 146 186 112 586 231 823 990 832 877 470 303 594 910 974 860 395 228 896 185 177 695 221 275 776 878 841 612 816 649 883 532 866 652 731 985 416 89 935 267 109 147 542 119 356 118 452 373 632 46 380 987 319 486 655 654 436 603 472 546 387 424 404 905 34 201 448 290 791 183 736 746 
17
3 7 9 17 21 25 39 47 55 63 96 99 115 137 140 173 182 
128 99
369 66 195 271 278 709 711 747 834 853 959 260 427 17 518 676 730 396 949 409 562 236 695 537 221 759 632 343 173 543 504 763 790 456 720 219 308 624 71 822 190 549 866 292 980 312 813 661 811 318 81 7 523 593 511 753 279 183 973 714 975 307 953 452 136 571 11 657 156 490 848 284 521 688 130 261 762 756 950 282 325 492 993 162 891 557 436 942 816 482 37 705 538 575 796 453 954 401 548 
24
10 14 22 34 43 45 57 59 60 70 101 103 125 133 141 142 143 151 160 161 167 171 180 186 
129 98
630 566 462 372 337 121 91 202 238 833 816 983 556 334 430 977 309 741 905 350 101 616 449 338 505 801 653 495 100 384 14 569 253 754 448 393 242 344 660 277 695 862 27 766 687 632 465 761 557 561 808 99 524 691 333 78 387 866 340 480 814 777 37 22 523 997 331 164 325 246 535 438 772 525 859 701 69 938 13 120 67 644 881 680 346 12 29 363 995 124 774 440 606 940 272 588 421 755 
24
21 23 25 29 30 51 66 75 78 79 81 105 106 111 130 143 145 153 164 166 170 174 175 193 
130 91
617 590 144 58 188 261 711 965 977 119 362 558 163 360 434 471 866 52 324 157 490 569 704 519 959 458 273 431 492 393 257 99 548 104 808 474 528 660 818 202 536 308 604 530 515 41 596 165 547 957 13 272 911 837 777 661 740 331 981 753 586 419 538 371 66 233 539 451 618 65 733 93 260 655 960 486 238 888 19 644 811 305 700 829 662 457 958 654 320 259 593 
19
15 21 30 38 46 51 54 57 63 96 99 118 120 129 154 163 165 182 184 
131 93
516 437 431 386 64 66 222 335 834 846 701 316 326 247 10 248 250 287 761 298 292 334 167 158 325 878 255 88 697 290 658 708 471 301 881 380 360 874 347 268 772 939 860 299 336 239 497 258 600 995 312 391 127 368 34 735 774 106 179 680 513 477 240 274 981 648 463 156 393 709 684 289 203 124 531 637 470 303 971 136 583 733 22 484 651 554 888 485 986 357 673 627 390 
16
3 7 17 18 39 42 56 58 98 109 116 141 161 172 177 180 
132 99
612 602 416 52 69 235 238 715 959 977 990 528 794 311 979 320 821 77 912 578 763 499 1000 605 613 256 888 266 740 382 272 672 198 532 927 63 300 136 714 398 892 370 712 229 897 28 295 796 787 831 497 998 461 628 986 562 65 713 546 257 935 267 109 665 981 673 752 81 486 938 598 680 513 517 16 432 496 891 818 985 484 10 642 141 208 375 533 700 568 173 15 884 252 419 923 88 422 334 501 
24
3 7 17 32 35 36 37 51 57 61 62 67 73 87 93 123 138 139 159 165 168 175 176 183 
133 94
525 503 482 431 428 408 372 31 202 251 293 144 311 319 714 973 262 63 458 568 272 123 440 607 54 310 811 21 574 841 643 424 819 153 671 592 893 69 464 242 558 277 593 40 962 417 935 247 533 308 678 530 807 755 254 749 194 826 396 633 238 233 901 980 237 79 569 939 641 307 359 456 122 583 379 880 45 600 995 937 603 524 857 459 292 450 561 245 719 134 468 373 971 709 
17
12 19 54 83 85 114 122 128 134 135 141 147 148 166 185 189 194 
134 110
617 573 572 561 482 368 84 774 931 950 818 265 423 89 967 253 754 964 490 798 965 631 297 789 121 543 258 425 981 454 709 375 208 821 673 515 570 242 953 795 558 80 161 613 534 228 567 641 808 413 697 438 301 635 802 465 632 790 304 936 994 997 365 441 775 103 665 498 976 809 234 67 735 568 335 168 501 390 205 231 601 716 48 666 545 973 11 703 202 582 693 219 528 713 676 843 387 53 83 514 210 457 355 204 371 937 92 636 135 986 
14
31 41 61 65 76 77 101 110 113 133 160 161 177 193 
135 93
705 577 572 374 137 91 235 709 563 730 798 98 432 748 30 104 474 176 560 113 192 454 199 441 827 994 604 683 455 111 148 629 887 720 652 810 144 855 115 300 388 379 212 546 494 160 567 479 997 974 105 854 222 334 501 57 231 746 78 888 511 177 480 814 692 24 261 706 873 308 545 333 175 800 615 23 971 644 802 423 56 891 544 433 119 198 593 839 338 672 988 990 902 
18
15 24 40 45 69 73 85 89 92 94 101 122 133 169 172 184 193 197 
136 103
566 459 58 69 238 301 563 730 241 742 846 608 441 766 81 582 749 415 304 541 172 646 637 971 804 997 962 628 294 331 832 252 753 159 196 989 655 63 462 796 577 243 226 485 649 723 881 724 687 715 324 487 654 970 580 210 284 746 272 430 121 789 552 976 256 996 848 977 82 156 915 748 138 375 201 702 202 755 421 8 676 342 522 355 115 984 668 36 370 436 515 357 666 735 32 271 772 448 460 855 508 7 634 
19
5 6 12 21 25 39 41 45 48 54 56 111 112 123 155 158 166 177 196 
137 101
706 630 611 602 591 590 144 9 47 221 235 241 773 793 806 816 972 982 251 585 897 739 818 676 36 115 352 169 670 986 804 619 255 376 60 580 809 928 744 911 920 753 426 870 1 944 75 37 355 829 496 835 457 300 781 5 930 772 893 692 24 192 612 779 713 601 390 462 796 401 717 754 746 450 635 380 714 604 103 270 500 17 184 794 460 108 688 461 795 294 183 331 72 50 718 247 415 99 952 618 284 
21
17 30 37 42 46 52 73 104 105 127 150 152 156 161 166 173 175 178 186 196 198 
138 88
506 428 395 386 83 45 713 770 716 810 966 51 754 205 360 834 989 910 392 355 940 343 700 256 759 505 526 788 911 243 40 875 633 288 455 622 511 962 567 160 638 805 914 485 986 819 216 927 818 581 976 262 183 794 627 900 399 733 979 812 775 982 451 557 56 846 352 524 73 741 829 996 662 371 254 588 659 158 491 874 540 849 348 931 798 292 793 774 
21
18 23 33 54 66 71 76 80 83 103 104 108 117 132 143 150 151 168 171 183 192 
139 107
680 527 480 416 195 204 212 744 891 132 967 971 977 819 485 573 740 239 661 828 187 412 746 103 73 291 781 693 192 666 259 523 315 394 631 344 976 16 569 35 617 283 320 98 104 902 67 224 733 65 697 586 993 960 109 763 131 904 737 848 532 791 334 556 630 129 50 901 662 161 495 689 726 937 102 655 646 497 330 715 214 460 293 710 209 877 374 875 708 634 979 602 268 641 38 591 53 843 606 940 111 612 928 305 138 832 785 
19
5 6 9 33 34 40 46 62 79 91 110 113 114 119 132 149 164 166 168 
140 96
705 503 470 139 289 853 814 182 111 190 23 919 752 123 676 145 291 370 528 844 74 390 943 570 237 474 316 607 941 388 733 729 359 942 3 671 504 662 606 784 283 46 331 324 806 472 711 210 397 485 908 240 885 121 382 883 841 507 494 129 821 688 706 873 577 76 155 110 945 927 690 475 809 651 98 531 610 373 578 95 262 383 225 545 660 335 168 405 600 353 581 748 931 302 460 381 
26
8 27 30 39 52 56 59 64 69 82 83 87 98 106 107 114 115 127 141 159 169 178 188 195 197 199 
141 112
38 719 137 805 816 858 967 988 470 971 707 251 919 761 50 551 344 511 897 396 98 265 655 393 472 639 254 333 491 712 753 938 790 268 494 661 624 802 613 139 700 542 155 961 176 37 669 935 748 915 441 738 422 777 944 650 984 242 910 102 436 829 486 319 653 692 24 3 838 917 875 642 921 360 485 78 196 679 846 11 512 981 647 258 592 425 202 536 848 216 383 438 89 256 567 506 5 673 172 641 720 386 454 113 34 535 165 854 918 964 2 381 
21
3 5 11 25 30 44 63 72 106 111 115 128 131 133 140 170 177 181 184 190 195 
142 112
611 437 341 238 254 773 902 418 919 930 970 897 527 253 569 693 772 219 720 989 321 874 969 288 525 692 231 899 697 46 362 157 297 631 715 381 214 371 599 766 225 198 702 465 395 228 698 224 856 748 306 812 775 543 376 515 348 672 505 616 63 276 574 908 168 719 292 793 334 737 176 844 453 81 704 467 518 901 233 387 164 331 498 809 847 113 440 273 977 643 169 667 815 666 1000 183 684 995 494 560 59 943 536 32 700 937 603 998 23 598 43 425 
28
2 12 15 34 38 42 50 51 57 61 64 72 80 87 89 91 105 117 122 126 128 145 157 167 169 173 185 188 
143 119
612 561 235 286 711 715 732 459 793 819 970 971 52 553 478 812 794 877 988 611 277 110 716 48 790 50 682 14 369 202 397 828 38 123 755 518 893 182 928 552 868 857 690 357 727 332 301 134 628 75 236 570 897 757 994 207 918 667 917 522 30 680 346 599 432 933 94 758 851 489 990 879 796 884 717 233 734 567 646 891 390 816 315 148 408 74 575 630 463 352 115 282 965 130 138 973 966 465 872 777 619 13 419 586 859 191 169 11 607 194 695 108 404 246 29 196 266 433 749 
24
2 7 14 17 26 34 36 42 43 54 59 61 89 90 92 103 106 117 120 128 129 138 163 197 
144 115
625 516 258 293 295 715 865 896 923 931 621 955 161 328 565 249 20 32 743 348 979 394 868 339 109 944 63 747 413 492 993 475 628 404 167 677 9 557 162 611 58 137 602 769 532 49 918 839 640 306 385 938 912 28 119 452 971 637 970 785 489 415 100 935 601 860 192 113 903 299 55 371 518 360 173 674 76 234 67 208 467 387 572 238 71 651 42 209 446 428 595 762 283 626 885 476 643 251 567 140 957 456 697 530 419 706 38 482 630 570 386 52 707 39 104 
15
13 14 25 90 92 115 147 153 155 161 164 166 174 184 186 
145 100
623 418 9 39 174 188 229 271 297 826 990 309 754 201 34 618 785 486 756 282 688 56 557 740 661 513 95 262 472 973 736 536 931 430 245 199 101 496 270 85 862 344 247 958 292 998 887 966 755 932 300 189 246 881 547 299 633 466 651 207 433 600 943 442 562 896 321 495 846 11 248 216 592 425 944 370 291 285 450 116 669 375 59 217 955 454 928 427 105 342 461 962 570 667 333 485 652 1000 153 311 
21
23 24 34 40 62 74 80 90 108 112 122 129 142 152 159 164 165 166 167 171 182 
146 97
637 38 39 222 332 747 773 538 371 661 797 718 870 554 188 522 48 601 935 619 396 897 937 120 673 515 518 277 848 690 590 256 98 921 52 720 799 56 134 845 785 284 318 88 422 305 138 585 73 45 880 727 464 130 796 657 815 262 484 610 276 230 250 352 715 381 122 176 492 615 357 524 496 338 163 547 881 486 310 644 453 620 755 588 902 127 795 628 719 491 333 480 814 252 243 911 437 
18
0 15 35 38 69 87 90 91 103 105 111 117 159 161 170 185 197 198 
147 102
623 45 251 269 709 719 831 865 946 975 788 454 217 849 14 928 941 918 584 250 130 525 224 820 540 39 109 276 390 557 162 565 328 950 616 7 560 5 847 88 717 904 738 55 527 601 522 202 164 498 924 757 901 494 336 374 40 238 71 981 23 97 352 519 993 994 660 438 263 184 350 332 666 34 702 888 962 477 131 930 113 948 553 433 512 117 460 302 697 530 609 688 353 98 432 511 356 22 259 654 586 252 
25
13 16 24 35 36 49 61 69 70 77 94 96 97 107 110 112 117 118 133 144 160 163 177 196 197 
148 115
602 573 566 38 64 84 251 462 295 774 612 278 946 972 983 811 978 16 985 827 660 511 344 581 650 97 492 883 714 381 533 867 788 187 688 616 458 537 734 272 355 430 96 491 528 562 738 404 155 550 147 997 830 524 665 832 181 682 348 642 168 540 373 279 780 464 543 622 384 50 551 519 352 869 34 332 666 632 465 473 974 821 979 426 538 933 210 655 154 523 189 857 110 778 699 924 888 968 801 4 636 952 596 196 723 245 457 13 841 219 592 759 942 407 73 
22
1 38 46 59 71 77 81 93 94 97 100 121 126 133 151 154 160 163 169 180 185 193 
149 95
611 561 442 137 98 83 194 773 446 947 13 214 381 472 512 196 986 749 117 661 266 252 489 963 153 627 615 457 425 521 518 413 447 113 983 69 904 667 790 456 641 887 720 699 292 371 888 554 813 481 815 438 833 741 574 100 844 607 291 173 507 355 132 466 233 865 814 735 24 673 5 558 216 738 501 668 115 964 838 974 342 924 423 660 897 860 461 962 330 54 221 300 533 366 867 
14
3 26 35 36 67 71 83 90 98 104 139 151 158 170 
150 98
602 566 374 297 930 760 426 849 886 552 385 218 306 416 750 13 250 661 720 377 799 298 821 113 409 76 234 715 230 862 427 279 723 213 881 915 80 672 830 844 796 643 379 880 734 570 737 973 692 285 460 103 865 30 425 253 659 993 704 203 129 89 571 923 756 255 220 378 99 600 616 653 466 521 688 670 706 539 38 11 512 196 864 56 891 240 635 667 509 215 0 481 732 231 125 626 935 276 
21
1 20 23 38 46 61 62 65 84 89 96 108 117 137 138 179 180 181 184 190 197 
151 87
623 482 462 459 386 137 174 901 244 481 752 547 214 195 362 200 990 781 860 268 290 606 729 97 356 41 208 560 226 393 196 970 388 350 666 256 996 810 871 713 672 4 241 95 521 167 835 501 975 981 480 401 6 878 43 856 449 184 500 653 883 802 62 642 141 552 444 556 225 119 954 620 436 102 741 583 695 587 420 973 888 387 373 610 984 826 819 
29
7 10 20 36 37 40 44 49 55 64 66 80 82 87 97 100 108 112 116 118 123 128 138 148 149 156 172 183 188 
152 111
705 470 469 431 372 88 235 742 902 137 972 982 85 468 969 134 653 441 994 447 781 1000 499 148 983 561 540 856 613 771 850 376 667 430 5 560 190 343 844 918 49 562 975 641 440 774 941 225 587 754 253 512 275 230 397 101 769 31 699 866 198 356 875 462 796 632 966 413 18 571 645 822 655 581 415 248 813 646 163 330 498 387 34 348 515 219 650 316 105 697 623 917 750 829 687 801 300 156 452 511 800 358 744 911 380 457 791 399 639 305 324 
23
5 7 16 18 19 23 30 32 56 58 64 71 72 75 88 107 137 145 154 164 174 193 196 
153 92
677 587 573 459 424 137 28 212 819 912 280 262 236 787 374 207 355 794 311 478 399 827 941 899 479 145 980 779 427 594 673 664 831 321 488 43 377 846 316 243 139 974 103 604 130 814 981 537 476 142 300 818 581 718 792 496 89 475 308 940 624 780 613 59 110 838 802 635 468 116 784 738 70 240 574 662 495 993 598 608 682 84 919 500 667 373 294 615 356 767 99 923 
18
2 14 30 32 46 73 86 87 90 94 97 110 129 144 163 174 191 193 
154 105
677 637 625 617 602 572 386 379 83 54 222 275 709 858 975 456 394 204 371 51 382 540 373 801 986 512 117 532 347 162 415 257 265 28 548 390 311 153 64 231 965 464 282 430 904 770 102 497 341 842 583 425 220 793 960 658 500 17 685 981 149 544 799 392 49 319 16 201 563 92 278 989 613 611 277 241 909 526 192 982 912 745 578 244 980 506 172 521 656 735 194 862 941 273 431 905 857 454 788 867 624 791 80 733 226 
22
9 13 31 35 40 42 46 50 54 57 75 81 85 92 93 109 130 148 152 162 185 193 
155 95
632 442 440 77 229 254 258 379 713 806 789 551 144 302 839 585 359 587 754 438 762 51 796 981 237 658 103 893 808 40 37 98 432 749 227 148 42 577 911 554 756 282 801 370 871 2 890 810 903 736 964 490 95 580 334 501 896 27 601 434 513 925 530 918 250 732 398 527 694 7 43 377 960 644 575 997 663 496 294 201 535 368 335 669 1 168 405 141 642 484 72 388 352 132 967 
20
4 6 13 16 21 41 55 57 77 84 91 102 103 117 136 144 166 175 182 187 
156 109
632 577 516 429 402 379 341 17 38 69 204 286 730 946 4 839 918 523 189 363 837 284 288 867 699 198 343 723 556 389 777 224 324 87 381 460 795 242 382 716 663 347 219 772 82 267 607 843 676 454 206 522 870 791 211 712 554 592 987 671 994 660 915 581 757 423 265 502 808 738 312 981 114 257 305 832 308 809 141 360 694 668 938 932 593 395 228 447 190 74 667 333 165 666 108 515 552 94 718 50 309 392 559 344 845 253 964 644 565 
14
7 12 17 20 34 52 62 80 115 126 137 151 166 188 
157 98
611 561 440 431 402 386 31 221 222 289 296 783 939 965 446 762 187 977 892 77 739 71 103 621 955 788 454 635 872 924 687 517 280 844 619 637 804 849 14 974 100 462 620 324 967 612 779 376 382 549 944 408 74 241 228 729 755 265 581 976 511 326 827 252 401 568 647 822 550 216 225 58 927 212 546 189 552 828 494 652 891 874 373 253 921 199 366 319 820 662 33 560 7 554 888 220 62 983 
16
13 21 45 57 74 75 85 89 94 96 101 114 117 142 172 183 
158 93
572 561 516 506 429 341 144 91 418 84 448 290 386 219 255 376 813 213 371 716 558 169 643 625 959 465 245 869 474 0 715 320 162 404 905 194 569 500 480 981 944 953 786 75 797 760 444 453 741 494 642 484 854 717 875 616 774 192 136 231 310 430 912 578 239 634 803 928 427 612 111 370 590 511 335 189 513 159 660 16 684 491 369 202 676 932 598 117 570 69 838 337 3 
22
17 21 22 40 47 49 52 73 75 85 95 100 111 113 118 136 149 176 184 185 190 196 
159 95
17 3 54 58 202 238 711 816 374 207 997 49 383 67 947 156 8 116 338 144 812 575 769 101 442 14 459 793 125 757 65 618 118 434 970 636 520 687 186 667 136 610 228 623 635 104 140 474 545 904 570 683 130 585 190 700 373 540 707 517 479 813 103 915 80 990 322 954 6 173 692 60 968 634 801 248 880 327 105 887 158 492 978 662 996 767 266 686 836 168 612 797 815 481 706 
23
8 10 12 16 17 24 39 55 71 94 107 124 125 132 140 145 146 161 165 179 184 187 197 
160 108
503 469 91 77 286 710 711 764 865 977 678 584 25 526 763 684 525 358 859 723 881 960 551 718 897 628 964 63 695 932 97 245 87 770 436 642 117 567 172 558 716 168 669 151 388 827 994 283 741 978 941 273 275 943 980 654 153 320 162 696 790 959 124 161 753 843 214 185 940 71 545 498 182 850 600 34 248 801 445 333 500 482 315 631 113 781 841 532 754 401 902 355 856 22 690 356 523 638 805 176 844 448 281 615 220 694 761 928 
20
1 4 5 6 23 28 38 42 49 61 70 93 102 128 134 147 148 162 171 195 
161 114
612 609 527 470 17 64 341 174 289 711 846 902 146 383 906 37 432 766 721 722 388 467 774 941 236 121 789 297 464 859 306 543 526 447 307 702 793 125 292 924 55 283 450 608 942 281 86 639 323 213 714 733 818 897 186 994 660 503 336 676 342 240 741 486 987 820 66 734 181 831 497 857 729 294 752 269 937 215 48 811 848 182 505 246 517 183 578 262 331 312 462 629 740 334 0 316 785 458 537 871 205 627 126 940 507 841 619 381 903 569 290 712 510 343 
17
7 22 42 57 73 87 104 121 128 131 134 137 144 146 159 183 195 
162 103
705 680 637 591 561 31 229 719 732 747 805 806 919 954 970 183 16 578 411 490 156 312 388 774 537 352 828 512 433 821 110 357 375 939 438 43 165 481 548 232 311 881 503 837 336 415 248 575 649 491 570 940 924 89 163 716 448 855 688 228 729 507 535 693 734 27 508 543 768 935 864 29 609 108 557 663 162 997 474 171 985 353 186 166 367 200 832 389 515 682 840 504 838 835 454 788 369 870 879 712 655 154 75 
12
3 10 13 60 69 89 102 126 154 160 176 197 
163 92
632 623 525 503 437 372 369 139 195 635 793 117 236 752 76 668 937 199 700 145 188 856 496 607 422 658 847 294 875 322 590 757 915 586 702 110 268 601 412 886 333 254 890 222 740 148 11 959 171 725 688 853 955 46 881 571 492 176 652 318 63 731 397 555 713 121 37 775 274 116 153 5 685 351 91 425 420 64 231 73 95 727 316 918 760 971 428 762 929 747 914 739 
17
8 9 15 33 35 68 72 87 101 111 126 130 143 147 148 153 174 
164 97
366 358 732 773 834 896 923 967 972 983 988 709 41 375 138 832 279 200 288 42 209 362 915 125 283 804 14 618 460 248 749 53 448 290 771 838 996 45 140 307 474 869 796 799 753 419 66 901 743 111 413 52 887 74 592 511 141 812 370 844 547 587 570 660 73 741 978 109 183 886 552 108 970 636 557 82 635 359 991 110 945 207 49 760 593 321 831 738 905 78 245 87 324 620 378 545 856 
23
4 15 18 20 24 34 51 54 80 89 107 113 126 129 139 144 145 152 165 177 180 193 196 
165 114
609 424 416 368 144 212 222 241 289 332 764 774 798 919 977 989 402 736 569 95 262 521 284 952 99 125 599 83 918 250 638 762 604 446 841 697 460 223 724 988 487 150 985 287 524 744 911 990 101 496 739 581 110 544 866 492 914 413 455 376 421 974 617 538 709 208 542 305 394 912 675 436 553 316 33 921 684 449 412 123 568 48 716 953 267 434 641 554 396 870 628 777 481 636 670 512 693 216 57 373 519 299 141 642 334 501 9 343 422 582 740 819 893 559 
17
43 48 68 69 70 83 87 94 97 107 108 130 132 145 159 164 193 
166 109
679 612 476 140 137 195 235 269 296 577 744 764 831 330 409 75 506 172 811 71 29 449 370 680 847 373 219 623 456 619 967 299 622 230 331 647 573 239 350 608 371 37 141 976 265 754 606 169 485 985 317 80 53 554 99 580 185 376 850 609 442 776 213 380 676 571 412 217 50 866 198 719 552 254 588 899 48 844 677 89 640 974 752 49 523 659 325 47 548 390 260 591 38 702 149 226 559 130 332 165 7 375 876 982 481 489 990 470 661 
28
9 11 16 18 19 21 41 55 58 73 75 79 89 96 97 98 122 125 129 133 136 137 139 144 145 155 156 190 
167 93
428 368 293 301 816 914 475 426 259 343 588 591 424 257 386 553 72 862 418 644 432 669 692 805 289 928 612 57 29 582 989 488 425 672 830 676 221 667 500 132 281 448 820 319 556 616 282 517 628 707 495 419 103 262 726 58 745 688 818 651 182 683 841 288 995 634 503 2 227 385 606 940 866 7 560 718 729 285 781 860 777 145 172 5 716 487 320 998 911 867 973 472 245 
20
8 22 23 26 31 53 55 63 70 72 76 80 81 106 128 142 145 178 194 199 
168 104
440 337 28 241 335 459 793 831 865 903 929 987 829 188 355 522 574 811 945 72 578 745 498 182 628 156 393 630 447 798 130 690 532 453 371 55 138 770 803 250 92 789 29 187 753 141 474 901 400 710 209 376 672 40 157 658 491 254 886 763 596 485 300 202 10 344 245 312 813 729 431 97 340 507 56 676 843 53 739 71 46 915 989 381 837 266 600 433 162 370 494 383 346 109 610 215 883 377 438 772 553 887 219 508 
24
5 16 17 19 36 43 48 56 64 70 78 79 83 84 93 101 109 120 132 138 139 177 181 192 
169 102
680 573 341 372 38 311 914 148 649 886 943 153 139 974 937 883 540 856 25 693 115 672 830 356 242 481 574 495 130 116 893 24 369 202 536 615 141 415 560 727 964 53 238 737 904 927 780 702 939 367 200 681 169 461 294 452 600 14 181 655 813 5 339 255 18 519 158 826 993 586 599 46 134 245 956 625 291 676 131 190 83 998 427 761 143 27 106 624 985 150 903 235 467 309 977 629 963 796 6 173 990 489 
23
0 25 40 49 51 62 77 84 94 95 97 101 106 108 112 114 120 135 140 142 148 177 182 
170 118
563 520 482 470 395 366 158 83 204 84 251 258 310 269 770 805 891 261 929 995 912 991 890 222 964 572 906 590 980 908 998 481 639 287 454 447 125 103 105 26 260 655 892 522 677 265 672 108 819 318 607 598 765 542 914 246 456 123 518 369 202 870 426 821 775 617 784 732 64 231 553 220 132 539 47 715 381 476 309 546 370 704 139 619 451 952 333 444 564 679 11 670 591 367 868 33 823 322 981 480 453 295 568 49 216 884 232 566 329 101 936 374 40 541 716 874 795 962 
19
23 38 40 43 52 60 62 84 92 98 103 108 129 141 146 149 181 185 190 
171 116
621 561 431 366 28 311 74 602 442 609 943 275 688 833 332 490 310 143 449 370 468 802 505 498 902 428 823 734 233 11 255 388 300 467 544 307 808 608 699 620 30 348 111 190 495 732 583 917 759 266 63 898 503 757 581 748 985 432 637 716 235 132 967 501 836 669 168 876 987 974 816 369 870 35 193 351 483 799 874 540 308 624 739 71 409 75 276 944 712 545 44 676 952 284 618 636 302 697 289 456 684 296 129 585 919 647 217 383 216 939 438 754 744 243 6 559 
17
7 24 31 37 40 42 47 57 83 108 115 126 128 138 145 160 189 
172 115
587 520 480 269 719 742 744 764 903 975 713 397 63 418 84 919 682 14 491 157 221 54 247 440 124 809 888 651 858 868 78 214 29 446 965 130 841 574 73 27 323 7 41 673 300 932 644 496 812 380 199 32 636 933 432 599 620 101 936 225 805 304 857 538 872 684 16 833 1000 666 34 704 370 66 734 400 321 927 632 799 404 749 452 343 176 250 487 848 13 294 628 785 627 730 897 123 711 544 43 257 661 828 494 939 104 973 270 48 753 568 832 331 122 790 316 
26
18 26 43 48 54 64 67 68 71 72 73 75 92 100 104 107 116 119 123 131 135 151 157 185 192 197 
173 95
621 561 461 58 278 709 715 853 959 10 879 516 990 925 719 385 422 158 659 265 568 173 930 262 25 55 723 353 116 269 436 515 567 488 441 275 108 123 839 986 725 892 952 785 156 671 434 908 430 97 689 615 220 159 871 81 914 878 544 149 928 164 498 261 167 668 783 282 115 540 698 285 953 212 546 604 308 572 71 524 629 91 425 662 553 641 474 200 33 981 481 147 982 636 970 
21
12 13 16 47 49 50 62 63 71 81 82 91 92 104 123 127 137 142 179 181 196 
174 102
516 469 408 341 31 38 77 202 229 332 770 773 132 967 433 442 275 609 810 234 471 76 187 8 87 714 176 677 233 75 252 696 475 791 759 44 192 377 219 117 749 512 954 453 103 814 818 41 226 781 333 816 983 649 723 426 259 760 543 780 438 134 467 763 293 627 658 184 489 823 665 507 569 310 495 574 741 540 422 975 501 668 172 116 283 517 183 815 29 530 217 623 957 671 680 513 892 558 479 163 945 277 
15
1 9 12 37 51 71 74 92 111 112 129 144 152 153 163 
175 107
640 621 437 140 77 194 310 229 730 826 831 853 990 805 304 857 761 772 226 779 982 147 870 159 13 487 11 692 359 201 449 844 291 313 31 866 787 550 794 378 230 546 704 566 65 274 906 669 186 466 624 342 676 175 570 78 245 503 837 217 599 266 468 484 574 380 459 960 91 738 237 422 589 444 593 997 830 149 781 33 30 698 276 562 246 819 652 81 749 601 556 3 929 762 613 446 181 183 16 806 5 673 752 488 962 893 726 
14
7 15 36 42 45 52 58 63 77 126 129 132 137 155 
176 105
680 429 395 39 254 826 965 506 960 405 10 867 32 946 838 522 912 986 151 591 257 294 224 382 668 115 843 290 685 184 640 974 606 940 96 353 37 649 148 938 91 425 662 30 932 781 70 623 423 897 415 320 750 458 291 844 952 618 223 953 997 942 202 20 521 688 929 762 981 191 505 16 727 226 560 639 733 911 293 627 52 553 529 547 714 690 857 586 419 475 155 787 955 120 18 102 734 75 377 210 230 862 766 98 670 
21
6 12 15 20 24 30 37 59 73 94 95 103 107 114 122 132 158 162 181 185 187 
177 99
469 462 428 418 402 144 222 289 939 972 988 258 91 735 72 230 784 547 452 57 610 316 167 878 360 296 630 551 120 823 453 532 705 872 679 11 102 734 181 176 18 808 255 729 511 669 29 134 272 359 856 560 226 447 834 500 816 315 985 818 259 575 642 815 420 292 125 142 448 548 381 293 423 757 256 493 598 16 607 449 807 728 342 175 8 158 659 27 288 841 209 798 130 464 604 771 516 182 24 
26
2 3 6 18 27 30 39 46 47 55 73 79 95 110 111 116 131 134 136 141 147 164 168 169 186 187 
178 113
83 2 54 58 222 229 261 335 816 834 902 977 189 22 716 48 996 161 662 258 759 926 592 544 210 228 839 444 113 192 960 848 769 453 787 621 454 375 988 487 504 346 266 714 249 82 628 508 341 262 415 155 823 279 233 734 497 325 200 701 531 373 239 979 259 426 485 151 141 8 366 199 255 334 501 316 850 182 590 256 52 368 773 272 198 114 448 390 223 56 870 162 190 177 511 344 10 348 682 209 98 599 933 28 696 332 885 411 244 78 236 63 300 
22
17 36 43 46 48 54 57 64 69 75 77 81 91 97 107 111 113 116 123 137 140 167 
179 94
640 611 561 470 442 358 83 3 39 311 335 710 764 839 789 993 141 896 666 969 78 913 281 560 37 705 862 309 618 230 63 760 426 352 115 606 28 150 818 883 998 831 515 41 912 865 632 799 759 443 213 188 856 147 305 911 354 512 954 500 333 51 886 798 965 294 413 343 176 334 280 948 316 627 56 390 654 636 970 99 494 143 978 644 89 921 33 102 892 8 360 193 638 805 
20
3 5 17 26 31 32 35 52 59 66 87 91 92 94 100 150 159 173 187 196 
180 104
630 469 462 402 374 341 144 58 188 774 816 834 891 251 919 929 950 480 981 647 335 985 757 591 424 655 497 867 613 938 306 13 890 258 141 299 378 712 870 200 685 271 789 394 236 459 960 110 31 209 246 799 937 269 159 660 932 136 837 421 173 247 563 746 388 307 149 519 405 71 387 43 164 717 49 322 155 434 346 714 415 248 880 661 327 828 285 82 917 143 291 620 232 65 324 621 287 815 648 429 95 278 10 511 
18
4 15 26 34 36 50 66 73 79 102 124 126 128 131 148 150 164 187 
181 92
638 637 566 480 476 374 121 77 379 212 710 739 7 285 759 495 574 730 396 833 30 820 899 6 701 105 436 199 533 465 456 930 520 915 204 349 100 434 750 56 846 528 676 936 515 181 979 144 788 874 652 704 467 783 129 998 217 885 551 50 815 420 359 25 822 738 729 896 140 307 975 432 933 696 381 548 988 153 119 453 639 806 472 305 542 468 103 325 962 983 853 793 
23
18 24 35 46 47 53 68 71 77 81 88 93 100 113 118 121 126 141 150 168 170 173 176 
182 114
623 591 561 527 229 286 293 747 853 939 989 465 781 228 943 74 241 53 220 536 615 809 177 100 601 999 471 995 828 189 524 507 803 754 517 542 278 946 779 283 222 55 134 795 637 56 911 467 397 230 573 239 72 905 452 205 959 371 872 385 398 732 84 251 631 224 279 780 613 409 75 707 416 750 513 979 812 844 783 449 963 15 624 735 656 644 987 486 582 508 7 479 813 551 156 490 593 830 515 219 737 105 839 918 277 444 756 71 405 807 484 818 693 25 
25
3 4 6 27 34 44 56 59 62 66 78 86 95 100 104 106 115 127 130 145 155 169 185 189 190 
183 96
617 609 424 28 286 335 732 833 834 914 919 931 946 859 692 659 185 896 347 16 37 371 687 213 815 314 304 45 598 796 401 243 209 311 812 496 196 749 182 794 715 808 309 250 171 287 60 652 723 873 205 753 586 48 690 988 153 724 390 544 145 540 578 244 966 799 508 294 847 285 452 610 187 266 134 969 589 774 23 858 700 305 991 983 649 412 491 992 904 114 448 928 240 741 188 820 
19
15 34 41 42 57 62 74 78 97 98 118 132 138 151 157 161 190 195 199 
184 109
416 54 296 764 798 929 202 318 397 2 837 227 60 788 944 904 236 737 342 563 229 897 996 495 405 71 654 147 226 30 504 680 513 299 790 553 679 205 620 383 49 55 371 15 924 757 362 278 646 725 57 415 810 257 910 75 357 23 911 755 588 812 144 738 659 599 98 321 470 136 303 150 712 545 740 907 756 542 208 729 187 688 942 984 149 307 379 880 785 167 164 370 9 343 844 629 333 666 253 43 377 860 693 969 214 882 374 189 240 
18
17 62 66 76 79 82 100 104 118 125 130 135 141 144 150 158 159 199 
185 100
428 372 17 77 278 289 719 858 903 970 988 67 401 262 318 466 230 774 941 528 625 291 655 395 729 18 522 432 337 671 669 168 349 823 908 73 231 924 56 496 422 979 505 347 700 305 441 46 113 587 475 809 532 603 588 272 680 346 134 802 399 45 880 710 42 43 202 360 869 237 553 720 128 875 220 938 965 464 427 944 980 312 734 233 120 910 242 789 394 333 412 161 283 951 486 319 457 290 169 837 
32
3 9 12 28 47 52 60 61 69 74 76 77 80 81 88 101 103 109 111 133 142 146 148 154 158 170 172 176 182 186 197 198 
186 102
680 640 623 469 358 337 38 222 241 332 773 853 914 84 919 923 954 955 967 125 292 13 347 804 828 196 373 627 153 554 475 295 371 481 515 448 115 668 784 858 688 207 451 618 655 102 50 161 64 398 467 546 941 657 142 613 446 279 753 316 158 434 236 675 953 285 598 203 129 964 198 866 200 701 545 879 89 484 228 304 225 893 210 763 148 649 412 823 588 755 123 202 536 717 498 164 593 259 224 670 336 169 
21
4 9 21 24 31 34 36 56 57 65 80 97 109 111 125 128 137 144 177 185 195 
187 115
680 638 630 520 440 88 39 195 271 275 286 311 715 826 891 903 946 989 282 330 497 386 219 190 213 547 459 292 960 961 17 184 349 601 996 231 942 784 430 746 905 352 225 277 699 198 755 155 67 234 7 244 99 503 670 336 54 889 75 549 808 413 873 587 86 420 647 814 592 888 682 343 649 316 855 65 34 113 848 859 862 546 309 749 81 397 994 11 753 437 604 789 575 763 276 610 436 287 120 472 305 30 698 830 496 663 356 189 644 697 530 451 785 684 16 
13
12 27 32 40 101 103 110 155 159 176 177 179 180 
188 97
679 563 520 506 482 480 341 254 311 739 819 929 822 736 336 245 324 615 628 262 596 912 761 826 659 975 862 941 954 453 527 459 538 15 168 10 704 871 750 346 513 297 965 631 394 473 877 710 161 328 135 801 888 844 831 163 233 400 570 51 886 456 61 711 43 377 869 368 34 521 454 357 691 733 241 575 498 437 103 505 997 663 83 584 519 303 145 856 540 744 419 586 624 29 582 393 156 
13
3 26 34 47 64 98 101 103 107 140 142 151 156 
189 113
630 612 527 520 516 84 66 271 286 713 715 858 930 983 223 390 117 284 727 490 775 933 794 162 145 382 549 446 464 130 167 641 389 796 426 110 147 103 419 658 737 552 484 405 704 573 72 733 647 568 234 272 820 421 87 588 755 607 27 862 528 102 610 376 267 768 935 416 82 378 521 46 459 125 960 407 705 37 827 217 50 790 366 199 788 476 142 244 355 396 598 377 149 738 70 645 275 943 742 74 909 40 336 216 383 225 976 294 962 488 412 996 256 
16
12 20 21 35 36 39 50 73 91 103 121 133 171 182 190 194 
190 105
632 469 368 132 222 739 805 896 931 982 253 288 316 984 149 942 252 619 181 497 892 696 185 580 241 742 74 293 627 797 307 743 503 2 169 485 159 994 957 772 978 504 346 840 208 41 606 199 700 524 858 99 494 487 450 766 969 100 582 216 31 532 397 63 959 458 830 162 744 596 359 119 954 164 206 705 204 872 816 146 536 184 852 334 571 65 223 38 539 205 893 888 829 303 136 804 324 545 308 281 123 8 676 173 489 
25
3 27 30 33 36 43 47 58 62 91 93 99 104 107 109 110 123 141 150 158 166 170 182 183 189 
191 114
705 632 525 476 469 429 408 374 66 442 275 311 229 730 774 798 805 816 902 923 990 111 830 690 22 857 620 237 905 571 826 659 548 831 497 446 447 651 531 698 619 883 725 244 481 815 183 334 18 686 212 226 209 543 592 634 542 375 973 138 989 822 348 145 980 551 885 599 101 809 642 141 412 78 394 498 704 380 6 117 808 140 695 760 250 49 550 271 761 448 281 44 254 755 908 73 424 925 293 829 996 817 916 105 175 342 345 11 196 697 610 944 673 910 
15
0 10 28 66 72 83 101 108 110 112 113 120 121 153 199 
192 77
630 337 52 747 853 896 487 250 696 523 51 756 164 497 734 298 583 3 161 198 494 652 776 249 639 730 809 929 692 470 707 549 233 980 166 906 625 783 309 388 516 562 636 71 515 869 316 575 259 362 552 78 473 122 48 344 149 544 307 372 56 804 725 172 682 795 874 983 430 766 396 424 239 271 982 350 38 
12
3 16 30 37 51 75 77 90 96 138 168 172 
193 95
640 611 527 428 424 379 158 140 54 977 754 43 318 250 255 714 872 911 315 394 78 755 988 262 287 454 787 9 343 935 382 35 311 812 265 154 291 735 915 195 362 184 592 150 186 353 57 338 839 383 805 304 532 699 976 308 475 771 734 501 835 11 543 284 697 348 869 729 395 571 237 433 967 82 249 231 64 570 552 886 491 324 5 479 890 693 298 56 815 481 323 7 508 616 606 
23
23 32 35 39 46 52 53 56 58 66 67 78 108 109 129 134 135 148 152 153 154 164 165 
194 78
602 480 58 241 742 903 666 169 774 63 850 627 646 971 102 240 188 425 278 357 98 495 284 728 570 598 124 756 519 767 66 619 940 808 729 334 492 494 352 7 155 550 787 29 640 87 590 827 531 757 520 525 130 446 843 290 660 845 253 159 973 25 637 400 716 479 236 828 544 522 285 838 930 580 185 514 356 112 
16
5 32 41 52 54 57 59 69 76 94 103 104 121 133 167 189 
195 97
563 379 366 31 28 3 58 69 297 335 711 747 914 416 811 91 258 890 843 567 725 14 479 874 500 998 761 205 539 566 65 697 993 927 374 690 189 598 765 209 783 282 616 149 975 228 896 320 487 820 612 779 996 989 162 496 101 81 87 254 957 815 402 736 981 944 243 796 85 714 2 336 169 11 437 256 888 977 937 436 102 306 375 531 294 740 72 684 675 668 273 186 265 482 649 983 972 
24
5 21 22 25 37 45 50 53 57 61 66 71 75 77 93 117 121 140 141 160 161 183 186 197 
196 114
591 525 462 379 137 174 293 311 711 853 111 900 611 110 277 186 423 602 101 936 22 218 403 181 515 200 701 820 346 85 885 903 569 228 465 512 354 855 223 685 306 464 32 66 901 290 457 299 517 74 592 740 661 416 917 288 173 841 665 225 429 763 447 614 201 535 150 651 720 981 313 500 775 942 752 673 41 910 659 380 547 881 303 932 689 837 802 134 528 811 617 116 951 676 13 487 413 80 554 362 766 599 47 214 485 984 947 226 59 193 49 839 168 642 
23
8 9 25 42 43 49 51 65 85 94 96 104 112 115 116 136 137 147 152 158 164 173 179 
197 94
680 677 503 482 337 47 77 229 235 296 711 205 945 639 454 685 485 581 265 344 717 603 307 781 551 8 324 245 241 74 256 18 70 571 720 887 85 252 15 779 580 910 523 48 233 638 304 679 178 479 775 587 451 248 81 932 379 330 848 900 661 442 943 108 187 405 976 642 309 938 951 116 893 498 150 387 427 373 540 557 663 162 684 583 267 653 371 667 236 904 262 930 261 929 
26
23 28 29 34 38 41 45 52 60 65 92 94 123 125 126 135 140 143 146 147 150 159 162 172 185 195 
198 105
428 386 358 54 69 275 711 713 783 846 903 780 40 708 356 558 163 497 429 95 744 243 462 921 837 38 205 521 34 663 311 812 733 614 772 658 325 103 656 217 718 485 643 888 431 976 915 414 581 790 147 806 138 639 472 676 194 528 10 820 254 171 469 803 408 74 233 612 779 111 427 538 835 501 942 73 181 515 886 552 300 634 856 355 689 582 234 568 200 758 257 867 366 161 793 88 255 404 738 571 72 941 710 376 877 
9
0 2 15 50 122 137 146 185 199 
199 96
630 573 442 418 386 358 341 31 221 38 781 494 99 303 353 195 960 606 843 448 53 42 708 963 629 604 288 634 300 750 616 115 560 226 522 707 786 867 941 621 120 831 109 176 702 201 34 402 903 817 896 770 107 356 514 91 926 531 379 212 713 880 931 378 835 482 983 69 904 772 451 846 293 735 340 726 893 419 49 139 974 927 110 723 890 100 574 469 970 94 762 929 548 715 711 301 
16
12 25 26 36 62 75 87 89 97 113 140 167 183 184 191 198 
