200 1000
0 98
384 513 829 118 619 15 647 480 270 771 334 406 628 785 74 999 333 500 985 353 791 475 296 59 894 657 616 91 261 972 403 245 900 632 474 100 969 585 215 887 219 377 889 661 494 395 562 396 62 994 581 915 898 230 704 862 693 526 860 70 105 364 253 806 207 106 365 699 231 675 781 280 789 974 473 436 459 193 825 83 751 546 713 240 714 846 787 392 378 211 44 488 168 405 200 911 734 23 
16
21 35 40 42 51 57 60 64 110 118 119 129 136 141 157 172 
1 104
864 196 29 740 907 464 297 657 25 221 54 388 825 418 84 168 391 224 354 872 705 204 954 917 91 586 652 727 569 781 465 751 250 738 343 711 137 848 625 234 295 629 462 963 331 340 811 399 440 273 383 717 968 133 96 244 459 355 856 338 132 967 116 732 64 231 152 988 320 821 969 134 177 845 673 594 362 256 757 508 666 561 50 531 457 123 888 554 145 479 269 454 248 880 713 314 777 610 109 595 850 437 771 126 
21
21 22 28 31 47 55 86 104 105 119 125 129 131 138 145 158 171 177 191 195 197 
2 85
524 190 348 394 60 728 561 409 596 675 152 926 847 852 702 623 256 98 953 725 558 509 114 430 825 225 40 356 514 709 828 654 797 788 955 934 338 171 439 132 580 343 844 793 571 492 498 419 85 49 170 774 537 545 582 915 688 878 377 614 948 147 462 295 673 436 674 446 373 39 87 679 117 952 126 794 627 939 104 10 799 131 872 538 945 
22
13 14 22 27 38 41 43 54 71 87 88 92 99 115 124 150 166 171 174 180 185 190 
3 94
711 288 446 462 963 323 952 471 475 554 888 633 800 466 90 169 312 528 868 338 654 893 512 997 987 258 355 21 456 61 974 342 838 680 707 373 197 531 768 944 610 428 902 747 352 938 474 975 635 940 15 977 799 131 901 461 360 214 964 806 514 995 916 774 932 767 934 460 858 394 60 561 877 656 489 322 335 588 198 532 189 781 982 211 933 432 353 687 450 339 634 176 325 492 
24
14 16 18 25 32 33 42 61 74 77 79 81 90 95 109 118 125 132 134 159 170 178 181 198 
4 89
942 441 705 1000 677 566 366 32 670 907 239 531 568 416 653 100 163 5 280 507 112 692 334 492 806 164 717 419 58 893 585 752 133 765 284 543 153 74 143 854 476 713 428 595 594 928 849 59 635 245 483 404 31 385 552 293 757 424 90 257 443 554 27 471 814 146 997 906 405 223 589 36 903 39 829 328 574 407 938 604 265 502 544 465 277 672 783 786 892 
26
7 8 14 17 23 35 38 40 49 56 63 67 80 90 108 111 121 123 135 140 153 172 188 191 192 198 
5 95
862 695 151 986 813 145 184 852 725 224 247 80 654 320 496 827 176 509 193 164 85 480 328 723 91 755 597 422 896 738 66 303 155 673 726 897 818 265 98 884 216 295 848 137 532 948 790 413 79 886 937 603 293 774 107 441 502 836 370 765 386 437 549 882 250 864 934 776 434 878 439 606 930 664 356 245 798 60 45 501 668 115 169 2 239 732 806 735 952 724 557 285 838 25 499 
19
13 39 60 68 70 84 95 96 98 113 130 132 139 155 173 175 182 184 190 
6 89
529 889 722 485 500 816 315 159 629 155 864 255 966 461 183 104 772 872 754 495 574 583 433 916 749 679 512 268 663 31 463 226 560 832 753 437 728 925 457 84 27 695 528 991 824 168 836 269 901 320 744 552 157 789 225 857 35 837 670 2 376 480 348 181 671 601 450 134 826 158 474 549 215 933 432 568 509 843 544 879 44 340 720 907 740 144 311 742 74 
19
11 21 22 29 51 60 65 67 76 78 81 99 105 128 148 160 167 170 180 
7 97
739 665 586 507 841 755 123 792 296 533 770 436 718 781 544 623 456 289 790 162 495 662 381 16 174 95 671 967 524 467 319 826 192 824 74 293 627 37 629 787 945 76 898 316 661 494 392 225 974 206 816 983 503 336 2 169 670 38 609 275 512 415 749 994 66 461 361 272 940 594 673 41 965 608 775 738 268 189 692 929 637 470 616 420 815 1 647 368 412 78 894 226 488 822 655 576 892 
17
4 8 23 28 37 50 87 101 115 138 141 145 147 163 174 179 193 
8 86
666 332 16 762 209 657 879 545 72 388 637 477 742 110 426 55 134 574 21 732 280 596 985 818 432 265 860 242 910 831 848 769 53 284 849 68 402 560 787 862 27 878 843 175 333 965 57 603 50 729 808 236 780 109 898 977 60 949 40 425 91 131 368 439 638 245 87 124 857 699 365 191 358 99 557 282 950 2 431 273 530 293 90 645 803 882 
17
4 7 29 65 67 79 90 98 99 111 132 141 142 148 149 194 197 
9 110
997 297 294 962 34 869 597 931 642 200 33 211 536 286 620 561 450 687 280 40 233 793 105 940 272 579 524 858 151 783 616 883 853 695 300 507 936 383 111 743 269 770 469 767 889 555 72 740 864 530 29 503 820 373 583 917 434 267 601 996 415 749 38 637 971 892 253 95 411 964 332 16 440 124 857 22 799 404 377 723 802 565 805 963 808 176 794 557 748 985 37 426 487 633 554 588 144 76 175 777 619 1 502 815 147 386 861 15 182 330 
18
12 37 40 41 42 46 49 55 60 67 72 73 85 102 124 142 154 199 
10 91
259 92 679 47 793 960 3 714 978 811 113 447 543 856 619 730 767 281 123 59 894 368 225 304 343 233 566 832 8 195 713 957 297 798 631 789 668 325 826 183 16 95 253 904 360 193 719 385 817 650 465 974 102 697 538 911 76 594 407 91 247 728 597 96 645 144 979 268 874 586 889 987 142 643 955 797 108 672 40 24 633 265 186 359 533 700 156 110 611 620 453 
16
28 41 42 51 54 67 81 95 109 119 121 138 180 182 183 193 
11 101
592 91 39 204 705 537 370 14 849 643 236 746 168 484 738 571 877 324 914 174 288 333 128 712 949 717 548 232 995 589 323 991 769 470 507 791 457 161 827 630 40 576 244 411 781 614 693 982 235 903 63 898 751 417 830 496 812 191 859 59 894 183 423 838 542 265 98 419 641 483 752 426 31 189 224 813 145 670 38 196 862 603 269 664 190 778 534 771 292 922 608 775 606 105 839 4 732 407 574 634 486 
15
6 38 45 59 81 86 95 108 118 121 126 133 137 151 190 
12 84
888 554 910 959 288 446 697 223 534 716 285 206 95 641 957 963 889 336 819 151 77 945 254 101 970 628 665 606 300 537 369 35 937 770 511 985 931 282 330 245 913 802 565 232 311 74 402 903 7 508 459 407 73 816 157 552 705 371 553 368 674 376 877 42 563 614 800 466 524 296 129 539 873 227 374 207 49 857 820 814 185 362 323 991 
16
9 19 25 31 35 52 79 85 88 94 101 107 119 130 140 151 
13 108
468 384 203 537 730 62 852 518 995 987 429 34 666 332 937 603 853 686 5 242 576 525 408 74 548 633 465 781 614 584 997 663 422 343 817 407 63 137 848 359 121 919 697 91 926 294 610 420 675 341 842 40 432 985 261 227 375 59 868 239 950 889 722 389 669 168 283 441 107 195 28 511 344 423 581 31 699 146 936 259 970 391 100 644 811 143 477 427 971 813 451 591 20 354 254 788 392 336 503 528 492 826 158 545 703 606 687 371 
20
2 5 32 42 45 46 50 60 62 66 80 105 127 135 136 157 161 164 165 172 
14 96
392 787 620 147 982 681 444 484 626 793 389 723 73 574 152 486 267 109 443 680 51 288 436 357 123 439 761 129 728 249 91 90 925 424 558 874 242 5 300 883 536 852 871 203 832 42 990 324 403 986 894 59 727 171 724 477 396 897 730 335 669 432 951 116 40 466 545 745 903 462 869 0 553 974 845 623 860 675 194 609 776 813 628 28 423 748 581 176 746 259 21 297 692 137 449 415 
17
2 3 4 46 59 73 74 91 114 121 145 146 157 159 164 169 194 
15 104
210 43 711 754 438 239 72 160 705 429 508 391 470 971 132 211 553 242 757 678 405 168 563 947 613 631 523 681 630 709 839 672 665 275 292 385 365 866 945 649 770 217 261 623 364 966 124 361 914 392 893 58 492 993 158 402 809 883 722 834 500 737 801 133 370 449 808 641 483 419 85 638 490 898 852 457 791 815 352 905 426 900 67 812 970 109 583 741 662 849 181 827 864 534 771 376 700 941 774 703 585 509 324 245 
19
18 28 30 35 41 49 57 58 60 72 91 111 141 143 149 170 184 186 198 
16 107
384 957 757 994 326 239 72 815 852 220 1 765 356 857 690 616 537 203 315 789 180 848 611 524 858 302 884 550 629 128 61 689 480 84 39 197 150 40 672 435 123 281 741 667 193 527 922 85 586 161 793 767 354 688 451 880 485 819 893 507 340 577 544 248 415 990 191 358 111 414 808 416 38 205 501 280 565 12 987 486 997 162 663 589 487 250 979 645 613 446 218 51 964 851 16 411 77 955 323 109 777 443 170 838 348 849 181 
14
3 39 47 57 69 75 92 122 128 136 137 148 179 199 
17 103
151 391 725 892 474 859 358 525 51 886 953 716 883 973 639 7 145 980 655 423 947 526 577 498 910 264 830 198 435 356 884 805 963 726 668 792 546 45 545 119 286 223 779 946 788 630 41 709 235 354 670 364 206 874 134 353 294 396 475 424 740 404 799 811 873 199 32 506 981 723 389 346 425 414 436 603 487 588 430 324 825 534 850 16 253 490 672 839 505 728 601 434 83 417 429 834 161 319 872 82 714 412 245 
18
4 22 25 28 36 59 60 63 65 69 133 137 146 161 164 171 173 199 
18 90
559 182 103 840 524 618 308 475 568 999 446 36 704 334 83 399 162 607 124 90 553 395 878 19 967 759 449 950 713 725 970 300 409 910 145 85 206 373 243 410 911 990 615 509 755 588 218 1 317 881 296 511 37 846 365 205 945 629 770 269 245 256 757 59 226 948 781 439 105 438 17 491 468 134 842 341 415 494 453 490 231 42 543 497 354 422 244 98 265 709 
21
3 15 31 33 38 43 59 63 71 86 91 105 108 115 131 155 168 180 184 188 195 
19 90
35 703 599 204 836 958 298 465 246 526 192 473 234 550 666 824 897 739 423 776 275 116 827 748 901 585 158 417 654 70 711 544 790 623 403 995 758 60 926 815 852 910 75 470 340 261 471 304 452 285 206 24 358 603 366 917 416 732 451 468 780 938 849 864 390 311 888 777 854 696 844 861 360 161 890 556 722 63 211 967 132 439 105 31 162 244 646 675 634 235 
13
12 27 52 64 84 93 103 114 124 126 137 149 152 
20 96
374 927 119 672 562 896 957 291 293 794 530 609 776 539 471 508 7 553 217 770 191 823 428 917 206 911 200 326 642 368 605 781 70 414 730 841 693 519 774 440 361 15 884 865 470 995 494 99 573 816 983 588 127 628 962 703 369 11 538 427 645 849 181 639 955 165 499 580 949 320 952 557 162 97 334 253 863 379 546 789 622 464 227 728 733 22 170 503 103 139 556 161 495 353 412 913 
12
25 28 38 48 53 70 102 116 132 133 150 154 
21 106
468 965 35 430 931 806 138 197 671 171 672 709 41 559 252 586 805 115 747 431 652 664 497 843 527 339 90 210 131 921 763 596 561 877 501 27 343 155 93 962 945 611 147 621 955 675 7 508 271 745 250 918 365 474 622 215 610 898 230 164 832 293 735 476 239 792 868 851 311 477 714 547 784 378 28 191 154 541 49 383 629 462 872 538 849 59 942 608 268 391 224 145 742 909 129 906 890 574 653 820 483 149 757 836 752 84 
21
0 1 6 26 45 48 50 91 101 105 121 138 140 149 151 166 167 169 170 181 188 
22 98
707 529 537 871 370 300 801 248 265 739 502 590 772 439 349 311 645 724 891 861 809 19 7 619 977 424 472 77 18 808 492 158 316 680 838 402 736 183 921 368 494 889 811 574 763 930 283 986 646 962 628 303 470 942 297 705 371 609 175 509 102 901 109 820 528 765 356 909 541 6 322 85 164 259 950 49 800 132 211 255 422 163 324 87 460 302 855 50 769 632 465 768 877 42 60 895 114 782 
19
1 2 6 17 26 27 29 57 63 71 74 76 82 88 100 103 189 191 193 
23 107
305 938 568 902 652 151 986 494 197 276 942 561 640 504 122 677 176 440 736 90 855 688 460 230 546 261 595 498 582 909 593 827 37 353 590 996 601 78 913 693 88 950 871 239 555 792 458 638 786 470 971 83 233 66 224 16 298 799 632 373 27 101 1000 714 963 295 739 809 141 773 105 55 390 232 129 797 718 244 86 155 367 446 407 196 512 214 42 788 454 84 645 386 544 831 910 905 641 474 975 808 205 670 837 414 915 836 678 
26
4 7 34 35 36 46 49 67 73 74 82 84 103 107 109 125 148 152 161 168 174 183 184 186 188 192 
24 80
495 285 953 174 842 16 684 1000 52 240 923 812 496 417 180 792 724 687 631 550 234 155 597 281 955 104 262 215 826 567 538 279 850 626 377 562 799 248 10 176 703 903 235 898 424 129 524 858 87 561 671 355 609 776 785 864 193 843 954 189 757 256 730 86 754 712 726 828 907 519 835 501 971 74 909 171 839 416 917 583 
23
25 28 31 41 44 50 52 66 77 78 85 87 97 105 107 111 121 132 134 160 166 175 190 
25 89
707 384 997 798 8 175 509 790 623 316 793 656 498 331 94 884 726 414 415 652 810 977 503 842 1000 223 45 267 669 541 857 862 825 365 143 617 772 851 298 381 214 688 466 624 150 826 902 838 558 224 96 886 719 424 591 443 944 870 914 580 844 732 596 781 10 286 787 991 824 689 355 60 692 674 613 279 585 439 994 73 486 152 813 576 740 239 792 467 634 
18
3 12 17 20 24 37 60 69 96 108 121 128 131 149 159 162 167 174 
26 104
693 200 832 679 827 994 160 494 634 781 623 957 415 889 388 223 390 724 508 675 548 214 744 966 646 479 854 933 101 22 970 589 861 782 771 692 581 107 348 111 269 617 283 798 87 206 443 975 794 873 205 157 315 786 740 29 954 843 455 288 653 319 820 709 156 708 73 52 204 705 371 475 703 870 502 1 487 931 96 637 558 531 984 483 964 129 378 44 606 105 31 532 484 563 972 656 305 226 754 43 63 537 370 844 
16
21 22 32 56 68 70 91 104 117 118 132 135 156 162 166 186 
27 111
681 180 682 998 539 853 457 958 59 422 430 87 403 292 156 77 970 417 250 92 566 871 704 797 443 902 532 98 414 581 897 563 423 545 308 940 543 701 367 920 288 683 385 51 719 1 669 5 479 184 658 111 269 594 488 695 361 781 939 465 966 805 860 526 76 990 489 823 357 858 661 327 880 643 169 84 585 251 919 332 885 20 889 728 333 736 842 341 294 95 930 204 116 283 881 565 12 267 925 717 225 483 404 562 742 663 914 246 747 405 10 
18
2 19 22 30 31 38 45 52 69 92 95 99 119 125 151 164 177 182 
28 105
124 792 914 440 2 937 903 305 639 955 418 655 516 349 758 536 473 394 479 923 527 194 979 742 74 943 548 642 405 786 628 962 391 725 409 910 934 539 749 354 928 159 574 732 512 846 210 763 969 802 680 12 960 91 926 215 327 808 533 366 840 476 810 130 464 780 325 524 23 33 396 229 77 465 507 6 376 778 146 332 174 128 839 76 225 392 109 583 662 389 547 860 25 403 904 983 105 869 553 722 388 101 432 63 616 
30
1 7 10 15 17 20 24 33 45 55 60 61 71 74 76 87 99 110 116 121 127 130 137 169 179 180 182 186 190 194 
29 112
944 610 731 652 703 136 303 994 554 913 78 44 439 123 457 546 417 325 158 553 484 700 774 616 930 262 815 481 183 16 341 675 280 465 947 552 868 33 586 428 595 762 953 5 476 155 787 348 427 680 976 265 344 376 739 906 618 776 988 512 670 837 737 315 816 811 756 255 334 251 9 967 897 396 730 41 375 921 164 331 559 726 207 523 271 197 434 935 231 64 565 723 580 426 603 102 576 892 90 214 304 901 233 686 134 922 527 843 797 964 639 806 
14
6 8 22 51 63 85 94 95 105 139 150 159 180 183 
30 99
303 470 198 31 508 675 341 389 163 330 497 339 418 4 505 689 712 295 628 391 191 818 186 939 793 3 994 580 25 894 736 730 528 923 474 948 869 386 720 817 483 446 604 573 976 308 373 257 925 123 958 581 247 49 717 6 606 132 501 334 18 646 980 901 417 511 432 67 225 620 788 100 512 816 904 153 970 469 300 634 871 284 126 205 311 144 979 161 662 595 147 156 323 566 455 296 375 412 798 
18
15 27 61 62 69 84 92 99 105 114 118 136 137 153 172 176 181 195 
31 92
529 761 798 285 619 63 805 568 67 146 636 557 10 566 531 591 809 98 437 617 459 868 165 481 392 945 76 746 811 741 574 635 969 411 95 921 808 414 915 520 768 267 434 671 185 686 765 426 722 368 201 451 224 62 465 860 360 527 194 823 342 365 128 967 299 466 703 486 985 500 333 851 339 628 154 356 419 646 567 406 239 828 327 160 503 181 348 269 37 705 9 677 
19
1 12 18 24 27 48 67 72 86 90 114 121 125 158 161 185 186 188 198 
32 84
25 973 639 124 440 273 210 541 800 641 246 289 957 505 663 566 487 909 674 230 83 120 502 323 402 119 286 656 893 498 330 34 587 95 429 366 264 84 944 574 880 984 133 296 52 386 755 696 143 730 852 773 12 20 389 231 116 150 446 186 520 609 925 618 381 157 825 438 290 460 126 760 259 692 929 433 670 131 966 383 49 717 677 361 
20
3 13 26 41 45 46 58 83 106 114 117 120 129 159 160 165 171 176 183 187 
33 89
413 305 525 24 673 163 981 112 586 419 906 370 404 641 86 63 267 254 728 942 389 820 152 705 169 280 833 938 693 243 577 261 984 855 788 381 548 469 627 779 147 213 913 834 158 417 845 10 543 42 200 745 323 824 769 848 532 4 873 125 317 554 813 433 59 633 466 27 415 652 606 473 423 186 95 851 16 407 628 958 457 190 856 215 610 91 926 351 388 
25
3 18 28 43 44 49 56 60 62 75 94 98 99 101 104 121 124 134 137 141 149 159 187 189 198 
34 120
468 819 21 687 596 95 91 103 17 886 51 385 775 441 905 273 430 549 470 971 390 243 164 665 8 392 225 906 739 37 581 423 28 521 336 670 178 494 957 192 25 791 500 633 378 220 142 203 692 455 297 553 566 325 492 255 334 792 397 914 580 97 765 361 528 844 231 280 675 787 620 304 462 541 73 741 346 193 694 527 606 328 161 348 822 585 269 530 29 4 320 794 727 840 172 330 197 921 210 131 736 315 259 812 950 783 591 38 433 523 294 489 884 797 848 427 594 335 421 755 
18
23 48 50 53 78 81 86 101 122 126 132 140 155 158 167 168 193 197 
35 101
888 53 554 922 606 149 465 819 485 816 190 524 691 928 360 955 788 326 405 696 459 252 261 110 189 374 40 188 460 618 934 687 766 218 62 378 950 555 390 469 970 169 327 959 406 376 209 394 868 932 853 18 823 330 646 874 540 846 214 809 883 549 391 962 294 610 248 916 196 237 553 16 798 399 320 83 693 808 140 466 782 774 106 786 285 416 971 491 430 389 784 836 910 673 243 580 747 271 982 780 279 
22
0 4 12 15 23 41 45 57 59 66 88 106 114 130 131 137 154 160 164 179 187 195 
36 102
707 642 721 850 613 446 93 156 323 802 723 91 486 432 697 29 503 2 857 43 438 772 681 763 193 509 703 673 608 450 171 916 995 284 255 576 986 399 487 320 806 984 704 546 101 250 417 106 480 945 401 234 491 430 96 194 862 27 528 686 54 765 354 688 143 64 550 383 392 225 558 937 770 346 583 741 964 129 797 955 437 200 532 295 374 32 281 19 282 745 34 312 145 768 601 364 211 640 28 957 404 52 
18
17 23 37 42 58 71 94 110 139 161 162 173 175 179 182 190 193 198 
37 96
503 2 424 257 740 582 861 703 417 323 45 212 348 14 488 154 237 474 335 809 183 341 815 262 635 549 628 961 275 457 87 176 41 464 227 436 770 427 260 928 351 732 653 617 283 204 994 996 225 893 698 942 696 863 106 760 171 839 686 432 663 268 325 799 882 214 68 96 825 491 823 112 10 344 926 194 473 196 363 178 170 230 618 878 544 396 710 376 110 611 462 295 857 690 497 163 
17
7 9 25 36 44 75 85 92 113 118 125 141 144 145 150 166 193 
38 95
515 181 608 134 635 312 786 919 208 542 68 736 911 744 243 76 200 444 888 967 203 124 7 180 417 839 338 439 253 95 490 711 316 632 87 383 936 268 934 855 963 638 805 713 29 843 640 974 306 473 315 190 708 152 987 823 194 408 724 850 386 35 109 257 336 415 768 57 666 776 609 91 17 256 757 538 37 872 556 693 104 641 246 77 484 563 949 172 133 59 643 340 334 501 358 
22
2 4 11 18 20 27 58 62 67 79 88 99 111 117 127 132 141 150 168 187 188 192 
39 106
305 981 146 428 720 413 246 79 131 632 790 316 377 699 928 296 999 498 577 503 2 83 417 496 481 787 629 755 44 732 435 741 926 425 204 836 599 36 450 608 845 468 134 682 524 357 95 16 27 18 415 20 99 530 794 293 215 48 382 549 944 74 264 97 765 54 923 439 105 694 139 850 150 689 355 175 333 491 931 96 655 137 62 396 110 505 171 394 405 901 506 939 385 626 593 760 389 723 677 381 485 874 497 163 245 774 
20
5 16 50 52 58 65 66 85 86 93 94 95 96 97 102 112 136 147 153 161 
40 93
478 979 414 181 940 773 536 925 767 530 293 755 629 680 16 253 72 884 489 656 169 722 946 551 894 815 302 855 223 776 593 40 207 365 602 115 797 463 621 189 1000 556 110 778 984 149 939 761 928 399 751 250 844 291 512 986 617 933 654 180 604 637 953 193 930 745 233 836 529 362 251 263 820 139 768 186 353 18 808 774 932 537 477 811 661 552 719 476 634 328 170 777 443 
19
0 4 9 48 52 56 66 67 69 103 114 131 133 139 153 181 188 190 196 
41 100
281 283 450 293 221 722 737 230 66 619 953 1 502 334 726 15 422 705 890 55 556 723 298 535 61 505 900 583 28 739 584 417 426 259 207 523 802 12 897 62 272 7 797 45 415 20 16 95 370 74 558 595 373 411 77 271 197 31 198 532 137 449 115 352 719 956 561 386 613 327 838 320 150 798 464 977 433 340 339 843 175 618 637 470 226 245 78 544 210 526 332 1000 833 33 437 270 326 787 919 967 
19
2 9 10 15 24 32 35 53 54 70 77 92 110 112 129 136 151 157 174 
42 100
413 584 918 189 981 480 401 43 280 993 835 462 277 708 207 385 464 631 798 230 623 873 399 512 846 864 390 627 460 618 767 934 974 500 817 422 283 165 639 268 769 585 37 511 977 476 2 348 515 300 853 616 560 226 542 700 555 889 652 214 548 47 763 921 524 437 990 279 200 267 820 477 714 161 996 256 788 77 983 114 96 430 869 459 854 272 940 619 576 484 967 800 405 290 922 87 342 8 175 570 
18
0 3 9 10 13 36 44 54 63 72 137 139 148 154 155 169 180 198 
43 109
529 454 928 410 152 653 705 974 306 227 385 674 6 912 874 802 864 363 47 679 524 526 539 798 765 923 757 544 305 937 977 819 740 7 562 720 957 790 316 272 430 931 509 342 730 230 941 293 286 523 999 74 312 233 505 572 906 723 55 900 566 724 58 964 569 668 704 203 36 853 481 815 186 818 581 495 21 258 344 10 34 132 459 775 275 749 601 32 443 610 109 276 179 513 831 224 591 90 282 950 488 655 506 339 146 708 541 67 234 
16
2 18 33 66 70 72 95 99 100 102 110 134 139 160 167 178 
44 95
468 305 377 331 35 114 509 215 452 480 361 124 959 441 107 254 728 217 375 454 358 200 990 654 829 39 592 812 311 390 455 297 246 685 263 855 697 935 66 139 974 473 372 219 925 758 591 923 851 183 903 402 736 37 827 477 466 150 19 964 327 169 347 939 623 30 820 881 565 894 393 502 739 420 253 754 921 131 63 163 348 674 340 636 58 909 415 940 773 446 932 431 341 174 7 
18
24 33 37 42 52 69 75 82 89 97 113 130 131 155 181 182 195 199 
45 102
344 10 107 217 957 256 809 572 906 602 936 210 126 15 634 871 777 610 215 452 974 978 143 835 815 195 37 620 462 295 771 257 508 161 4 320 952 781 465 152 690 356 40 106 817 271 772 439 391 170 255 412 74 742 933 230 248 749 512 986 99 600 767 717 164 58 559 791 54 613 446 853 416 972 24 577 269 506 881 213 509 247 800 543 836 503 497 330 323 797 165 560 902 545 211 588 87 904 403 719 798 631 
28
11 13 21 27 28 32 35 56 59 64 70 77 82 84 87 98 123 137 138 140 148 154 162 163 171 194 198 199 
46 91
997 615 931 874 726 252 723 12 91 926 398 635 904 825 622 661 827 687 861 922 996 757 868 78 485 248 880 52 210 842 358 990 788 709 387 888 748 414 435 101 768 426 259 760 599 933 600 934 144 472 806 571 109 820 745 708 471 304 22 857 998 282 835 97 765 686 118 928 499 607 774 941 632 396 66 154 117 422 336 345 178 548 187 688 614 725 574 21 428 712 44 
21
9 13 14 23 32 50 52 67 78 86 102 104 114 138 151 163 166 179 188 194 197 
47 99
725 224 93 488 332 727 118 693 772 458 606 773 843 342 311 979 787 234 528 775 608 99 257 810 476 2 789 394 33 823 586 34 891 15 524 635 793 3 872 371 496 997 128 719 157 324 457 852 410 243 480 164 405 906 985 748 39 874 415 582 657 323 244 94 595 42 905 826 408 102 505 347 777 501 264 79 689 21 502 265 613 532 214 72 129 630 709 720 878 383 870 281 233 628 73 451 952 794 460 
15
1 16 49 62 70 74 82 90 91 113 120 136 139 153 193 
48 90
438 605 131 210 736 661 995 442 521 20 47 528 800 356 610 531 294 388 224 980 145 78 631 798 640 358 62 378 853 352 115 699 255 975 808 969 818 265 739 72 907 239 35 652 178 846 957 788 159 15 755 147 500 751 83 794 453 286 128 170 355 614 376 308 67 234 155 16 441 17 825 658 491 445 161 951 469 706 539 565 64 854 817 149 316 663 831 163 330 190 
25
20 21 31 34 40 55 73 85 92 99 103 130 132 151 157 162 166 172 173 175 184 188 194 196 197 
49 104
963 990 851 158 79 413 783 230 799 465 784 98 431 287 454 524 190 635 527 712 545 157 943 877 481 147 52 488 574 732 179 441 608 845 292 189 663 763 262 150 484 114 780 613 455 297 698 820 653 486 893 938 103 210 711 848 20 611 277 945 805 471 27 418 66 233 915 581 739 487 485 571 871 494 160 760 207 686 90 424 977 831 910 849 934 774 205 38 926 755 974 49 717 280 438 341 675 411 490 700 305 980 586 86 
22
4 9 15 23 33 47 61 62 84 86 88 92 118 122 124 126 152 154 161 171 178 198 
50 96
96 931 333 767 530 429 262 666 745 578 244 77 183 104 220 554 983 610 847 768 373 778 58 225 207 839 281 405 168 43 344 539 589 747 218 134 962 716 883 64 143 933 829 903 402 323 560 970 595 616 932 300 853 303 990 155 987 152 831 594 54 607 292 459 960 503 2 907 275 679 901 959 485 296 954 480 813 665 347 606 240 872 131 289 366 867 472 720 256 809 608 441 737 735 435 137 
22
7 13 21 24 34 39 46 62 66 75 86 107 108 110 126 139 140 142 161 185 186 191 
51 82
102 267 791 123 568 647 447 52 32 506 358 417 259 37 907 616 774 932 300 34 737 19 64 461 470 312 466 501 739 62 730 897 78 298 645 823 860 749 916 986 151 991 884 550 787 945 414 915 148 196 530 925 451 419 752 680 513 518 281 51 355 21 446 613 644 802 635 486 152 713 59 454 612 341 578 670 336 731 964 253 909 848 
16
0 6 10 29 60 87 102 106 116 124 128 129 140 175 190 196 
52 90
979 276 109 17 333 322 717 285 259 508 569 288 973 262 531 161 502 674 911 97 772 693 948 686 370 133 774 626 735 498 12 738 580 501 442 808 140 474 641 86 974 961 792 950 128 207 861 554 387 53 881 380 19 99 889 20 336 242 298 799 131 485 892 907 719 230 893 392 225 630 129 642 913 78 394 60 700 330 790 957 623 539 890 21 585 348 15 390 557 399 
17
12 19 24 27 39 40 44 46 64 69 73 87 115 137 138 164 191 
53 97
737 904 403 873 399 25 693 192 359 772 271 792 959 634 718 384 655 808 561 558 3 161 623 790 316 294 769 362 283 776 381 223 156 352 826 905 123 281 744 902 115 449 767 293 699 175 342 452 786 589 422 963 1000 918 207 752 673 42 354 502 186 932 73 247 414 261 409 150 545 607 774 941 862 54 388 546 90 534 139 297 682 180 970 235 569 754 429 34 254 922 415 837 720 652 819 37 538 
15
20 34 41 75 79 99 104 122 126 133 153 165 193 196 197 
54 107
413 474 975 307 224 892 322 989 655 436 603 278 445 56 846 915 994 862 866 556 389 305 973 639 815 183 840 287 454 741 662 191 598 750 671 74 943 522 118 953 716 44 834 360 351 721 220 568 234 67 738 237 899 732 726 893 706 205 810 986 318 20 688 847 13 514 988 18 686 45 212 54 607 449 1 396 979 325 675 466 150 381 780 701 338 971 813 418 751 584 83 952 359 192 860 544 964 569 778 277 444 602 718 976 626 604 456 
10
2 10 41 42 59 86 110 150 180 194 
55 95
80 748 907 740 239 937 269 128 444 753 85 832 595 757 836 725 875 32 585 343 422 429 353 432 526 473 631 323 481 235 788 430 37 872 840 524 544 939 739 344 845 162 794 961 724 132 685 818 317 35 870 781 280 259 240 407 565 820 662 887 553 720 831 403 697 610 203 282 751 584 285 917 479 813 145 367 51 155 507 340 103 916 879 545 638 805 726 225 58 652 889 555 388 962 628 
23
1 9 28 48 58 76 78 86 88 89 90 95 101 113 114 117 127 141 154 158 166 194 197 
56 110
846 512 734 901 411 244 602 918 444 868 367 710 209 841 619 953 246 79 878 641 308 809 475 709 630 485 722 256 560 59 0 334 493 994 495 328 120 787 68 736 330 74 928 531 926 3 378 63 25 359 913 834 932 431 589 116 356 429 355 373 206 724 882 58 391 488 154 977 942 231 705 17 175 28 187 20 99 665 112 966 465 623 456 539 697 792 713 106 541 304 699 603 524 403 561 663 272 111 247 800 791 1 870 317 618 952 478 4 149 316 
16
4 26 33 40 45 57 65 86 89 90 98 104 105 117 163 172 
57 91
754 347 189 584 298 966 374 207 926 91 215 368 85 275 901 822 178 99 286 839 415 582 29 907 740 944 786 470 633 939 834 791 123 913 911 832 503 837 758 882 770 294 962 160 906 555 388 783 894 685 211 831 375 41 565 621 553 316 79 580 292 315 983 798 87 346 844 872 538 185 686 18 247 915 28 818 982 860 192 94 98 96 700 366 431 589 340 182 737 695 361 
21
0 15 16 22 35 56 75 76 96 100 101 104 107 116 118 152 167 168 181 193 198 
58 97
317 324 157 198 672 243 196 530 131 632 298 474 158 492 508 389 222 496 386 357 727 527 44 712 211 132 934 100 267 741 346 456 614 220 773 906 478 557 952 794 583 249 161 170 3 987 319 446 279 42 652 257 430 913 746 282 855 20 354 163 607 844 437 103 541 550 420 642 788 816 149 483 523 617 846 84 919 533 366 303 777 443 944 230 963 381 47 186 371 18 566 868 33 160 74 431 296 
19
15 32 36 38 39 55 64 80 98 111 121 124 134 138 145 166 172 176 188 
59 90
997 357 869 948 508 745 411 528 972 137 975 808 1 396 889 671 698 197 39 750 547 938 780 679 758 600 73 240 798 892 102 699 541 534 139 974 450 766 582 898 905 738 392 409 910 774 441 204 740 907 346 459 550 884 255 797 904 327 549 483 928 973 560 59 894 25 359 262 596 891 91 936 435 358 412 85 476 744 665 539 689 694 615 585 317 985 484 44 581 186 
20
11 14 17 18 35 45 54 68 74 83 93 100 131 163 167 187 190 193 197 199 
60 95
529 333 834 453 286 444 87 719 983 315 157 473 294 452 497 655 543 18 966 492 383 67 827 317 969 657 916 871 776 855 700 621 937 982 147 648 939 920 809 141 773 615 175 695 142 810 99 343 677 948 744 905 273 950 282 115 783 151 882 860 359 100 434 39 373 891 496 135 925 591 617 459 960 91 742 563 958 942 530 29 11 103 972 805 232 716 48 456 423 344 581 963 629 870 703 
22
0 5 6 9 13 15 17 25 28 33 51 64 92 100 129 140 143 164 166 168 172 186 
61 90
915 283 150 317 643 309 977 709 788 844 176 141 376 771 29 898 661 913 439 500 834 755 588 255 808 516 911 8 719 411 332 168 832 498 735 789 451 846 679 916 881 481 16 851 800 967 730 211 712 89 924 6 110 189 704 72 546 109 662 304 950 558 3 596 754 736 433 2 670 336 158 632 390 129 534 367 418 361 695 853 566 399 83 453 848 488 549 197 40 207 
24
3 28 30 49 68 70 85 102 103 111 114 117 124 126 133 136 157 162 166 168 169 180 192 198 
62 104
529 305 542 226 59 825 983 570 235 201 754 675 842 0 892 224 725 923 589 441 638 805 164 233 901 178 545 286 584 523 189 419 431 115 951 477 396 317 870 907 520 186 739 15 884 933 674 911 744 24 191 931 902 234 834 256 809 414 210 987 945 277 268 435 957 521 407 741 662 267 926 531 695 853 399 873 557 891 169 366 16 95 534 771 637 506 5 922 848 975 738 176 704 203 231 389 168 982 666 285 206 58 225 21 
23
13 30 33 38 47 49 50 70 74 78 85 89 100 107 114 125 146 154 155 168 173 186 190 
63 90
997 8 843 954 242 953 795 461 827 753 336 965 77 964 797 630 857 146 383 247 377 693 930 371 601 838 133 687 19 389 500 722 327 688 187 819 607 774 608 441 903 271 60 240 793 34 702 517 919 185 925 758 47 381 618 460 734 66 250 584 623 289 457 536 746 430 802 428 471 137 246 478 808 51 367 604 498 396 859 372 38 589 194 492 826 650 984 380 232 165 
18
4 17 18 22 29 42 64 65 83 95 102 118 124 145 154 170 184 185 
64 95
417 584 674 121 163 664 436 269 553 790 456 642 10 552 51 531 67 688 577 261 231 626 705 73 897 186 248 959 792 226 779 72 546 220 931 627 542 709 39 926 91 390 891 233 312 381 139 227 60 780 613 776 275 670 433 110 426 663 31 685 529 362 523 119 920 32 851 185 817 54 320 451 952 399 332 825 588 667 904 403 798 805 890 556 412 424 977 115 134 95 763 619 677 25 192 
19
0 19 45 52 58 60 63 87 93 101 121 125 139 141 161 162 168 185 186 
65 90
585 515 181 114 746 376 543 655 971 470 183 736 839 918 365 69 328 485 628 312 100 969 823 112 349 838 991 1000 52 755 834 558 5 694 536 378 970 777 941 686 133 299 466 387 409 163 330 831 937 640 620 383 366 477 685 994 827 757 590 124 677 483 149 988 767 27 334 231 454 79 938 103 223 390 605 271 429 336 415 582 481 639 7 568 494 661 160 394 789 847 
18
6 8 17 39 56 63 111 128 140 141 142 144 150 154 159 184 186 190 
66 100
413 355 707 206 601 100 763 262 911 279 674 578 955 621 64 732 906 116 283 679 995 309 196 642 10 790 248 587 982 34 508 271 723 407 987 448 922 385 422 275 609 232 900 229 44 545 527 861 311 478 979 812 505 338 962 127 795 928 336 99 436 16 569 332 777 850 813 43 403 514 742 909 32 822 357 190 974 342 27 361 805 647 146 699 462 220 115 374 383 216 315 394 728 412 687 529 33 107 551 156 
20
13 24 35 39 40 43 50 68 91 98 102 120 129 152 171 176 182 187 197 199 
67 92
272 105 606 860 526 544 601 768 434 388 722 72 967 532 38 303 145 883 463 429 381 302 811 653 21 416 918 49 295 128 437 832 490 411 300 975 373 413 914 990 489 16 183 102 45 713 805 972 419 253 921 6 173 507 793 571 254 157 562 752 234 330 664 901 739 405 802 134 666 332 165 288 475 328 662 483 316 503 139 496 394 561 959 327 184 500 605 772 671 153 282 449 
28
4 6 8 9 10 23 31 38 40 46 74 76 92 105 108 112 124 141 143 151 172 175 179 184 188 193 197 199 
68 90
997 70 905 440 106 673 506 765 844 748 156 66 880 32 145 980 217 709 375 566 487 122 984 194 244 7 229 703 283 678 160 950 2 971 181 903 982 18 721 816 931 500 834 95 262 930 144 921 605 326 827 621 495 416 732 890 869 948 711 878 475 823 452 689 453 954 631 448 532 31 640 877 488 704 537 230 63 390 548 749 916 415 582 371 609 858 524 558 854 207 
19
5 26 59 61 66 69 72 84 87 95 119 120 132 146 147 150 151 152 178 
69 103
76 831 664 409 576 372 38 958 877 543 799 963 852 626 793 705 623 790 939 438 754 763 95 210 477 916 597 177 888 983 789 825 157 633 712 374 474 808 74 311 533 751 138 973 736 569 332 16 490 84 312 479 321 952 636 794 526 693 192 857 146 313 981 586 897 62 343 264 932 360 26 692 100 890 102 339 972 735 528 133 346 777 905 180 496 995 661 819 898 922 254 965 78 412 926 940 45 665 164 178 444 49 635 
25
16 17 25 27 30 40 44 52 68 86 117 118 127 134 135 142 143 145 154 157 165 170 177 181 191 
70 93
384 664 497 331 215 48 452 210 878 500 834 333 105 439 774 771 455 798 47 565 802 973 324 825 714 556 38 334 144 414 581 739 465 424 582 820 819 652 336 123 360 527 543 42 854 775 846 719 385 51 886 626 663 149 483 794 4 357 912 717 216 86 124 267 100 601 646 250 751 198 128 207 466 836 902 349 16 508 165 332 666 34 818 484 473 206 39 540 66 24 471 137 972 
17
5 20 26 41 43 45 47 61 62 72 74 84 96 135 153 164 180 
71 94
704 640 8 245 579 913 776 223 15 24 498 567 763 95 97 652 621 987 197 543 701 193 35 272 775 414 377 614 720 391 154 312 985 168 511 10 958 457 487 768 809 141 308 852 685 967 132 882 548 47 284 269 348 361 27 862 924 426 268 532 300 670 38 758 591 607 876 143 477 3 70 119 408 909 897 315 481 982 146 462 778 155 283 784 352 772 438 472 524 327 661 569 722 555 
20
2 18 22 28 36 77 83 85 92 105 126 141 155 159 166 183 185 194 197 199 
72 102
914 747 65 232 12 567 436 269 937 147 611 778 444 979 311 692 376 850 15 652 810 977 740 72 492 334 508 666 306 69 787 44 281 261 103 577 220 560 536 35 368 402 736 435 533 700 556 423 186 687 152 310 429 596 375 542 41 338 4 162 51 729 562 339 948 474 788 386 54 528 530 343 489 805 965 96 791 632 465 298 456 708 207 984 509 342 242 917 838 617 10 800 317 484 941 774 537 616 50 87 521 995 
17
9 15 31 42 43 68 70 86 121 135 158 162 169 183 186 188 189 
73 93
35 870 942 775 933 617 469 970 842 605 289 526 990 595 839 171 250 215 452 619 168 446 367 324 403 51 719 141 773 299 758 682 524 194 528 765 629 295 850 840 673 5 386 16 127 256 423 627 126 460 325 413 246 941 133 467 754 499 645 812 180 109 583 125 960 802 46 714 577 96 330 409 913 507 473 150 111 946 435 40 909 742 728 895 331 164 85 58 559 543 464 479 312 
19
9 14 23 48 52 74 79 86 92 109 112 120 138 159 170 171 179 190 191 
74 109
384 305 194 115 282 226 393 631 297 443 285 579 850 692 525 60 726 331 498 773 940 272 329 162 563 524 446 163 479 716 693 192 34 772 271 666 599 469 627 74 433 864 196 354 720 52 669 61 228 623 307 474 475 369 870 916 888 684 183 981 787 353 854 373 633 967 800 848 681 839 614 447 280 244 653 529 28 160 512 345 740 733 101 268 110 427 506 580 185 264 923 454 193 430 825 304 67 477 82 3 849 181 881 964 174 30 235 323 156 
21
3 14 22 23 28 47 59 62 67 70 73 86 93 98 112 135 136 164 169 171 198 
75 104
384 331 805 990 213 371 538 850 759 465 131 763 596 262 886 552 570 412 470 791 629 423 196 275 824 319 161 933 775 617 143 220 852 536 62 667 704 468 635 802 252 568 770 533 375 272 105 160 809 77 472 957 790 383 211 44 694 360 194 361 226 10 232 82 416 574 343 641 975 837 515 569 332 977 230 898 882 389 135 688 320 557 524 507 340 479 434 768 947 446 409 932 106 774 923 449 291 341 675 438 43 268 347 982 
16
16 33 37 44 50 53 57 81 89 101 143 150 151 157 183 186 
76 96
385 730 96 583 248 415 498 381 429 763 982 481 709 191 586 339 312 408 566 792 476 718 244 86 243 791 633 341 973 423 863 942 231 868 97 870 703 861 901 32 664 269 325 175 843 816 500 187 352 853 143 306 176 510 343 975 60 615 141 748 489 550 580 914 839 512 986 403 738 70 966 465 67 146 796 629 462 881 407 960 599 417 751 556 635 889 968 133 377 230 941 674 44 442 16 684 
15
6 22 28 55 57 67 85 123 136 137 141 146 179 181 199 
77 88
384 826 492 194 695 345 424 591 678 10 635 556 128 286 941 774 537 300 248 618 381 619 340 24 329 13 724 408 403 896 267 888 670 78 224 892 418 827 116 175 823 665 428 112 936 67 97 454 928 630 289 210 920 854 872 538 839 4 526 25 359 147 385 95 16 608 475 216 346 680 48 215 804 918 584 547 126 627 196 864 506 688 776 609 372 816 333 500 
18
3 24 41 45 71 83 85 90 92 108 113 117 126 128 139 148 185 194 
78 104
653 486 561 60 482 203 726 225 647 981 480 942 608 666 165 511 443 777 628 962 226 59 894 858 542 632 778 462 936 303 619 693 614 61 725 409 129 287 20 855 633 448 685 417 970 338 672 505 176 368 289 156 378 62 457 196 765 200 548 311 645 408 714 881 883 716 717 51 340 247 531 183 72 437 103 771 455 327 272 427 111 699 365 254 965 491 418 689 355 533 293 126 794 352 273 106 774 142 617 639 7 325 158 316 
20
6 24 34 46 55 62 96 118 123 129 130 142 157 160 169 174 180 186 192 197 
79 85
882 717 383 243 76 577 827 590 512 354 344 502 455 144 680 601 838 953 811 315 775 854 206 874 373 689 869 444 286 74 742 300 537 247 90 957 914 264 819 449 607 903 320 952 541 193 793 996 495 161 798 84 418 497 181 488 96 420 86 244 411 375 208 549 475 791 457 555 506 272 105 157 658 843 651 150 387 276 984 905 923 589 255 135 970 
21
3 8 12 38 53 73 80 96 109 115 118 125 130 136 143 148 170 172 180 183 198 
80 84
514 988 153 580 246 463 621 690 512 244 721 958 405 973 434 582 769 101 891 730 809 163 904 588 466 132 686 789 655 181 102 918 427 928 464 965 373 428 595 990 516 704 240 483 896 562 864 232 469 752 12 527 694 225 586 419 103 647 591 758 481 314 561 265 968 652 772 438 596 763 966 354 855 332 408 505 110 556 890 646 145 276 777 343 
18
4 13 58 79 82 84 89 91 92 106 134 143 150 159 166 177 193 199 
81 89
723 661 289 196 51 446 780 39 985 484 348 938 189 959 489 415 20 970 496 562 641 44 755 250 751 85 954 745 666 69 904 534 850 60 257 925 424 553 831 664 972 471 544 271 939 612 295 532 504 67 186 861 232 74 370 444 18 240 617 581 247 815 147 542 937 603 858 524 7 757 933 599 969 17 184 776 813 156 674 628 154 953 452 619 777 775 608 27 422 
17
3 6 10 11 34 75 112 122 128 140 146 148 151 159 183 188 195 
82 91
809 642 208 524 26 360 618 539 205 460 473 236 645 487 568 647 124 455 771 852 336 725 962 274 409 242 37 538 933 179 586 744 174 971 102 831 32 109 960 869 368 289 684 787 736 551 466 800 185 145 757 423 386 588 324 138 240 714 233 918 774 273 679 281 43 874 39 434 638 370 871 546 555 388 338 496 931 764 151 819 986 772 167 310 556 389 769 268 444 110 611 
21
22 23 44 45 47 80 84 92 102 108 120 125 143 145 153 155 158 164 171 195 196 
83 103
769 101 936 453 399 83 417 568 726 296 630 138 639 806 217 619 452 755 588 644 663 189 49 977 688 693 377 564 722 503 169 226 747 629 528 845 850 139 107 777 443 36 537 370 203 916 996 328 838 671 707 39 852 17 890 21 958 739 405 576 758 257 494 99 475 64 239 514 817 340 562 596 86 754 950 783 106 941 390 891 970 114 669 116 408 776 541 245 538 705 547 174 971 136 980 158 790 190 524 603 490 156 52 
23
32 59 63 71 77 113 116 127 139 140 141 144 147 157 163 165 168 170 173 181 186 187 191 
84 104
289 456 297 965 819 652 20 851 61 228 281 755 588 304 972 24 735 629 816 649 983 333 166 962 369 49 365 523 493 335 967 19 743 190 668 413 747 457 288 51 540 777 698 619 285 264 422 343 611 58 13 724 760 259 549 94 95 170 205 873 918 250 417 83 320 969 526 192 154 488 229 430 904 985 195 324 341 662 741 144 450 877 42 926 704 959 528 41 371 538 436 770 435 355 513 642 475 113 781 544 386 720 553 621 
20
5 19 23 30 45 49 68 70 80 82 86 95 100 116 137 149 151 156 166 174 
85 97
997 377 524 435 815 648 147 334 112 952 785 618 608 775 429 563 229 156 893 749 257 670 336 652 351 272 384 30 346 3 872 831 673 953 456 640 8 719 911 143 459 933 700 533 59 224 66 890 938 679 662 996 200 367 87 922 430 764 748 950 1 475 238 365 760 253 411 16 327 214 29 898 934 201 941 239 72 388 975 639 562 728 412 967 750 944 313 645 979 164 331 220 870 536 747 79 486 
22
9 12 24 29 37 39 48 61 62 71 76 77 92 115 117 163 169 171 178 187 191 199 
86 77
873 557 21 554 633 463 226 670 993 538 222 143 797 7 345 616 357 153 627 901 563 970 812 267 2 871 816 335 888 84 562 360 497 23 615 248 736 995 724 460 704 230 942 547 207 96 498 577 79 917 601 611 35 114 225 533 612 770 806 569 754 635 744 191 428 166 719 176 631 954 243 480 455 549 233 751 514 
30
1 11 18 31 34 39 46 49 50 54 55 56 69 72 73 74 84 100 101 103 116 131 139 149 152 168 170 182 190 192 
87 90
8 482 148 128 918 49 717 239 476 810 220 141 475 742 663 284 916 915 777 303 145 546 880 177 917 838 996 601 48 60 800 351 193 746 264 588 922 975 808 474 487 268 936 188 346 373 531 781 386 706 539 144 1 502 565 486 203 993 32 257 333 384 204 538 371 260 586 112 428 420 198 449 745 819 472 938 103 577 76 569 941 607 273 688 530 400 391 628 962 63 
13
2 7 24 28 45 51 52 64 68 137 157 181 184 
88 106
148 315 33 868 200 157 398 3 161 495 295 533 217 375 18 853 129 610 248 415 877 42 285 646 652 584 563 45 735 188 509 308 339 181 672 407 126 995 47 882 155 945 611 851 738 580 438 368 693 359 526 420 921 27 194 486 653 280 948 711 544 149 737 811 477 942 441 107 423 150 818 63 51 130 952 360 637 697 934 340 173 932 765 19 502 335 685 132 272 940 606 588 922 480 717 683 850 613 332 806 791 333 259 620 286 677 
14
2 12 22 35 38 49 55 102 103 117 144 185 186 199 
89 96
529 468 228 950 792 476 634 133 227 394 728 399 900 986 196 864 77 778 620 225 216 383 857 877 531 215 184 96 658 491 985 126 284 940 413 580 501 116 617 905 848 514 832 869 972 343 844 881 191 524 296 909 575 74 742 496 663 850 929 414 967 144 47 381 760 650 492 966 789 473 793 646 233 837 169 503 688 758 925 257 415 155 172 673 344 378 420 981 480 574 73 693 560 680 95 472 
20
44 55 56 62 75 80 97 110 112 119 124 126 134 143 152 154 157 173 186 195 
90 102
305 428 64 231 143 854 19 87 781 818 484 150 957 947 315 417 584 83 51 198 356 857 220 348 914 124 959 406 439 476 485 318 475 223 302 882 381 433 191 692 534 981 480 893 419 243 577 825 114 995 284 793 688 170 725 330 409 954 620 452 322 489 39 749 582 424 257 607 686 700 728 320 760 991 989 154 646 312 894 578 754 420 86 984 817 95 158 37 703 375 217 339 296 630 583 546 230 862 335 168 389 547 
17
3 4 8 31 47 55 56 77 98 106 130 153 160 176 182 195 199 
91 100
802 723 222 378 712 773 694 527 147 314 228 598 97 912 411 569 727 994 836 198 334 925 767 846 178 652 511 353 24 139 123 641 249 91 486 309 908 868 17 728 32 85 920 886 385 954 453 295 927 374 5 874 96 430 892 813 655 181 788 454 898 639 607 370 76 778 918 83 478 538 662 869 3 595 891 171 245 922 547 695 769 268 160 555 2 212 713 456 614 71 633 466 742 74 487 153 944 981 747 41 
16
14 15 18 21 26 47 66 80 103 105 108 138 168 174 190 196 
92 88
941 774 960 626 965 579 726 849 348 718 174 3 838 759 917 48 806 973 936 897 739 95 596 855 776 812 144 176 808 169 985 827 358 284 514 699 198 403 143 571 404 905 720 386 902 145 864 427 501 264 27 550 414 5 449 133 947 426 685 606 858 226 542 391 892 971 102 488 83 162 424 433 778 444 999 218 139 45 713 861 732 359 693 37 705 535 34 869 
34
2 16 27 30 37 41 48 49 60 67 71 73 77 80 82 85 98 114 121 123 132 138 139 145 150 152 162 165 172 179 186 191 193 198 
93 94
88 255 756 878 544 720 417 250 338 496 997 408 909 74 435 731 17 424 90 406 726 15 94 403 70 860 19 137 888 554 739 253 569 231 399 932 458 543 320 654 524 840 844 955 111 787 550 413 603 269 102 772 680 606 273 748 669 705 37 18 185 808 975 555 531 689 459 794 126 205 316 279 315 552 558 77 303 229 969 653 24 223 666 16 350 495 662 100 267 193 785 599 46 879 
13
19 39 59 64 74 102 119 135 161 162 181 193 198 
94 110
457 536 228 562 781 113 280 465 551 429 305 973 806 138 420 899 556 320 818 28 769 936 620 687 817 223 539 38 460 273 194 823 692 850 878 246 357 524 761 603 601 364 71 367 200 674 437 712 378 300 963 726 810 476 889 221 555 160 373 272 105 139 974 252 586 967 1 335 913 987 910 409 962 444 311 348 111 52 323 481 491 10 955 454 844 853 686 641 474 505 97 284 758 514 922 637 196 332 411 224 619 408 566 780 365 866 846 432 359 638 
17
12 29 33 36 39 102 106 115 120 121 129 160 164 179 194 198 199 
95 84
468 438 939 166 890 811 922 764 553 367 701 51 385 738 106 128 286 365 73 231 512 68 383 778 945 234 792 160 95 560 894 820 157 970 851 957 456 78 913 374 224 150 387 390 724 539 348 858 190 584 399 808 215 689 503 336 837 874 325 826 431 615 773 529 362 836 695 898 63 230 880 248 854 687 766 608 947 613 640 139 882 214 767 609 
21
3 5 10 11 27 29 39 43 55 63 68 84 110 113 140 143 145 157 159 192 194 
96 85
678 732 64 487 709 41 103 735 656 106 501 817 469 913 948 911 832 173 674 129 252 586 887 850 160 555 965 531 461 294 940 272 193 299 783 411 707 267 556 983 482 70 457 791 199 594 743 767 897 28 679 47 715 371 608 91 86 165 1000 122 456 869 535 451 618 63 561 394 801 959 172 392 471 443 73 994 493 827 1 669 168 198 356 429 262 
20
5 25 39 57 70 78 79 99 111 113 129 130 139 143 145 146 152 179 184 194 
97 83
505 338 672 171 725 524 366 194 905 352 962 461 165 797 19 574 913 358 252 94 141 852 813 485 583 97 591 1 751 514 936 146 699 497 163 377 95 429 982 846 601 449 844 289 460 438 476 133 634 626 547 770 436 496 162 376 625 734 901 945 430 420 973 610 276 128 661 108 582 775 933 137 157 324 612 946 244 77 965 254 843 8 175 
15
24 39 44 89 99 107 112 121 130 148 154 160 170 175 196 
98 85
207 49 717 756 255 654 320 326 469 804 637 330 163 795 67 902 33 507 191 981 744 588 820 722 934 492 966 186 904 737 720 295 769 357 190 444 44 123 789 558 892 411 642 809 279 990 753 538 143 768 341 415 456 12 429 757 836 66 873 399 318 151 542 606 865 296 533 366 607 574 73 331 498 31 18 686 352 471 220 293 390 724 897 730 396 
23
5 8 33 45 56 58 66 74 90 92 117 118 142 144 151 152 178 180 184 185 186 197 198 
99 83
696 62 730 131 605 513 39 129 524 505 672 376 774 142 512 749 327 323 165 461 777 41 755 123 272 712 35 870 638 969 76 269 837 242 279 322 990 825 324 816 315 719 552 532 848 836 300 133 183 722 388 150 245 412 227 533 339 655 355 689 646 627 620 43 377 614 367 33 185 18 255 29 214 15 568 611 444 550 49 246 714 687 353 
24
2 6 8 27 28 30 33 38 43 48 53 96 97 110 116 118 139 146 148 155 165 166 180 196 
100 84
337 3 714 635 159 396 962 409 93 404 483 562 422 891 73 613 243 480 141 289 790 941 104 271 12 389 723 91 415 267 583 849 305 621 38 871 54 879 5 893 767 915 970 469 818 520 19 944 880 961 702 481 402 165 332 356 371 616 264 431 952 399 417 584 878 377 717 383 664 858 190 206 94 428 191 983 746 272 207 735 234 187 734 26 
24
22 43 57 59 60 62 84 86 106 112 115 120 122 125 126 128 133 141 148 165 169 172 180 189 
101 97
305 826 158 720 553 237 738 632 409 330 567 545 724 557 358 996 48 215 256 635 872 512 110 164 85 436 594 41 530 609 197 12 634 871 915 65 836 168 951 116 827 735 67 844 528 353 186 28 815 631 868 17 128 921 754 517 263 916 248 722 981 514 435 939 653 320 162 952 777 964 490 536 35 272 627 812 426 259 494 650 755 585 190 786 231 310 693 614 640 324 458 224 558 766 5 840 222 
18
7 12 21 33 34 55 57 64 75 86 119 122 126 131 138 167 168 173 
102 85
305 426 760 742 940 984 893 717 722 34 430 588 63 618 460 934 253 598 203 124 428 132 280 288 459 854 337 335 752 831 123 12 810 70 373 215 484 4 505 413 246 133 923 412 685 17 128 365 532 427 928 816 835 0 935 176 808 729 390 697 864 628 647 568 547 417 496 788 227 561 783 778 812 645 741 583 490 657 990 344 107 28 660 1000 763 
20
9 20 39 43 46 51 61 63 66 82 88 93 94 103 104 109 163 175 181 190 
103 91
305 895 969 109 777 567 725 503 52 526 693 131 532 556 415 257 90 485 985 283 116 726 252 854 915 414 56 293 767 245 560 79 338 834 444 286 996 87 922 254 910 576 418 940 105 597 263 897 152 820 302 461 303 607 18 808 325 88 510 455 288 713 871 704 123 958 271 438 930 471 552 44 378 536 694 141 331 498 479 454 707 39 191 77 235 640 306 320 153 697 864 
22
19 22 23 40 48 61 86 88 91 102 107 118 122 125 131 135 138 159 167 168 179 194 
104 86
529 757 234 285 279 408 909 40 302 354 855 444 523 128 918 505 386 669 985 906 432 116 97 987 871 501 896 745 605 44 300 147 700 621 442 35 868 915 581 922 326 958 298 771 694 852 589 984 115 205 873 96 886 41 303 895 969 25 16 95 428 7 569 402 305 639 399 232 129 610 986 652 790 948 498 404 848 27 361 343 510 677 371 43 225 743 
21
1 26 33 46 53 56 57 102 110 130 134 142 155 159 160 163 167 170 180 187 190 
105 84
673 840 506 468 969 389 456 930 693 156 235 736 440 481 7 205 100 446 720 9 133 411 496 101 357 303 971 697 327 412 491 886 141 269 90 257 627 726 416 583 509 193 12 407 63 537 0 17 852 685 242 163 998 503 688 428 499 666 35 703 940 711 43 638 507 6 391 786 433 749 620 543 207 128 368 702 70 905 897 739 646 488 103 547 
20
1 6 13 18 21 24 29 30 56 67 71 91 110 116 136 143 148 179 190 196 
106 100
621 955 215 57 558 87 228 544 210 73 407 547 748 581 897 660 28 712 89 775 809 771 197 496 338 367 490 569 595 230 341 566 812 645 450 524 635 477 872 538 679 47 837 674 507 586 285 838 394 906 511 406 880 373 66 303 29 151 819 977 893 673 656 155 972 137 797 365 918 576 355 21 596 909 742 469 627 934 99 20 442 275 412 375 770 18 492 720 571 738 923 808 474 316 723 632 131 77 358 692 
18
32 35 51 80 90 94 100 109 110 116 135 145 155 163 169 172 185 188 
107 82
745 411 578 244 923 459 775 607 106 207 602 523 279 990 42 472 546 926 722 586 31 641 720 878 423 757 670 783 282 635 504 3 850 955 560 67 284 618 460 100 890 298 983 35 687 158 10 1000 842 506 646 431 483 984 290 879 211 647 633 278 41 243 871 634 547 888 630 296 343 176 751 29 275 108 996 944 628 240 908 965 254 940 
16
12 23 24 50 57 62 97 103 125 130 131 141 145 160 175 180 
108 88
616 449 774 145 382 549 626 231 769 268 487 334 97 808 533 770 437 346 790 744 855 776 618 504 838 364 394 133 686 906 432 748 702 574 631 965 797 925 738 860 693 359 25 973 994 819 325 685 262 95 253 174 872 512 242 163 871 203 579 913 987 8 328 91 931 51 154 391 471 348 190 462 610 627 490 156 709 235 673 585 752 279 947 613 780 862 194 31 
14
4 11 18 25 50 67 77 82 91 130 136 155 176 198 
109 104
111 278 989 687 614 948 253 95 838 764 843 369 536 832 999 288 455 769 137 465 243 577 76 74 390 576 950 476 160 713 878 641 960 12 816 737 904 163 953 323 7 174 842 884 94 486 653 732 416 890 969 495 275 460 855 834 874 39 819 652 670 503 837 169 381 214 47 882 487 973 472 869 502 107 441 857 699 501 738 777 66 250 584 27 361 695 72 112 741 811 310 477 714 492 640 87 432 37 952 78 581 80 712 339 
16
3 10 23 73 79 102 106 115 121 122 126 156 162 173 176 187 
110 90
699 532 883 920 367 288 909 40 207 119 941 758 185 264 603 144 858 445 779 538 459 143 964 845 924 913 597 981 470 391 844 972 254 328 608 942 152 126 794 899 732 578 745 271 508 253 86 798 693 266 819 451 386 553 889 362 584 268 347 189 596 569 235 568 49 633 282 115 589 984 737 933 265 911 42 376 543 840 5 673 285 452 788 454 275 415 749 16 851 684 
24
0 28 36 41 43 50 54 89 95 99 104 105 106 120 123 126 128 138 146 149 152 174 179 194 
111 93
211 712 132 800 633 58 453 374 404 530 363 496 666 833 851 110 591 514 921 884 440 774 695 932 427 870 494 889 748 933 617 143 725 164 498 656 808 567 734 576 311 232 565 0 79 243 911 595 516 860 735 67 158 659 370 888 256 415 916 768 215 991 544 43 147 714 621 788 472 746 894 341 819 523 861 873 464 780 886 849 134 152 352 115 402 227 561 739 405 484 671 5 840 
17
4 8 15 24 38 58 61 65 96 115 122 124 142 151 157 180 181 
112 99
37 432 98 991 490 601 267 699 695 528 597 449 429 961 939 104 702 481 147 542 132 403 279 42 516 61 631 78 789 905 589 826 325 240 407 679 418 655 822 89 924 423 47 882 437 270 734 233 391 138 952 247 80 915 972 881 380 617 854 222 97 131 501 469 894 315 816 105 594 682 16 346 637 953 489 94 735 568 193 891 925 688 704 852 72 907 110 611 769 880 959 698 531 856 689 977 316 864 697 
13
39 41 67 73 74 81 89 97 100 177 182 192 193 
113 95
85 419 10 676 365 772 178 11 336 303 941 388 54 422 27 973 806 45 124 677 393 327 90 235 903 802 495 644 811 143 64 873 773 62 536 141 931 166 236 926 705 853 418 374 541 486 152 820 346 741 816 983 78 746 892 391 154 911 243 487 334 97 149 70 366 788 621 779 214 530 254 304 972 269 16 411 296 375 323 367 162 663 239 43 256 423 265 368 442 877 543 641 692 632 714 
15
5 37 44 47 55 77 83 95 96 114 121 132 153 177 192 
114 93
468 305 687 854 691 741 407 81 248 722 539 21 355 435 981 502 694 931 630 797 86 15 805 972 437 577 911 60 904 320 715 557 426 945 110 852 685 843 290 93 409 621 979 812 64 366 550 884 216 105 772 219 443 838 528 84 716 558 67 699 6 419 85 644 655 62 396 914 661 785 232 176 546 712 44 264 256 265 98 303 66 547 429 679 317 484 790 632 667 333 254 36 537 
19
14 19 30 31 32 35 40 46 55 61 62 92 113 125 126 129 132 164 180 
115 99
384 997 820 486 235 320 897 396 739 265 971 339 862 481 294 962 409 646 479 545 17 775 134 617 450 672 514 48 455 850 558 375 533 881 555 937 18 407 240 872 661 424 898 921 836 125 880 959 534 200 322 990 358 261 964 890 279 446 99 415 408 961 645 427 500 611 19 809 843 606 325 720 9 837 679 451 939 860 791 67 76 744 981 449 133 78 245 631 798 877 517 252 471 805 711 717 49 128 491 
21
2 7 18 52 79 85 94 100 109 111 123 127 128 151 156 161 171 181 188 189 195 
116 91
417 918 955 788 819 151 856 894 869 790 716 484 809 16 964 174 411 77 235 156 562 799 739 184 816 231 585 506 936 383 778 945 76 787 609 133 923 975 607 106 27 695 63 100 267 6 674 990 358 680 12 170 419 596 704 616 783 697 561 403 645 13 487 386 97 594 365 124 366 921 837 600 157 78 870 90 793 73 240 211 470 283 371 385 399 610 614 281 810 476 713 
18
20 28 51 57 83 84 86 99 105 106 122 128 131 157 167 172 185 191 
117 95
529 305 997 983 649 114 261 742 408 252 331 665 832 244 77 534 771 490 736 569 403 958 791 247 80 256 145 171 6 239 792 713 580 106 469 311 597 425 346 229 861 650 729 147 735 234 945 464 859 937 436 139 974 473 151 685 175 87 755 254 210 16 684 54 960 677 704 370 203 993 422 923 756 962 637 242 846 943 609 468 134 460 381 48 19 353 438 655 248 449 282 616 283 146 620 
19
26 32 38 55 56 61 69 77 85 88 98 118 123 133 134 138 157 169 184 
118 100
997 545 965 477 872 793 996 662 478 982 815 334 501 937 436 789 414 695 528 658 752 355 671 693 377 419 530 609 532 62 773 105 940 890 969 416 907 189 505 855 65 646 312 340 6 957 155 367 836 678 775 34 368 591 90 257 415 731 889 832 164 665 358 191 283 450 64 231 487 408 343 975 224 303 284 111 332 174 95 374 541 58 392 225 787 620 282 123 86 423 795 991 132 417 77 765 548 390 316 984 
25
0 3 11 26 30 37 49 57 63 69 78 79 98 99 103 117 121 124 133 141 149 156 159 168 191 
119 89
259 593 868 534 157 658 794 304 805 719 877 914 840 723 486 43 754 489 252 948 498 726 893 190 111 693 35 512 180 417 626 922 983 148 325 492 733 566 84 558 930 95 687 862 194 984 505 697 618 539 550 1 317 732 70 198 830 668 501 185 255 422 808 975 446 736 657 765 45 880 169 2 358 700 226 374 620 286 453 364 285 206 601 521 594 928 455 497 181 
20
0 1 10 12 27 68 89 93 101 121 122 124 131 132 145 173 176 181 193 198 
120 117
529 555 111 628 227 543 933 617 450 353 57 725 355 367 33 868 34 368 702 40 374 240 642 800 583 917 416 139 213 881 960 953 72 151 625 433 883 439 123 695 63 817 264 501 181 169 2 150 861 890 693 540 971 303 655 488 147 180 770 185 352 905 417 751 165 454 788 955 231 313 647 252 358 363 844 774 941 942 608 871 203 45 411 490 95 724 408 487 171 92 426 31 737 904 746 552 719 229 730 225 211 747 246 79 711 553 523 11 178 415 324 491 304 972 808 939 977 
21
32 47 66 68 73 82 94 100 110 123 136 138 146 164 165 174 180 181 183 185 192 
121 94
859 203 282 709 894 262 660 713 880 397 898 259 566 141 325 483 802 951 477 958 587 745 873 719 245 640 751 716 963 1000 588 755 606 439 718 567 121 789 700 903 68 224 776 609 451 330 831 357 54 555 779 111 327 562 395 632 413 580 669 663 505 386 621 454 849 206 280 229 184 582 82 416 583 130 944 565 231 152 204 441 256 200 33 925 591 986 355 96 194 695 392 471 489 656 
32
4 10 11 14 21 24 25 28 31 33 58 64 72 92 94 97 109 113 118 119 141 142 145 156 157 167 174 177 185 188 195 199 
122 90
252 85 164 559 522 917 781 723 556 407 295 462 768 531 452 229 36 984 495 653 337 441 994 124 914 931 852 378 985 915 748 445 669 1 18 492 143 459 500 727 321 637 744 485 465 966 298 8 974 640 955 402 214 941 282 783 533 162 907 591 944 628 780 992 825 861 360 193 973 809 398 916 585 178 198 672 283 450 404 794 627 264 27 409 567 456 289 584 356 857 
20
16 34 49 53 81 100 101 103 109 111 116 119 128 148 164 165 170 171 181 188 
123 108
605 314 226 958 87 877 507 6 981 944 372 899 732 565 741 240 574 890 86 239 871 516 182 992 863 362 626 125 960 579 689 57 234 155 392 750 375 880 265 749 354 210 494 433 99 600 679 577 612 111 427 822 455 498 999 331 261 94 285 680 693 359 192 34 170 297 798 818 484 150 948 572 967 424 977 198 830 383 901 567 469 627 483 325 523 571 729 255 966 645 603 190 524 106 193 584 332 806 885 613 780 554 220 536 471 972 137 638 
14
4 45 76 78 92 110 115 117 120 131 166 177 178 189 
124 102
395 310 152 738 659 886 807 200 701 464 29 530 266 661 750 434 195 20 220 888 782 281 597 931 585 32 472 926 452 7 564 120 357 574 495 176 509 65 460 776 317 475 878 288 209 736 894 589 774 630 964 779 751 783 972 862 528 890 723 12 799 298 131 447 289 947 279 313 461 272 606 527 971 189 670 591 891 259 180 214 24 692 191 60 561 904 403 247 778 708 875 838 443 459 793 252 391 438 201 165 833 216 
20
2 9 19 33 49 51 58 61 63 67 89 111 118 119 131 133 142 158 161 185 
125 89
384 872 37 371 687 353 650 774 273 365 198 30 583 5 637 229 861 193 45 677 282 950 171 911 381 873 794 557 937 700 779 863 626 741 574 21 703 870 150 317 643 142 55 940 773 328 423 843 67 704 370 888 613 929 909 435 394 983 315 915 589 884 800 837 1000 358 24 156 341 420 375 560 617 417 528 27 914 580 665 972 137 638 480 163 497 48 66 298 720 
20
1 3 23 27 31 37 62 64 79 82 100 103 107 114 129 137 144 149 159 195 
126 112
707 385 353 520 944 109 699 810 309 897 581 705 700 32 908 118 619 629 641 975 679 267 504 838 583 655 485 158 723 328 495 994 394 123 931 597 156 621 788 50 429 725 646 918 22 523 760 839 21 714 398 586 85 137 675 842 921 992 324 740 2 428 94 555 388 546 664 506 190 647 146 183 192 25 765 642 800 10 89 481 340 650 255 594 603 436 214 688 742 38 591 117 514 871 537 783 616 165 332 940 412 579 746 983 232 65 566 176 343 680 947 613 
22
11 19 34 49 50 53 61 71 77 89 100 101 109 110 114 132 159 163 169 170 189 193 
127 97
280 125 283 441 743 75 319 714 615 114 62 730 68 867 533 238 119 453 121 42 539 986 618 117 354 968 634 160 262 104 719 8 726 296 815 481 999 798 130 24 182 938 326 958 868 805 304 638 85 636 557 320 184 833 814 480 981 759 996 802 416 603 35 272 669 748 169 64 193 360 755 253 864 381 548 627 426 760 918 295 128 273 774 764 172 108 898 546 60 553 632 711 210 758 345 679 496 
15
13 28 38 55 69 83 115 131 134 135 139 144 155 176 189 
128 88
40 672 830 496 329 117 413 349 58 680 489 406 653 100 337 497 102 937 384 700 289 432 353 906 795 874 47 521 995 300 616 112 780 930 257 738 923 960 529 590 256 181 849 515 922 771 873 193 746 8 778 699 445 742 816 994 204 476 431 818 879 44 468 471 45 510 677 474 104 658 992 491 842 508 824 490 81 582 898 232 689 584 250 417 24 498 549 48 
17
6 16 25 51 65 77 81 100 110 115 116 122 132 142 145 146 179 
129 102
468 288 227 561 728 10 293 265 432 568 647 595 632 462 548 381 582 916 503 443 285 452 554 396 100 890 574 172 567 330 197 215 926 373 333 886 334 942 143 310 614 459 626 960 848 58 774 300 537 535 34 745 268 693 526 747 352 905 855 390 557 663 162 717 366 365 927 760 312 983 909 585 325 641 957 228 386 391 892 224 427 594 910 257 72 54 534 947 141 913 353 175 843 205 110 945 915 833 402 296 630 472 
20
0 1 32 41 51 60 66 78 94 96 114 125 136 146 148 159 174 184 188 199 
130 87
384 596 763 930 194 431 97 441 274 871 2 588 904 105 974 842 805 15 568 827 37 970 22 101 936 225 146 111 743 777 366 700 858 811 669 335 967 76 90 328 84 284 987 738 244 886 175 767 609 275 149 556 80 154 416 583 267 546 692 863 28 561 491 324 436 557 162 472 630 788 587 883 330 928 616 221 924 128 295 611 465 799 167 714 380 898 938 
21
5 12 28 35 44 48 78 79 90 96 97 104 107 108 134 141 156 168 185 193 194 
131 104
645 812 979 387 679 512 196 903 235 856 21 303 190 193 694 509 931 336 7 174 281 242 910 800 333 504 452 279 437 534 139 42 376 456 377 210 182 774 528 695 63 942 915 405 906 14 54 388 880 959 483 655 813 283 116 450 551 50 339 840 567 901 661 977 143 642 809 428 653 579 4 162 41 418 752 789 631 180 848 806 253 693 359 438 474 451 609 565 960 793 857 6 717 155 589 115 826 686 352 344 751 40 176 583 
24
1 18 25 35 40 44 59 86 101 103 107 116 119 123 124 127 134 136 138 154 165 187 189 191 
132 114
468 413 997 955 244 597 834 281 634 377 544 507 6 340 932 858 357 305 806 424 591 618 451 688 840 557 891 338 171 982 527 843 509 16 746 60 335 967 220 773 334 887 304 857 936 89 200 279 817 975 2 336 148 938 207 620 286 365 74 742 778 444 110 797 267 98 933 230 476 309 415 749 512 662 161 872 477 736 420 253 763 677 282 756 186 107 51 577 59 849 987 152 102 487 39 874 831 752 594 985 150 703 571 738 404 475 730 396 637 804 646 145 24 692 
19
3 5 8 20 24 26 34 38 48 68 92 113 114 119 126 128 137 170 197 
133 113
997 852 694 595 911 52 210 377 921 882 715 557 891 2 151 225 146 495 662 886 385 296 198 642 475 938 436 269 411 774 607 635 601 267 109 828 433 457 62 303 617 816 874 479 163 627 961 460 855 892 928 260 271 900 15 889 297 805 304 8 877 472 709 834 333 512 846 883 671 190 524 851 693 628 233 159 317 633 280 930 596 747 246 483 582 954 286 27 501 431 264 765 550 234 203 869 641 474 881 114 848 959 588 922 757 423 256 789 112 507 700 621 955 
17
11 17 20 40 53 61 100 117 118 124 134 154 170 177 182 192 199 
134 106
229 220 206 452 786 953 371 37 687 577 33 367 473 139 552 886 441 96 430 73 815 963 259 180 737 904 272 35 369 211 869 711 652 244 639 165 560 226 468 969 416 415 81 634 239 740 476 977 659 822 422 589 959 637 971 686 853 932 844 176 808 203 27 695 361 862 546 829 831 527 360 857 561 6 954 480 302 469 839 42 437 613 279 196 169 670 269 603 451 433 767 293 925 562 532 374 881 380 669 335 256 28 317 123 791 280 
18
3 24 33 43 58 69 80 89 104 117 127 130 131 133 145 155 182 195 
135 104
429 930 89 629 963 462 1000 75 242 470 303 54 889 151 652 485 103 771 60 990 489 15 94 434 355 450 716 5 338 739 107 907 749 398 872 798 3 504 104 341 675 359 912 125 577 363 205 284 735 67 664 901 427 898 269 603 649 552 886 738 627 311 903 646 300 695 127 285 16 90 408 417 250 542 357 752 124 203 413 914 414 335 59 466 950 49 453 620 286 211 843 527 433 99 810 35 870 323 432 827 778 277 435 711 
17
4 13 26 69 70 72 74 93 103 106 127 153 156 160 182 183 188 
136 86
305 356 690 523 40 541 408 883 531 419 641 664 697 6 480 128 796 675 754 231 389 334 571 816 482 877 719 403 172 673 451 680 601 996 495 195 748 580 211 432 933 837 995 736 997 162 954 453 95 885 761 486 960 671 178 41 375 269 436 603 770 844 484 804 470 786 154 783 756 367 534 33 112 428 465 301 635 872 82 931 430 527 193 4 171 250 
26
0 13 16 30 39 41 47 61 74 76 79 105 108 120 129 131 137 143 148 170 172 177 185 191 195 199 
137 100
730 563 786 883 48 716 443 217 314 709 909 408 525 817 3 161 495 834 333 246 677 176 131 526 67 699 611 541 374 574 554 645 13 165 955 560 954 552 32 700 63 20 415 582 819 740 931 852 527 861 694 774 273 440 581 124 792 634 818 484 174 16 637 558 76 629 102 497 23 724 891 262 114 669 827 906 284 794 83 728 561 820 752 200 528 47 214 846 726 94 884 331 665 289 456 790 697 864 334 18 
21
11 16 17 19 28 30 33 35 42 45 52 76 84 87 125 132 136 141 164 180 186 
138 97
950 555 947 112 236 904 614 852 17 62 457 546 212 510 844 642 901 962 14 433 40 235 494 327 485 371 874 242 128 831 21 811 571 439 281 893 937 211 712 860 735 67 171 338 663 426 145 224 853 352 774 273 834 500 966 131 763 283 528 588 502 451 533 459 323 332 850 532 848 723 501 748 985 489 647 173 768 752 919 524 956 245 974 640 586 191 43 154 662 170 504 324 491 925 758 98 183 
28
1 7 10 21 45 46 52 58 73 91 92 101 103 110 117 120 131 139 140 160 164 167 171 175 186 196 198 199 
139 100
955 370 190 160 661 345 424 758 439 211 879 588 419 710 919 84 798 297 155 673 339 5 808 69 3 225 857 470 433 986 275 730 256 19 74 232 780 446 268 954 787 453 717 884 146 480 647 970 533 1000 52 553 869 663 830 20 705 538 593 760 128 247 185 534 139 771 939 623 388 572 405 906 784 116 17 60 728 145 646 479 953 724 428 948 280 517 768 404 441 774 932 235 984 694 583 845 344 818 226 192 
25
5 29 36 40 42 43 47 50 64 77 83 86 92 96 99 127 138 140 150 155 156 170 174 182 183 
140 83
214 969 301 895 500 514 38 795 637 415 20 304 457 346 188 262 973 104 589 996 893 243 577 744 640 603 919 384 941 907 72 86 621 955 797 886 518 17 360 527 729 924 602 49 750 197 826 659 97 264 782 297 692 317 396 122 790 316 2 113 338 430 235 393 265 98 377 878 404 580 246 167 109 610 944 687 19 520 204 370 15 173 247 
20
4 12 21 34 45 50 51 60 65 81 83 95 138 139 155 157 161 167 177 197 
141 87
40 374 928 375 658 548 153 42 789 227 394 443 970 417 918 760 304 620 67 735 340 545 563 730 797 226 43 300 596 95 947 613 909 484 651 317 80 931 387 220 725 889 415 1000 102 488 655 932 97 685 132 807 640 85 144 370 272 716 868 367 740 147 982 903 914 73 389 611 91 851 183 294 609 688 265 162 794 643 327 155 392 629 312 480 981 349 15 
30
0 7 8 15 33 37 38 55 64 65 67 71 76 83 100 107 118 121 130 137 143 144 155 163 175 176 179 185 186 190 
142 101
827 493 854 520 19 898 230 740 907 607 905 589 283 868 315 947 473 739 749 275 310 477 143 227 810 652 968 544 149 939 772 61 229 703 870 330 641 799 632 79 938 437 860 693 25 523 5 671 197 134 746 904 47 697 105 295 769 770 937 451 952 557 457 694 527 132 849 348 376 472 595 762 110 663 565 327 90 541 171 594 335 409 576 851 684 623 289 554 721 86 176 677 862 783 165 666 224 619 717 902 665 
17
8 9 50 65 69 78 98 104 111 121 124 128 161 182 185 194 199 
143 92
670 737 579 811 644 647 331 273 431 967 98 375 542 378 563 141 642 958 168 596 357 325 85 550 717 881 844 972 864 975 185 902 780 947 112 882 247 915 952 408 909 514 983 31 699 754 921 995 205 758 90 819 485 797 99 178 889 728 491 110 444 242 869 648 366 144 861 68 235 565 64 617 25 39 799 298 186 664 497 919 418 840 339 567 66 635 134 171 505 338 248 582 
18
15 60 67 69 75 79 80 82 89 95 96 105 136 141 149 160 173 181 
144 97
384 441 274 738 905 378 450 435 101 769 722 537 370 36 94 693 526 977 670 565 346 648 878 88 197 39 592 926 588 825 509 492 953 725 883 745 350 856 895 227 69 385 646 312 239 402 165 160 661 798 631 200 868 757 432 985 37 273 440 366 100 257 582 415 897 971 446 335 888 981 800 95 763 111 319 635 714 124 291 139 771 966 632 808 474 232 126 348 849 31 724 250 83 304 638 29 697 
13
37 65 83 88 98 125 127 141 146 147 149 153 170 
145 97
707 468 910 651 432 808 475 554 152 820 693 456 508 837 430 597 178 548 381 514 54 765 686 979 490 569 917 996 954 735 893 340 24 261 619 247 610 944 154 981 8 956 857 877 376 327 168 1 335 502 344 687 832 145 980 346 847 513 601 434 550 243 76 945 471 890 811 574 102 971 84 934 881 960 538 360 123 986 749 354 578 973 631 315 816 779 871 634 158 79 339 840 399 936 769 417 422 
22
1 7 14 37 58 63 69 82 92 95 96 106 107 119 121 128 134 151 158 181 182 199 
146 95
707 832 665 674 938 771 916 415 562 88 422 255 80 247 723 141 658 421 974 342 378 44 7 323 17 775 634 114 931 430 667 933 98 19 730 897 344 267 741 798 58 726 101 767 334 223 655 497 330 813 145 66 383 587 357 427 515 348 315 352 115 577 466 703 940 670 354 84 619 953 621 68 917 48 12 680 909 90 201 143 811 885 902 997 162 552 51 21 355 25 526 52 131 987 486 
22
14 17 62 68 76 81 96 99 110 120 128 129 144 155 158 171 172 181 187 193 194 196 
147 91
707 381 214 968 467 232 311 979 89 405 504 899 230 597 26 974 913 579 885 648 964 279 823 489 902 568 744 410 884 241 4 171 487 223 302 196 55 536 773 910 409 784 116 283 854 965 485 986 151 840 268 9 768 394 42 710 932 708 370 36 848 137 845 177 16 517 246 747 79 261 420 271 605 110 444 574 407 623 549 789 455 361 843 509 633 226 156 479 492 18 185 
9
7 39 68 83 144 163 178 188 199 
148 92
468 696 545 135 609 275 776 258 732 743 923 770 577 243 180 101 693 965 40 338 672 963 884 891 223 3 671 227 60 618 284 982 666 933 163 84 716 547 993 835 608 775 942 107 581 898 50 931 339 892 711 43 746 704 809 402 244 902 428 132 298 465 281 392 336 20 480 482 630 371 204 989 41 542 508 174 470 721 183 684 92 194 749 316 650 106 774 267 601 996 917 737 
20
6 8 16 23 42 45 77 79 81 97 99 100 105 122 129 136 154 158 191 196 
149 83
542 858 88 799 717 676 44 518 415 427 353 116 48 289 763 844 133 861 229 203 502 169 72 282 115 826 984 655 181 145 892 224 123 958 631 466 967 671 170 597 96 392 401 735 258 811 845 330 786 979 160 713 541 374 922 356 689 768 679 776 25 389 705 86 639 180 259 666 288 200 832 445 112 448 114 895 399 636 794 320 706 539 873 
16
8 15 19 21 25 33 84 86 110 118 125 143 144 162 170 185 
150 91
707 3 170 73 544 210 368 840 506 664 831 497 633 814 128 629 925 812 180 799 226 47 916 639 296 797 402 94 489 279 854 571 176 525 768 689 583 193 667 507 367 33 371 223 38 359 192 440 101 268 320 83 439 123 495 969 827 975 567 898 306 950 987 67 523 857 356 419 252 85 418 862 194 88 589 817 984 552 69 737 376 62 563 611 453 972 137 374 35 536 870 
20
2 20 29 37 38 54 65 68 75 80 92 139 152 163 164 177 180 183 184 190 
151 100
413 774 941 273 352 653 486 375 938 771 103 419 252 52 620 699 711 632 674 6 279 415 434 592 197 444 939 70 781 892 855 776 213 755 834 984 164 480 638 796 312 554 712 885 996 635 356 514 114 746 240 574 48 716 883 49 550 76 994 751 417 891 101 784 634 160 950 32 269 190 469 232 90 408 171 193 861 565 910 752 808 975 775 877 719 955 394 315 631 965 318 986 335 168 47 341 508 77 860 359 
23
11 12 21 27 41 46 48 67 68 75 81 84 98 111 115 145 156 162 169 172 187 190 192 
152 103
826 158 691 190 858 524 305 978 435 198 830 997 339 707 211 843 703 299 457 906 739 161 240 617 801 688 846 969 179 755 341 183 815 809 19 335 754 732 231 204 29 817 892 558 262 95 964 112 919 660 582 916 837 4 505 666 109 777 443 716 549 382 48 105 272 21 355 404 79 948 42 541 124 868 157 686 853 934 939 544 965 665 498 164 243 584 918 417 295 554 871 548 728 561 884 638 805 862 486 560 693 228 61 
17
19 23 49 57 66 68 86 89 92 96 98 110 150 172 183 196 198 
153 96
384 62 694 378 141 254 755 664 585 919 271 104 34 608 206 680 452 118 619 285 946 534 850 297 776 302 204 524 366 265 28 915 581 109 583 541 462 936 799 537 695 754 997 329 882 773 905 70 42 877 640 359 192 526 957 289 1000 975 808 461 489 647 627 74 812 685 124 607 923 284 100 848 453 244 955 945 67 234 967 430 263 737 227 634 288 770 151 558 341 226 626 547 574 73 240 906 
18
4 30 39 40 47 53 70 82 90 113 135 144 154 164 168 177 182 190 
154 84
748 414 91 258 12 903 621 226 843 527 107 441 204 186 687 123 281 664 980 195 595 934 302 832 164 555 476 147 481 444 550 106 633 870 284 568 408 852 556 260 102 842 78 244 411 851 571 219 386 623 197 51 87 115 431 129 653 805 137 507 303 470 409 317 150 443 48 948 39 874 339 5 405 689 294 993 45 203 704 537 809 533 921 587 
24
9 20 35 42 45 49 55 62 63 65 69 89 97 131 133 148 153 155 165 168 187 194 198 199 
155 93
419 172 209 543 376 298 693 302 460 627 265 264 932 115 490 886 175 254 867 635 240 714 872 909 988 217 454 335 836 256 757 823 902 467 985 748 151 652 20 884 329 193 114 940 10 546 713 88 70 404 905 340 94 929 626 784 481 111 808 124 361 926 768 637 524 152 820 732 584 938 358 910 576 196 611 315 104 183 517 508 180 259 805 471 787 76 243 981 480 58 225 472 806 
23
5 18 34 42 44 62 71 82 99 104 106 108 127 134 139 140 141 146 154 179 180 186 187 
156 98
89 590 563 396 285 953 716 549 5 840 163 664 865 822 300 736 341 174 921 211 28 888 19 597 845 134 422 896 987 415 889 810 823 981 553 790 161 234 581 414 915 323 850 614 972 832 744 76 577 911 962 114 225 778 112 780 963 606 439 940 360 861 78 571 645 408 85 603 407 926 38 797 964 16 806 528 626 942 542 709 524 357 465 317 475 633 390 548 857 189 29 275 108 919 418 181 66 734 
16
26 84 109 115 118 121 130 135 139 151 162 164 183 188 191 195 
157 95
44 77 617 64 732 231 189 857 4 103 107 942 552 424 642 549 229 782 255 808 176 678 197 73 104 693 42 877 507 112 428 191 744 136 432 390 232 262 95 16 469 302 970 185 853 352 417 250 645 213 8 676 306 170 960 723 451 461 920 365 849 375 884 588 272 669 1 870 205 126 47 600 161 816 248 623 149 316 894 560 611 406 907 409 488 163 418 815 982 508 666 164 978 477 143 
25
0 13 14 41 48 61 69 75 78 83 87 89 95 111 116 117 121 140 158 171 175 183 184 188 198 
158 101
420 253 661 664 585 251 527 296 405 906 326 879 563 730 62 229 354 433 99 547 271 939 280 402 333 5 558 338 496 658 974 473 78 894 262 783 862 699 304 851 377 858 298 632 719 254 87 793 990 911 916 679 2 837 134 937 770 778 945 481 147 982 40 909 854 774 273 343 580 853 185 926 645 144 466 765 562 1 317 713 45 748 768 267 174 750 723 92 426 821 368 289 141 285 443 472 665 409 860 149 650 
18
1 31 34 55 72 82 124 145 146 148 157 159 171 172 176 177 178 194 
159 85
707 870 536 93 19 872 685 315 915 994 846 591 149 586 507 294 269 524 190 158 711 964 54 449 950 777 162 450 116 596 930 501 404 799 903 174 842 361 413 747 264 932 744 243 111 946 64 360 699 146 304 137 442 59 560 806 639 898 542 415 906 405 168 49 884 94 183 192 25 72 151 220 760 259 812 144 333 339 5 752 919 84 215 716 48 
21
3 14 25 29 32 33 65 71 73 80 81 95 103 104 118 125 126 129 158 170 172 
160 83
707 839 584 979 812 945 550 440 677 403 87 340 596 977 671 486 388 862 151 711 632 474 845 450 375 709 291 848 180 365 780 357 109 769 435 469 232 288 223 460 423 725 712 786 638 573 694 412 96 623 70 905 132 761 506 689 926 163 497 409 242 576 655 642 396 563 168 155 489 932 537 98 982 508 368 18 826 492 25 973 272 114 626 
19
6 24 32 35 43 78 90 94 97 104 107 135 138 143 164 169 184 190 199 
161 109
529 919 191 677 9 343 825 324 641 632 298 948 413 79 580 671 996 161 145 793 679 846 712 545 576 242 558 569 806 954 278 436 831 970 891 175 8 728 561 87 226 771 74 858 524 931 440 774 635 969 489 823 155 340 261 568 234 735 900 818 582 819 977 864 530 189 523 128 542 375 594 928 185 817 659 826 158 578 104 815 789 631 109 583 331 832 72 591 38 433 685 855 596 494 881 653 486 371 449 116 405 958 800 289 921 52 377 70 571 
19
13 17 23 31 36 39 49 50 64 93 115 124 140 142 169 170 183 186 192 
162 80
468 416 210 131 480 813 933 637 716 302 724 223 534 551 630 129 376 877 729 359 124 282 845 514 155 444 918 767 170 671 597 834 439 385 533 178 749 957 772 585 190 154 44 545 508 666 745 996 608 107 441 204 483 316 862 812 559 893 24 331 805 232 756 589 422 677 343 961 126 855 521 257 90 327 661 349 16 490 910 346 
18
25 26 36 45 48 61 64 72 92 93 109 149 151 156 167 171 174 182 
163 115
700 911 595 942 994 367 683 15 543 385 104 939 494 178 419 116 450 454 630 964 468 635 871 203 45 639 481 444 642 484 923 133 300 132 290 142 695 699 936 146 434 197 492 948 900 565 671 170 664 72 4 794 126 284 321 987 152 143 944 716 549 315 473 446 947 873 205 38 436 910 984 593 760 991 875 127 461 250 180 430 43 878 246 754 253 808 641 307 229 861 359 860 192 745 403 819 596 930 825 491 343 501 959 378 220 888 813 295 453 407 741 638 471 392 234 
19
7 45 46 56 59 83 85 102 104 106 126 141 147 150 166 168 172 180 185 
164 92
933 737 904 114 983 314 793 240 365 198 699 31 330 565 110 295 848 58 893 261 419 610 498 331 294 461 224 385 987 434 427 971 194 46 869 233 901 567 882 638 304 954 620 884 383 436 172 673 952 245 619 953 242 157 133 765 955 104 894 420 921 915 414 247 879 394 728 386 149 817 106 739 186 95 21 703 250 751 494 112 371 542 555 239 468 942 123 334 808 404 70 571 
25
13 14 17 27 35 52 60 70 74 82 94 114 120 122 137 138 150 153 156 160 172 173 189 190 195 
165 122
6 674 340 86 305 472 880 546 388 490 947 631 4 953 619 242 12 328 616 449 63 397 64 178 512 183 500 834 421 707 540 753 2 792 570 904 676 843 761 919 799 298 773 141 642 803 250 655 665 191 531 610 136 804 725 782 694 861 624 195 354 828 344 150 651 818 793 811 638 46 683 549 382 271 575 945 445 612 384 217 849 536 202 369 526 693 456 640 956 877 376 771 352 589 422 232 776 645 812 311 144 905 738 571 492 286 49 760 523 528 539 205 663 901 621 190 858 113 614 280 392 726 
14
13 32 53 69 83 92 99 100 120 122 131 154 179 198 
166 93
725 786 775 854 520 143 617 328 565 802 969 134 557 204 705 76 777 505 414 415 230 941 73 626 383 420 938 133 765 360 202 302 618 688 354 697 196 95 332 3 411 77 862 194 543 877 324 432 364 331 164 252 586 85 685 88 51 532 169 601 434 869 473 789 344 845 108 126 200 681 180 435 340 858 576 21 456 752 208 386 307 693 359 664 673 506 348 849 32 533 436 770 554 
21
2 21 24 26 37 46 48 55 58 60 61 71 80 84 99 123 163 177 182 190 192 
167 91
567 28 660 247 879 168 563 642 317 762 503 670 639 357 613 95 16 650 97 492 911 674 259 812 296 469 728 254 855 934 907 720 88 873 975 474 100 890 416 894 853 954 85 214 162 997 832 164 331 67 462 968 810 893 811 477 793 161 403 109 741 35 509 368 889 54 294 461 693 861 256 333 834 281 358 191 751 672 31 105 820 152 235 156 370 871 203 353 174 675 7 
17
6 21 25 34 43 57 59 101 103 104 116 121 138 140 162 189 195 
168 83
529 864 530 309 94 963 149 228 466 407 249 565 802 91 328 343 902 58 687 19 98 32 831 664 143 479 6 208 919 296 129 246 641 808 18 396 159 166 640 566 370 217 885 214 794 293 870 536 680 106 607 273 194 361 695 552 188 341 215 549 69 798 464 553 237 274 903 545 44 755 597 23 181 14 911 358 525 891 487 654 523 49 839 
22
18 23 34 38 57 60 61 62 64 83 86 91 101 103 118 130 153 154 163 179 184 194 
169 95
707 529 384 396 897 344 449 15 552 506 5 585 438 772 611 662 44 360 913 903 681 383 146 541 493 827 432 748 590 99 20 839 171 408 74 851 8 500 263 890 812 501 264 343 652 485 415 248 801 995 758 574 240 869 324 491 640 807 637 671 70 192 860 357 780 729 437 103 674 340 330 91 376 302 902 191 709 154 558 391 224 323 165 305 639 138 952 162 663 452 355 689 141 957 289 
19
14 21 28 42 61 72 74 78 85 100 106 117 126 151 160 161 172 186 198 
170 107
529 754 921 280 781 872 204 139 692 358 507 665 434 101 417 12 234 392 557 952 397 634 566 736 569 295 532 699 441 210 953 661 126 679 430 272 723 222 842 174 32 543 227 177 901 66 248 415 257 810 713 45 814 647 18 64 732 231 426 76 243 206 189 857 304 264 44 526 693 192 745 229 391 48 549 919 603 783 72 820 772 939 403 1 200 29 196 381 971 813 405 52 553 720 500 40 928 594 41 910 515 483 984 589 609 757 915 
23
3 6 15 21 63 69 73 79 83 86 97 104 122 126 132 133 136 139 144 149 159 161 184 
171 86
925 591 984 111 743 576 506 883 821 189 53 346 221 142 300 773 384 894 815 461 66 831 41 794 917 537 704 151 1000 262 763 577 76 227 42 214 548 232 864 218 886 965 35 430 282 800 403 8 813 613 112 823 915 836 355 614 280 603 107 608 134 571 97 198 453 210 878 325 49 933 71 337 267 100 193 26 495 161 328 477 644 321 367 920 420 587 
22
1 2 17 32 45 49 66 73 74 82 85 115 122 138 146 157 158 162 178 180 197 199 
172 97
557 891 311 812 970 259 417 838 3 917 609 108 90 424 582 595 929 534 297 363 126 158 10 378 972 638 6 694 527 544 623 969 100 547 473 78 73 240 312 15 810 977 808 334 573 907 485 986 117 354 371 874 947 780 385 944 443 102 32 922 254 570 562 566 357 594 41 752 171 505 853 52 940 308 647 146 960 328 973 806 194 273 905 86 560 205 539 280 262 596 857 356 883 229 396 791 455 
24
0 4 13 30 48 56 58 60 67 79 92 100 106 116 136 146 151 152 158 159 163 164 169 187 
173 78
186 581 547 917 48 437 511 770 545 434 175 254 698 823 971 102 842 97 607 76 284 99 670 727 569 625 980 190 273 791 475 614 377 910 673 919 786 470 26 839 874 315 246 562 642 346 420 390 74 385 67 778 541 685 290 922 34 422 106 98 256 809 328 811 416 630 709 86 559 485 812 775 376 613 711 869 477 714 
20
5 17 36 48 62 83 89 101 109 119 143 164 174 176 177 180 189 192 195 196 
174 89
455 288 789 868 367 33 151 625 862 267 188 571 979 110 663 91 565 531 58 295 9 615 429 745 873 38 907 412 333 965 925 73 310 353 432 669 647 884 17 184 105 940 506 840 524 330 567 735 791 730 6 954 250 512 178 889 104 341 630 483 149 623 158 653 969 892 655 517 16 423 719 665 995 284 560 198 909 189 356 556 161 48 549 39 2 503 977 381 223 
18
2 7 23 25 41 78 84 91 110 120 121 129 139 162 173 185 188 194 
175 99
944 109 786 312 646 479 537 401 234 796 462 954 638 978 741 876 955 788 621 454 162 404 878 171 487 837 430 825 193 936 561 87 507 433 512 771 929 261 424 907 740 543 24 859 780 898 397 792 296 533 849 501 185 817 149 707 373 353 854 422 923 844 791 283 994 723 91 703 705 942 550 111 311 812 150 818 226 535 242 716 400 842 921 444 593 506 673 436 752 747 473 551 456 790 652 689 21 461 962 
14
5 24 36 48 51 67 97 102 107 138 141 157 176 190 
176 111
131 966 465 18 185 259 927 892 497 831 978 91 305 472 546 713 509 611 110 703 870 396 554 942 796 559 638 60 728 890 781 70 905 665 75 312 470 960 793 161 698 975 754 722 43 711 336 239 634 819 724 466 132 586 419 270 103 302 24 692 106 774 700 709 542 98 244 323 7 964 797 129 436 852 918 901 739 976 112 780 854 301 427 928 595 917 282 203 512 451 672 514 528 823 489 247 748 794 930 680 513 601 768 916 882 214 47 956 31 979 431 
15
30 32 58 66 90 108 109 119 127 141 158 173 175 190 197 
177 99
529 305 350 851 684 810 889 440 607 449 950 115 719 385 275 442 38 354 712 360 323 680 606 272 175 509 642 577 261 340 982 102 348 181 990 371 845 4 374 58 966 650 608 107 581 265 697 381 840 971 303 858 463 500 888 967 299 536 302 970 417 909 502 669 267 304 146 474 881 91 567 158 826 413 747 31 549 321 154 671 375 757 315 631 297 692 862 230 151 341 262 452 294 447 878 43 758 25 693 
18
1 27 69 80 112 113 121 123 133 136 140 150 153 158 166 173 183 192 
178 101
20 336 732 740 741 746 245 606 594 705 113 317 484 985 712 984 316 194 936 769 11 485 438 205 916 676 755 473 294 768 437 279 595 261 498 836 849 612 376 789 455 470 356 694 457 677 45 63 154 655 229 155 550 206 15 59 226 141 809 642 800 10 802 432 25 320 557 853 686 126 794 460 16 411 84 158 492 918 760 300 634 930 883 221 54 555 388 783 507 902 323 165 408 744 243 798 208 328 161 380 714 
13
3 43 49 68 85 98 123 147 158 171 180 189 198 
179 85
959 905 984 845 924 687 66 734 670 333 254 20 94 265 107 717 594 752 776 934 257 758 995 25 648 815 973 95 262 645 505 171 338 417 891 941 774 537 675 842 921 499 1000 686 519 497 664 163 969 204 981 548 207 530 456 937 741 662 847 154 628 620 8 211 524 5 840 366 631 868 789 79 474 869 466 800 836 168 897 563 247 765 264 31 532 
21
7 16 28 35 36 46 67 73 76 92 94 96 103 105 110 128 141 155 165 168 196 
180 89
662 328 647 410 577 29 196 827 420 973 531 637 953 373 874 242 99 505 832 437 271 824 823 191 761 445 112 613 297 807 139 809 561 877 891 925 848 725 79 316 504 671 454 788 751 886 51 421 962 461 91 703 71 861 589 972 194 528 449 481 240 635 506 778 444 286 617 64 371 879 378 220 554 160 275 693 298 930 548 311 336 169 880 801 836 434 601 818 484 
27
2 6 10 18 28 29 42 54 61 70 78 79 98 99 100 104 107 111 114 120 137 150 155 163 171 173 178 
181 111
880 618 672 678 906 351 852 314 399 446 947 661 494 747 914 246 826 115 950 282 677 176 506 62 563 133 799 471 972 191 902 98 256 851 597 749 70 456 790 122 892 292 468 134 817 151 72 781 280 113 702 34 197 770 59 132 39 206 200 437 355 689 49 286 207 760 903 402 244 545 737 816 293 233 786 944 154 152 319 820 3 170 346 12 64 693 25 271 104 621 808 408 663 366 594 853 891 417 268 101 654 180 257 146 502 168 850 376 807 139 306 
20
3 21 30 40 44 57 69 76 83 87 93 102 111 115 119 120 122 143 145 146 
182 93
707 524 905 431 352 737 715 548 567 488 154 597 922 606 773 232 74 742 268 311 144 302 697 855 954 164 244 955 178 842 165 1000 963 897 713 792 151 950 783 238 350 192 340 401 735 419 240 425 166 541 948 790 837 250 760 466 253 327 810 643 186 19 335 981 463 147 269 664 998 437 938 148 701 385 543 757 590 37 288 471 43 438 294 626 547 152 987 231 64 339 673 635 969 
19
5 10 27 28 36 44 66 86 90 112 133 134 135 139 142 145 153 162 166 
183 96
384 360 193 694 747 273 941 352 348 570 403 330 163 293 126 688 354 256 414 151 722 388 783 869 632 799 325 562 240 778 874 479 84 35 335 669 964 563 931 509 8 245 116 450 771 882 548 983 816 960 16 183 806 639 402 879 378 44 958 791 495 653 939 781 70 571 994 550 711 377 745 666 760 631 789 428 763 558 892 132 267 995 494 837 503 453 24 972 284 618 107 344 215 557 341 675 
20
10 23 29 32 71 72 75 79 81 120 135 139 150 152 156 157 161 177 186 194 
184 107
494 996 759 285 619 649 73 715 381 142 476 643 537 799 355 442 609 776 126 293 510 455 233 870 159 303 64 449 923 484 374 611 286 453 230 156 378 220 931 507 270 33 112 613 790 772 553 386 70 889 722 90 169 852 685 132 907 740 793 459 714 547 881 25 860 192 823 155 603 129 964 262 95 757 997 496 366 533 849 940 100 337 185 394 542 357 673 144 539 426 909 31 198 584 751 502 265 713 368 820 697 864 302 469 913 281 321 
22
5 15 18 23 48 63 65 67 87 96 98 117 129 150 157 160 168 170 188 191 194 196 
185 86
384 960 974 860 353 520 19 757 786 769 495 461 1 571 255 52 131 289 937 234 641 455 788 156 759 713 832 760 910 810 881 892 637 206 874 886 175 730 99 767 987 336 169 837 178 679 344 739 581 834 686 334 501 174 588 235 903 560 630 797 711 43 672 487 857 783 744 577 692 358 24 15 646 942 215 847 378 773 536 697 858 190 524 418 585 919 
23
2 31 50 63 64 71 77 88 98 106 116 120 121 124 130 136 141 142 149 163 174 186 198 
186 90
808 140 401 171 839 331 252 94 595 295 58 374 346 776 238 791 317 606 448 744 224 298 614 851 787 454 928 565 170 745 982 167 907 354 82 416 495 888 950 877 798 667 983 704 135 18 817 741 908 898 661 582 424 528 780 384 181 971 366 213 580 914 677 502 95 811 143 451 785 235 253 420 894 383 48 83 399 103 430 263 96 101 126 831 646 567 233 359 945 444 
28
15 23 26 28 31 50 60 62 64 65 72 75 78 83 88 89 92 98 137 138 141 155 161 169 183 185 189 199 
187 89
41 721 554 446 947 279 130 965 557 997 162 810 99 494 422 185 851 232 469 627 595 131 632 790 938 301 763 930 95 206 443 846 697 530 624 150 698 285 619 539 205 682 189 347 212 330 28 739 655 751 890 207 102 937 370 704 213 881 807 491 412 78 747 984 409 242 903 567 233 712 211 248 503 577 281 472 639 583 662 218 902 349 33 110 611 383 638 629 754 
18
32 33 35 38 59 66 83 85 104 109 131 146 151 154 155 172 189 194 
188 92
163 497 576 409 910 655 848 137 769 101 596 429 271 928 580 290 755 834 816 298 456 109 331 252 842 546 106 941 240 934 815 894 48 748 175 8 640 567 752 680 12 948 474 325 562 178 141 303 645 404 571 466 150 550 629 613 297 227 42 451 952 794 320 54 653 416 860 114 35 737 904 191 709 352 557 390 669 502 168 554 639 661 620 361 203 616 189 455 789 746 78 533 
26
4 18 21 23 31 38 40 46 48 58 67 72 81 106 115 121 122 129 135 147 156 157 174 184 196 197 
189 112
402 569 86 893 58 103 469 913 245 646 479 444 462 963 429 453 530 8 520 990 376 297 692 211 879 290 958 132 606 234 568 742 321 185 501 896 422 269 427 111 566 159 536 766 264 431 413 914 246 799 801 873 450 116 669 985 4 338 22 377 878 711 957 790 905 404 70 237 346 59 979 311 904 570 556 872 106 774 793 626 811 486 170 802 547 881 792 555 730 898 108 661 576 339 99 415 169 503 336 670 247 642 332 808 709 788 6 480 84 558 874 373 
15
22 33 72 100 115 123 126 127 131 164 167 173 178 186 187 
190 96
707 384 126 838 680 808 975 18 185 845 608 933 98 854 773 141 958 791 704 72 418 714 325 404 720 52 348 111 674 705 174 433 41 787 355 614 772 104 25 16 183 611 712 823 234 902 629 462 802 33 701 780 837 995 661 196 29 819 106 616 982 149 524 487 882 214 695 361 769 435 30 807 770 388 221 54 722 500 790 827 223 180 145 312 382 549 716 164 730 229 264 765 431 647 94 241 
26
2 5 11 24 28 36 40 51 59 62 65 73 86 91 102 104 105 141 150 151 153 160 164 166 175 176 
191 102
384 889 221 336 93 260 883 962 461 567 400 901 905 479 813 163 451 618 846 293 961 32 786 697 144 934 459 524 129 552 394 45 124 581 529 28 443 197 987 368 739 405 652 986 758 925 442 275 609 300 741 978 556 635 420 973 104 904 165 157 825 324 268 663 426 994 538 204 328 170 922 254 550 967 888 523 851 370 534 455 386 544 198 181 325 957 206 540 910 989 41 782 597 343 176 920 640 974 808 474 323 490 
17
1 4 22 50 52 69 73 83 85 92 116 118 131 136 148 156 184 
192 98
707 997 290 182 340 507 312 786 285 746 114 917 965 491 10 405 356 434 101 20 99 834 225 462 314 156 856 880 90 665 981 270 872 534 376 773 903 192 810 643 977 14 567 939 160 397 974 378 712 62 229 897 150 818 418 919 366 427 594 41 489 929 94 586 252 565 888 959 124 677 346 144 460 413 580 839 512 749 253 780 957 994 520 453 374 137 611 945 395 610 59 52 368 87 775 617 566 492 
16
4 23 38 61 78 86 95 112 113 120 133 151 161 166 173 177 
193 94
893 392 419 85 930 212 916 276 355 197 720 404 571 302 539 383 146 479 673 357 488 821 110 549 32 418 427 260 744 665 982 34 240 3 591 275 117 952 316 149 129 630 632 298 792 737 570 96 746 579 412 913 787 903 569 174 495 346 820 853 300 783 616 669 891 417 22 338 101 259 62 99 33 200 534 423 265 311 232 566 687 845 94 255 963 295 16 684 112 947 87 965 798 598 
20
7 10 22 34 36 37 47 53 57 59 67 80 92 93 112 119 126 130 146 195 
194 90
127 628 461 680 252 239 72 205 436 567 234 261 103 554 1 426 881 486 590 985 906 116 827 786 303 834 717 556 477 872 244 96 412 78 27 343 925 420 531 197 808 694 861 417 752 919 84 716 469 783 265 344 744 4 557 670 29 196 111 32 459 200 817 483 297 34 157 825 323 490 183 16 231 444 339 693 359 526 509 8 161 662 439 606 462 966 632 537 189 356 
25
8 14 28 45 46 48 54 55 71 77 94 95 96 103 110 130 142 146 154 158 168 174 183 184 187 
195 107
4 812 478 101 936 602 268 356 857 383 196 433 233 470 303 289 883 215 452 156 675 174 181 5 227 872 283 450 678 165 402 147 542 700 389 627 923 607 774 445 711 881 137 20 257 279 990 437 808 641 562 720 985 748 987 732 416 913 746 35 825 931 932 97 264 483 817 819 74 742 752 747 571 905 761 594 928 639 806 16 1 939 791 624 545 694 861 365 207 420 346 109 175 17 327 248 745 924 665 776 239 361 546 230 783 704 388 
19
1 18 30 35 44 81 82 89 90 115 121 125 134 136 156 164 167 173 193 
196 93
662 425 926 255 492 206 39 303 637 136 192 293 367 92 755 175 96 286 761 366 603 345 424 475 585 107 818 934 855 831 41 233 312 449 133 431 765 607 781 411 799 468 802 173 963 331 38 388 889 628 294 768 851 936 857 450 845 563 712 879 748 827 432 816 737 360 694 469 864 811 732 880 959 190 357 858 47 918 417 63 746 78 491 157 773 606 675 43 839 672 914 79 553 
17
40 48 51 53 82 91 97 99 105 138 146 148 152 173 179 184 188 
197 93
844 811 539 724 124 959 255 692 358 435 936 164 177 845 547 545 71 324 945 586 112 489 823 902 507 149 465 275 870 194 240 610 314 288 137 964 429 95 51 886 437 595 733 83 417 901 66 374 541 837 985 948 704 588 983 327 485 820 899 676 597 360 713 950 722 555 634 300 581 247 633 800 897 563 469 210 860 192 526 323 328 883 461 962 488 246 533 59 168 836 355 434 29 
18
1 8 34 46 48 53 55 59 66 67 71 78 98 132 140 171 176 188 
198 88
417 83 162 241 204 318 697 29 424 758 491 254 229 38 1 630 233 944 154 54 868 631 886 552 483 781 113 666 991 737 78 579 959 171 505 979 514 255 18 336 810 476 595 832 42 679 916 294 795 906 35 430 627 19 626 774 70 237 79 914 486 375 725 752 436 910 437 103 615 194 862 230 714 82 416 732 574 768 434 471 878 377 966 298 535 268 936 740 
27
3 4 15 31 33 36 42 45 49 57 61 74 79 92 93 94 98 108 119 138 152 154 157 165 169 178 185 
199 100
384 613 279 780 674 832 665 8 245 454 963 629 391 902 285 601 917 359 860 689 383 418 346 741 414 481 378 888 220 931 852 17 254 854 775 800 845 144 923 709 797 129 893 116 747 413 79 316 374 769 532 29 345 297 66 567 330 94 762 38 873 16 591 90 55 890 76 932 537 616 458 193 839 408 909 502 32 745 930 934 600 995 250 417 810 91 123 271 772 939 491 157 394 385 724 390 150 27 343 677 
27
9 16 17 44 45 59 66 67 71 76 80 85 88 90 94 121 129 133 136 138 142 145 147 154 160 171 186 
