200 1000
1 1 1 1 1 1 1 1 1 1 1 1 1 1 1 1 1 1 1 1 
1 1 1 1 1 1 1 1 1 1 1 1 1 1 1 1 1 1 1 1 
1 1 1 1 1 1 1 1 1 1 1 1 1 1 1 1 1 1 1 1 
1 1 1 1 1 1 1 1 1 1 1 1 1 1 1 1 1 1 1 1 
1 1 1 1 1 1 1 1 1 1 1 1 1 1 1 1 1 1 1 1 
1 1 1 1 1 1 1 1 1 1 1 1 1 1 1 1 1 1 1 1 
1 1 1 1 1 1 1 1 1 1 1 1 1 1 1 1 1 1 1 1 
1 1 1 1 1 1 1 1 1 1 1 1 1 1 1 1 1 1 1 1 
1 1 1 1 1 1 1 1 1 1 1 1 1 1 1 1 1 1 1 1 
1 1 1 1 1 1 1 1 1 1 1 1 1 1 1 1 1 1 1 1 
1 1 1 1 1 1 1 1 1 1 1 1 1 1 1 1 1 1 1 1 
1 1 1 1 1 1 1 1 1 1 1 1 1 1 1 1 1 1 1 1 
1 1 1 1 1 1 1 1 1 1 1 1 1 1 1 1 1 1 1 1 
1 1 1 1 1 1 1 1 1 1 1 1 1 1 1 1 1 1 1 1 
1 1 1 1 1 1 1 1 1 1 1 1 1 1 1 1 1 1 1 1 
1 1 1 1 1 1 1 1 1 1 1 1 1 1 1 1 1 1 1 1 
1 1 1 1 1 1 1 1 1 1 1 1 1 1 1 1 1 1 1 1 
1 1 1 1 1 1 1 1 1 1 1 1 1 1 1 1 1 1 1 1 
1 1 1 1 1 1 1 1 1 1 1 1 1 1 1 1 1 1 1 1 
1 1 1 1 1 1 1 1 1 1 1 1 1 1 1 1 1 1 1 1 
1 1 1 1 1 1 1 1 1 1 1 1 1 1 1 1 1 1 1 1 
1 1 1 1 1 1 1 1 1 1 1 1 1 1 1 1 1 1 1 1 
1 1 1 1 1 1 1 1 1 1 1 1 1 1 1 1 1 1 1 1 
1 1 1 1 1 1 1 1 1 1 1 1 1 1 1 1 1 1 1 1 
1 1 1 1 1 1 1 1 1 1 1 1 1 1 1 1 1 1 1 1 
1 1 1 1 1 1 1 1 1 1 1 1 1 1 1 1 1 1 1 1 
1 1 1 1 1 1 1 1 1 1 1 1 1 1 1 1 1 1 1 1 
1 1 1 1 1 1 1 1 1 1 1 1 1 1 1 1 1 1 1 1 
1 1 1 1 1 1 1 1 1 1 1 1 1 1 1 1 1 1 1 1 
1 1 1 1 1 1 1 1 1 1 1 1 1 1 1 1 1 1 1 1 
1 1 1 1 1 1 1 1 1 1 1 1 1 1 1 1 1 1 1 1 
1 1 1 1 1 1 1 1 1 1 1 1 1 1 1 1 1 1 1 1 
1 1 1 1 1 1 1 1 1 1 1 1 1 1 1 1 1 1 1 1 
1 1 1 1 1 1 1 1 1 1 1 1 1 1 1 1 1 1 1 1 
1 1 1 1 1 1 1 1 1 1 1 1 1 1 1 1 1 1 1 1 
1 1 1 1 1 1 1 1 1 1 1 1 1 1 1 1 1 1 1 1 
1 1 1 1 1 1 1 1 1 1 1 1 1 1 1 1 1 1 1 1 
1 1 1 1 1 1 1 1 1 1 1 1 1 1 1 1 1 1 1 1 
1 1 1 1 1 1 1 1 1 1 1 1 1 1 1 1 1 1 1 1 
1 1 1 1 1 1 1 1 1 1 1 1 1 1 1 1 1 1 1 1 
1 1 1 1 1 1 1 1 1 1 1 1 1 1 1 1 1 1 1 1 
1 1 1 1 1 1 1 1 1 1 1 1 1 1 1 1 1 1 1 1 
1 1 1 1 1 1 1 1 1 1 1 1 1 1 1 1 1 1 1 1 
1 1 1 1 1 1 1 1 1 1 1 1 1 1 1 1 1 1 1 1 
1 1 1 1 1 1 1 1 1 1 1 1 1 1 1 1 1 1 1 1 
1 1 1 1 1 1 1 1 1 1 1 1 1 1 1 1 1 1 1 1 
1 1 1 1 1 1 1 1 1 1 1 1 1 1 1 1 1 1 1 1 
1 1 1 1 1 1 1 1 1 1 1 1 1 1 1 1 1 1 1 1 
1 1 1 1 1 1 1 1 1 1 1 1 1 1 1 1 1 1 1 1 
1 1 1 1 1 1 1 1 1 1 1 1 1 1 1 1 1 1 1 1 

0 97
31 154 871 489 155 561 709 375 602 746 593 927 176 9 763 684 490 657 562 533 454 140 450 665 902 428 595 460 794 961 487 197 258 592 100 434 678 922 149 386 676 518 134 802 486 249 506 901 500 318 476 581 692 68 962 894 973 578 77 559 980 813 73 406 213 714 231 398 48 996 443 335 660 493 159 864 74 390 471 550 582 776 108 187 773 141 165 868 696 659 27 150 129 519 911 577 637 
20
7 20 21 27 39 41 46 47 51 68 87 104 115 141 145 146 150 156 179 193 
1 113
279 917 754 86 833 499 165 332 470 855 701 306 585 418 87 586 4 510 176 377 778 277 284 433 206 373 264 817 149 716 549 565 170 892 576 132 961 13 681 49 523 768 689 926 513 847 430 758 90 959 830 114 281 400 630 581 121 516 358 791 159 853 774 557 715 261 709 542 246 562 167 172 72 268 515 477 846 476 801 634 731 495 491 904 570 236 955 796 500 441 297 218 396 730 809 669 125 292 529 235 402 736 738 237 158 439 105 940 861 330 497 93 260 
15
11 15 44 94 100 123 130 131 134 150 159 161 167 173 193 
2 50
142 117 275 180 733 161 374 131 723 150 936 973 8 473 912 542 880 218 609 313 757 879 953 663 83 134 726 219 377 7 360 397 409 901 53 136 691 995 284 314 19 796 274 592 750 696 178 968 844 449 
13
17 19 23 38 43 57 75 84 99 114 118 150 171 
3 91
25 526 147 194 528 642 308 497 367 200 590 195 529 419 261 340 173 986 749 117 618 934 539 959 406 46 125 88 927 225 462 511 812 131 160 66 517 110 370 962 931 413 650 687 204 371 166 500 241 382 716 152 319 951 208 178 679 619 786 75 185 519 677 447 948 614 368 535 403 236 69 911 641 808 307 996 769 602 139 472 214 487 803 329 206 373 230 304 638 890 508 
20
51 56 79 85 90 99 111 112 125 130 137 154 158 165 170 177 189 191 195 197 
4 101
674 421 556 723 890 494 186 19 687 729 896 611 705 310 644 67 735 634 467 950 333 273 817 183 517 201 675 740 766 721 642 845 10 660 326 839 286 506 989 154 786 191 349 262 763 528 366 153 419 163 718 120 955 736 402 921 86 140 843 870 881 565 189 31 800 967 335 572 193 853 76 271 39 963 223 716 382 883 681 180 970 877 324 491 157 112 780 594 928 767 751 959 485 986 545 150 117 284 197 364 768 
19
40 61 67 88 100 110 126 127 141 148 165 170 176 178 179 180 183 190 191 
5 85
824 11 772 57 671 504 426 900 189 356 208 287 524 624 220 387 669 432 748 116 274 942 950 785 569 967 678 994 940 105 179 100 475 317 703 870 588 673 482 203 499 507 191 968 661 205 206 645 171 422 343 31 198 866 302 360 619 855 688 530 416 82 996 161 635 134 292 778 419 735 473 139 850 929 278 612 860 622 28 739 186 400 233 720 62 
17
9 15 16 23 29 54 81 106 117 137 144 149 159 161 182 186 195 
6 98
195 362 796 295 462 722 555 135 803 372 593 568 234 489 155 595 762 935 180 4 932 616 695 283 140 543 148 61 395 129 225 778 191 158 993 914 519 440 186 584 900 176 120 349 516 674 960 419 131 460 386 702 149 70 424 609 814 313 455 167 642 168 582 415 908 143 624 716 883 725 93 998 163 330 385 719 552 631 213 371 608 995 828 680 23 418 72 467 709 773 718 969 635 183 16 350 904 478 
15
7 15 16 18 53 56 68 69 96 129 146 151 171 179 180 
7 69
657 262 864 785 161 724 329 487 688 168 89 745 856 511 906 748 363 995 567 93 312 682 761 941 388 306 780 750 380 128 207 831 413 970 19 870 778 913 675 890 139 768 672 435 873 652 27 853 142 216 275 828 433 971 655 697 618 855 412 570 820 662 884 542 656 24 875 717 85 
21
0 6 20 23 31 44 56 66 81 82 88 96 103 121 122 136 145 147 149 160 187 
8 88
733 647 502 164 938 437 622 956 579 23 181 682 603 840 946 176 980 783 228 939 458 18 853 695 528 594 664 831 742 979 663 855 535 140 456 254 223 390 541 225 422 490 516 864 363 130 525 547 977 448 744 748 219 52 842 341 411 578 8 617 485 880 45 231 732 416 249 554 924 256 735 872 619 935 601 513 740 573 113 602 470 233 400 158 210 544 377 711 
14
10 22 31 37 56 84 95 97 104 145 169 172 178 196 
9 46
956 640 848 782 231 120 305 678 567 274 459 570 667 926 565 84 772 661 636 391 502 583 139 997 146 248 63 490 287 366 766 292 730 257 99 398 714 307 653 574 632 331 410 665 598 313 
24
5 10 13 25 34 37 46 69 79 82 87 93 117 126 135 141 144 156 167 181 182 183 194 198 
10 109
839 338 443 743 910 940 439 97 45 145 377 43 535 299 62 730 165 473 807 725 951 450 719 448 685 17 432 669 795 700 301 812 654 175 692 19 256 806 16 885 561 169 691 357 467 805 647 963 699 107 238 275 871 982 745 671 750 110 927 853 446 367 720 125 626 231 152 334 289 195 696 233 862 194 381 733 65 74 278 946 445 149 99 397 731 415 44 768 722 54 607 291 844 677 91 513 12 688 372 507 6 954 541 875 991 339 890 977 753 
24
8 9 17 22 27 31 54 89 97 99 100 103 105 112 126 134 142 164 165 175 177 190 194 196 
11 89
73 632 301 486 654 545 378 505 839 797 129 458 300 853 994 757 590 37 596 43 912 833 928 944 75 198 593 751 107 195 28 580 106 422 469 311 418 813 513 829 69 100 337 658 419 213 694 990 121 358 139 710 279 613 947 898 661 494 804 668 194 361 874 115 950 913 117 485 11 396 603 20 521 715 557 794 293 507 333 592 759 127 177 989 15 702 368 842 72 
21
1 15 45 49 57 58 72 90 92 107 108 113 119 128 147 151 182 183 185 190 193 
12 107
536 10 903 68 604 943 609 349 552 306 974 67 557 223 56 636 101 602 282 449 203 817 6 179 680 12 653 228 562 838 874 716 558 470 637 198 309 980 32 989 822 409 910 75 743 262 415 99 968 976 443 777 222 518 123 333 254 19 967 98 863 761 899 196 527 915 490 323 718 904 41 542 286 593 760 997 412 579 782 374 318 485 169 327 966 240 459 626 125 793 647 884 644 273 70 905 738 957 289 684 517 851 948 102 424 591 925 
14
13 20 24 44 45 46 49 58 77 112 126 137 186 199 
13 55
312 31 110 664 387 545 71 229 796 717 376 929 934 381 63 932 248 90 602 962 488 94 844 874 515 702 107 140 718 354 405 507 116 108 424 779 927 161 926 667 114 451 135 658 579 250 798 324 119 45 101 619 999 446 841 
21
9 12 15 21 33 52 60 63 82 92 93 95 109 126 129 138 140 141 146 149 182 
14 48
274 827 590 668 589 853 701 543 923 291 893 745 650 114 188 70 538 751 198 952 125 516 448 154 630 126 10 329 961 43 438 8 943 489 647 467 874 457 615 717 875 732 823 174 433 659 239 987 
24
28 30 57 66 68 72 76 78 83 90 93 101 107 111 127 130 140 148 156 176 179 180 190 198 
15 52
608 68 779 517 596 556 990 200 605 763 318 836 599 913 360 321 663 922 393 837 364 327 891 903 113 446 334 91 727 688 511 613 148 962 499 825 936 154 944 619 337 41 626 231 656 419 340 377 930 715 399 769 
22
1 5 6 11 13 29 32 39 44 47 61 65 76 102 111 126 142 153 155 171 178 193 
16 77
292 529 655 813 618 2 584 268 946 25 183 815 506 36 258 100 413 965 854 907 463 701 859 543 442 603 445 851 614 703 185 422 378 789 157 552 310 569 16 945 550 928 225 101 113 483 530 467 870 548 249 565 644 406 440 839 382 856 319 951 567 330 911 121 42 990 751 48 601 913 202 904 850 534 349 346 741 
18
5 6 39 42 53 70 74 82 88 90 97 101 124 149 156 161 182 195 
17 98
327 164 59 560 102 618 952 355 856 579 883 48 345 679 266 767 394 561 448 290 374 221 347 505 839 997 523 754 463 305 578 183 834 430 597 992 552 705 994 651 289 359 526 605 141 378 202 536 897 859 8 789 288 622 956 822 901 582 682 366 111 445 386 149 702 978 771 401 450 134 487 461 636 900 399 747 826 674 1000 165 323 156 638 304 225 669 1 94 706 205 521 255 562 293 943 609 319 398 
15
2 10 47 53 64 72 99 108 138 147 152 168 192 195 197 
18 63
898 960 526 131 605 406 722 90 459 301 380 775 348 980 743 755 525 367 999 204 888 49 975 457 220 746 669 601 361 805 435 653 172 620 699 78 892 939 702 147 175 86 504 874 79 417 991 840 682 645 53 132 312 391 591 354 390 279 150 626 589 837 679 
19
6 23 51 52 53 66 74 76 79 84 87 106 142 177 178 179 183 185 194 
19 95
966 213 881 508 842 395 148 636 803 218 929 261 867 168 836 484 670 212 668 607 273 430 498 351 17 809 98 160 530 207 760 33 586 856 804 64 149 781 364 48 838 845 326 611 690 485 584 991 596 242 458 801 300 310 468 283 579 238 225 410 772 851 350 516 908 777 276 773 299 662 810 638 436 269 770 82 882 961 126 384 877 313 86 921 72 740 190 691 858 524 176 343 756 500 834 
23
2 32 35 60 62 63 64 66 80 94 111 114 128 132 134 143 146 159 164 168 184 186 190 
20 89
283 48 997 496 374 875 945 751 83 203 622 847 539 399 66 619 57 224 934 767 742 649 652 257 4 171 82 970 292 59 737 254 922 589 25 765 449 850 516 641 562 529 863 456 104 772 931 377 43 916 81 344 976 222 407 630 463 937 648 571 887 699 462 212 713 546 163 197 752 515 910 247 484 35 667 323 153 884 331 972 103 419 586 368 817 676 947 640 306 
33
0 7 12 21 23 52 61 65 68 69 72 73 82 90 93 96 109 111 112 118 125 131 132 145 146 147 148 149 156 158 163 176 179 
21 58
968 58 374 135 438 921 131 212 360 101 508 271 34 900 110 668 36 803 667 664 427 901 897 704 462 906 170 577 103 658 436 399 375 560 571 867 962 108 811 145 365 892 51 626 310 384 554 629 945 262 634 239 640 987 358 990 622 701 
12
0 13 20 27 79 81 95 98 130 186 195 198 
22 44
91 12 742 774 300 287 724 408 689 541 936 788 233 854 632 447 258 199 49 604 160 425 94 623 691 912 838 226 859 82 341 183 260 704 902 33 412 107 423 571 164 322 44 585 
19
8 10 23 24 33 34 46 56 62 70 83 84 85 97 111 122 134 181 187 
23 74
883 567 580 120 673 752 796 689 57 333 412 175 440 203 351 825 647 15 94 584 140 214 10 326 721 800 935 461 40 142 853 153 397 582 108 916 205 521 8 852 571 592 970 259 392 984 52 601 971 907 448 818 104 437 844 889 573 381 134 67 620 648 332 138 612 801 959 419 937 803 724 487 997 109 
22
2 5 7 18 20 22 28 30 40 41 44 48 51 96 107 133 147 151 181 186 190 197 
24 110
750 622 871 704 950 404 70 738 246 106 184 518 852 879 378 727 509 8 588 204 37 574 107 423 757 664 163 177 888 575 241 408 884 726 791 238 14 172 684 861 466 205 223 618 990 786 953 293 934 767 925 90 801 187 911 577 340 182 762 367 974 369 859 623 781 729 95 357 895 227 394 98 465 298 97 765 528 617 301 468 64 398 839 523 480 146 977 309 740 72 965 325 993 663 979 250 751 603 208 777 224 707 540 698 30 719 275 878 711 314 
23
12 22 42 50 52 53 65 109 120 121 122 127 128 132 144 154 156 159 168 176 181 183 188 
25 87
774 440 220 53 417 970 469 89 924 669 748 116 520 164 717 49 796 128 760 306 859 543 322 656 577 508 366 50 371 8 552 569 13 98 534 90 395 321 5 388 597 96 866 313 325 657 381 697 475 289 401 67 936 370 145 811 258 319 820 988 119 576 260 162 448 643 977 805 634 844 176 770 518 184 922 421 816 230 731 463 433 600 292 459 688 161 328 
12
9 35 43 78 86 113 121 123 144 161 166 186 
26 95
310 564 176 677 781 614 828 494 474 754 253 384 507 841 339 497 894 862 391 207 836 22 467 133 97 765 318 476 243 577 850 33 701 534 311 756 714 319 989 323 797 165 639 908 671 276 712 372 214 293 809 790 605 61 66 834 333 728 965 150 818 186 736 402 569 920 592 759 350 35 909 119 87 41 375 928 93 721 800 132 692 358 916 626 726 694 963 462 647 146 821 111 743 64 325 
18
40 60 62 78 85 90 108 110 119 138 141 159 163 165 183 193 196 198 
27 75
403 518 992 721 46 599 125 595 572 493 163 52 289 488 124 214 135 34 996 759 776 223 654 534 139 657 894 398 714 240 556 966 41 744 349 899 233 641 457 198 746 524 660 632 873 466 738 585 471 734 971 527 461 136 765 811 701 859 173 489 152 863 456 24 529 213 463 244 639 532 228 939 968 336 889 
19
0 10 21 38 74 75 78 87 90 107 110 112 116 142 147 148 150 175 187 
28 45
250 374 932 221 825 85 546 467 556 741 244 200 206 132 555 466 940 703 65 548 659 400 128 831 626 293 666 34 68 549 312 519 993 124 921 427 908 750 119 249 709 648 991 43 675 
14
14 23 30 31 66 89 94 97 114 122 142 160 179 184 
29 71
630 393 572 273 37 548 67 468 231 389 360 546 805 907 591 896 817 836 874 163 245 561 956 624 861 964 806 922 606 997 33 366 506 348 61 135 609 868 652 29 917 172 251 962 721 238 188 508 250 961 875 954 480 224 619 935 417 565 644 170 660 623 158 474 576 613 598 18 492 295 532 
18
5 15 32 34 38 47 60 71 93 109 121 123 128 143 149 151 184 188 
30 102
19 908 625 3 550 49 24 358 94 428 15 516 850 765 598 622 280 781 610 25 954 453 273 529 535 219 157 315 800 484 541 621 463 700 913 412 807 776 223 111 228 61 562 451 450 951 137 581 20 257 456 957 790 827 906 277 832 947 279 509 586 680 828 143 222 470 804 637 503 740 266 29 864 627 59 737 174 384 885 185 334 501 66 935 329 587 921 536 123 457 360 193 26 694 478 979 592 425 760 653 829 495 
23
14 23 28 48 49 68 73 90 93 100 102 104 112 134 136 140 145 170 175 176 187 189 191 
31 65
851 140 593 198 630 543 148 464 184 502 363 155 392 313 537 458 774 616 734 892 87 420 563 484 452 847 528 972 577 469 633 213 929 139 383 366 375 5 18 902 88 125 323 651 158 264 343 118 398 793 487 624 254 595 338 891 188 912 416 305 621 997 49 53 922 
25
7 8 10 28 47 55 67 69 70 89 93 100 109 126 140 141 150 151 153 162 163 165 168 170 177 
32 52
254 412 570 96 994 850 901 264 819 523 49 40 484 54 903 829 972 468 615 158 711 948 467 783 851 797 776 946 428 650 360 81 149 482 516 304 146 306 701 812 384 215 293 438 519 993 554 475 265 897 717 638 
20
15 19 29 37 38 81 82 88 90 104 126 134 141 148 156 158 176 179 186 189 
33 40
538 306 972 602 533 496 22 41 673 120 910 963 509 351 623 882 956 771 452 82 471 473 295 153 486 14 865 53 620 304 146 815 973 783 749 333 481 992 537 763 
23
13 22 38 46 58 67 88 108 112 114 117 126 128 137 141 146 147 149 152 156 160 169 191 
34 54
195 827 748 645 803 406 327 248 956 31 789 381 279 138 533 296 612 582 444 259 60 356 319 583 804 222 64 27 397 234 197 939 309 568 150 148 543 278 19 705 389 129 401 103 991 214 453 237 905 841 683 258 21 428 
17
9 22 29 44 46 48 59 90 101 102 111 128 130 162 165 170 191 
35 102
783 202 174 136 245 746 68 5 673 558 892 894 560 335 554 633 212 923 255 528 122 333 209 543 241 83 715 808 176 458 774 468 165 639 86 915 748 511 942 274 770 691 4 839 760 49 207 135 469 232 93 907 196 786 139 297 990 922 685 843 885 112 570 13 540 874 980 32 55 205 476 160 624 150 484 308 642 475 315 611 295 796 544 738 750 583 82 137 638 304 67 234 849 348 181 271 824 349 15 722 758 90 
18
19 25 39 41 52 54 77 90 103 150 152 153 155 165 185 189 197 199 
36 77
550 629 595 911 832 188 109 517 606 190 166 561 956 719 906 452 926 127 601 194 826 589 46 441 959 442 521 681 851 1000 131 889 989 673 138 691 454 849 641 88 114 848 703 883 113 477 402 86 560 597 781 707 164 875 253 332 665 263 26 655 63 828 908 829 724 715 636 540 303 935 898 563 343 580 683 773 615 
18
46 77 83 95 104 119 123 131 137 140 142 147 149 153 165 167 185 196 
37 63
663 509 344 964 765 342 184 231 547 401 6 1000 684 628 670 117 459 348 541 304 726 467 388 195 353 967 730 185 555 629 491 10 685 744 665 36 436 898 819 814 893 672 635 137 836 429 244 134 55 409 804 167 878 259 575 908 834 60 218 810 181 440 45 
19
8 9 32 69 73 76 80 106 115 116 117 118 128 135 158 167 168 185 197 
38 85
759 631 298 799 966 103 604 217 587 484 326 441 125 381 327 169 959 684 871 713 58 848 581 502 1 621 138 305 89 757 256 590 195 283 116 220 299 852 605 939 171 185 817 932 525 943 77 565 812 733 101 15 753 789 622 568 67 918 444 794 777 742 890 337 903 569 35 978 188 779 445 630 129 797 720 334 413 79 764 664 60 345 118 197 230 
17
2 27 29 32 33 43 59 66 69 106 112 132 142 149 159 172 174 
39 89
69 275 836 335 204 855 731 397 766 772 271 841 185 501 280 43 602 631 308 997 663 584 562 957 931 967 414 310 547 942 411 727 253 94 410 982 666 690 237 404 905 935 303 40 934 980 610 531 808 440 45 753 28 897 396 416 527 211 324 956 842 632 131 596 763 629 333 92 259 733 891 296 928 67 326 84 5 773 439 925 293 183 955 617 64 35 199 692 370 
22
0 15 16 35 40 60 68 86 89 103 106 114 121 128 133 138 140 153 176 180 182 187 
40 67
941 556 341 657 215 739 924 292 204 520 797 955 908 750 868 990 15 587 192 809 888 374 848 251 962 883 174 253 648 618 457 835 995 329 588 752 436 510 634 624 180 846 449 607 840 988 407 64 591 683 971 675 858 384 491 649 949 468 389 709 968 166 956 939 623 774 383 
17
4 23 26 39 64 67 97 106 111 118 131 156 158 160 176 182 184 
41 82
950 616 848 347 565 194 862 233 188 3 644 477 828 38 275 4 653 100 63 774 33 428 533 217 193 835 203 18 265 423 821 957 878 465 799 685 508 805 471 503 405 238 712 164 141 236 789 947 87 101 781 280 107 942 608 845 610 443 23 408 724 939 104 817 582 415 20 770 102 436 269 664 998 967 850 649 93 85 920 753 887 52 
18
0 23 35 48 51 88 94 105 108 117 134 137 144 150 183 190 196 198 
42 47
438 912 459 852 615 315 298 712 786 671 908 960 767 760 286 952 557 173 168 247 728 531 87 417 861 291 567 477 788 521 487 376 763 121 911 437 683 525 7 198 277 988 814 32 111 983 5 
20
16 24 52 55 57 63 66 81 100 109 117 120 122 161 162 187 188 189 192 194 
43 49
809 651 794 28 897 289 808 371 963 884 194 823 336 595 566 219 885 899 425 181 685 391 549 170 960 858 821 81 303 310 705 631 520 941 907 275 717 164 929 50 264 227 539 302 906 274 192 903 459 
19
2 25 38 55 86 102 108 116 120 129 137 143 163 179 180 184 190 191 197 
44 40
388 158 281 44 211 26 544 384 717 587 291 661 916 694 361 71 949 459 52 681 866 437 169 302 482 864 35 590 845 512 160 443 249 889 494 415 497 349 651 59 
18
1 7 12 15 23 34 56 77 80 104 106 126 164 179 183 184 186 193 
45 51
522 601 662 30 858 73 705 637 321 45 756 685 145 66 777 831 350 192 789 92 334 38 431 135 316 686 607 301 375 896 170 318 101 154 294 509 17 807 684 289 763 116 985 270 876 742 791 927 532 342 484 
17
11 12 50 57 72 73 78 85 89 97 102 107 122 132 138 146 182 
46 84
329 997 657 323 915 637 242 75 127 680 828 38 312 145 382 619 275 108 296 255 381 697 934 468 86 273 36 140 324 482 139 879 89 823 633 791 280 781 434 39 52 385 151 467 866 708 207 839 260 594 989 514 848 241 237 627 904 288 130 736 235 314 77 399 232 900 945 110 932 901 64 459 793 721 387 71 881 213 3 337 172 840 174 508 
22
0 9 12 22 33 34 36 53 89 103 126 145 148 156 161 172 175 176 178 191 197 199 
47 94
506 326 684 517 107 552 701 636 478 241 74 174 508 877 245 482 166 748 511 30 504 908 267 434 513 171 882 244 77 893 953 269 371 730 572 256 832 258 732 969 122 280 43 991 557 766 933 98 599 125 793 6 29 662 996 476 555 920 571 97 887 966 632 312 275 503 670 756 226 744 428 981 27 34 804 84 251 409 925 888 387 49 128 984 273 205 734 66 764 430 861 360 139 930 
23
0 15 17 29 31 52 70 72 73 76 79 86 91 107 129 133 171 177 183 184 187 193 196 
48 83
779 445 333 580 410 467 309 941 861 633 4 340 229 62 294 146 893 225 699 296 770 939 465 326 940 272 938 433 38 512 846 349 191 719 793 398 240 18 341 678 244 724 46 547 201 924 529 350 128 342 490 486 249 698 303 232 19 114 448 464 130 608 775 124 985 836 669 259 838 275 943 442 776 618 280 614 572 739 506 90 314 978 811 
20
23 30 34 41 54 62 68 70 83 87 89 105 110 134 135 147 149 155 191 197 
49 55
396 554 475 684 368 681 918 78 913 202 360 593 245 798 482 68 734 350 215 72 405 220 886 250 908 550 502 265 938 346 241 389 833 427 980 974 906 274 855 776 665 330 577 984 6 401 242 321 939 29 417 161 3 441 283 
17
11 12 30 60 81 84 124 127 150 155 164 165 167 173 179 194 195 
50 51
270 804 330 266 108 739 28 512 427 723 486 482 287 879 202 450 894 590 516 724 3 730 683 942 215 548 775 696 817 106 575 147 779 31 41 850 929 297 789 86 289 526 844 607 369 922 527 577 162 96 491 
14
24 45 54 73 76 80 86 124 126 146 161 162 176 194 
51 109
998 832 313 210 496 329 687 529 690 114 615 930 763 293 463 797 876 709 834 667 755 721 405 238 94 929 428 521 47 678 286 243 686 370 77 113 235 903 742 584 365 31 738 843 527 79 157 274 648 253 727 495 996 364 145 84 111 629 75 534 850 292 654 173 808 765 97 604 419 820 524 439 773 457 877 245 553 386 623 969 468 570 346 847 768 637 136 788 120 454 217 718 363 29 517 833 950 282 749 248 169 45 880 801 898 731 230 651 818 
26
0 3 18 23 41 60 62 64 72 85 86 102 107 119 123 127 129 132 140 156 158 163 169 175 179 194 
52 38
952 907 278 463 460 955 42 252 726 985 182 367 288 251 769 659 106 100 174 538 686 607 427 111 746 115 905 677 993 716 321 99 573 61 998 81 40 493 
19
13 18 20 24 35 42 47 54 59 102 104 105 106 115 128 134 163 176 191 
53 77
498 419 599 779 937 147 463 351 418 159 396 984 36 312 533 232 548 119 717 51 525 151 783 882 13 900 979 50 302 258 649 412 96 501 659 538 587 113 745 476 39 169 155 912 710 394 868 534 173 980 427 104 511 285 759 601 579 342 516 295 70 370 212 877 608 766 976 344 598 622 227 207 365 661 7 402 639 
22
6 16 17 18 24 46 90 103 106 114 119 120 132 135 136 151 152 176 179 186 192 199 
54 76
30 504 719 461 375 59 412 886 333 754 362 204 665 270 887 829 513 20 751 514 916 600 456 535 306 227 158 804 439 624 466 218 929 697 855 302 563 156 314 572 350 76 752 447 410 900 821 525 476 685 527 712 897 307 955 88 420 609 372 214 677 993 914 759 917 285 443 62 161 319 171 250 450 892 580 185 
17
5 10 35 48 50 52 55 58 72 75 81 107 144 147 169 185 189 
55 88
740 533 32 737 910 762 929 884 49 694 101 22 891 651 158 948 7 481 258 166 55 969 134 685 835 361 194 600 284 126 23 57 294 148 997 128 262 657 972 137 544 702 255 85 480 309 941 139 67 620 225 4 320 639 806 530 980 348 513 276 919 840 758 257 539 706 74 311 979 624 488 507 674 701 200 772 978 504 587 631 459 125 204 748 450 116 343 799 
13
31 42 43 54 56 66 71 88 103 104 130 137 185 
56 84
332 733 114 351 571 70 479 874 795 701 958 879 89 52 271 350 493 11 564 959 458 88 867 156 788 261 103 993 251 488 296 393 59 740 266 128 912 872 240 82 171 803 837 187 521 877 64 768 847 31 884 87 254 719 552 718 549 328 495 310 765 606 888 387 748 889 358 674 780 279 728 895 452 786 118 285 364 656 155 777 225 844 343 504 
24
3 6 7 8 22 44 55 61 66 73 79 83 107 114 115 119 133 139 143 161 165 166 197 199 
57 110
959 124 113 280 948 489 656 987 152 323 668 501 370 240 753 419 675 472 181 679 512 142 774 183 815 953 452 443 654 153 821 166 245 547 234 538 863 696 631 236 918 523 901 950 282 60 874 637 731 889 936 778 146 52 921 893 727 246 9 88 736 165 424 29 415 582 952 730 267 811 645 53 900 232 659 112 261 428 652 151 531 548 214 491 658 13 848 514 541 40 457 536 193 694 827 790 247 80 475 949 782 154 495 328 51 383 717 954 931 430 
18
2 11 14 42 45 79 87 96 109 119 123 143 153 176 181 193 195 197 
58 85
570 186 563 607 941 440 369 130 171 467 595 210 605 567 804 220 931 30 803 469 135 61 851 693 253 475 290 132 222 538 856 619 720 975 603 203 914 47 442 212 341 7 797 199 575 356 414 915 362 335 836 669 434 979 821 996 124 959 664 138 217 644 312 473 947 157 578 244 745 34 231 398 635 793 714 453 345 29 225 322 374 875 218 543 788 
21
11 12 33 54 66 70 84 87 88 102 107 112 115 116 122 132 143 152 164 184 195 
59 38
210 921 366 514 672 487 457 124 938 679 207 88 799 426 147 106 191 507 798 478 811 236 631 367 446 927 263 725 93 646 512 643 248 801 64 843 630 77 
15
34 38 52 64 66 69 79 104 128 130 149 154 184 198 199 
60 93
652 8 549 48 491 21 307 505 672 888 458 999 331 128 787 576 872 27 738 619 101 812 596 226 937 595 437 564 985 647 146 550 383 775 195 696 272 460 326 247 879 139 376 774 366 364 746 913 281 834 86 788 955 752 648 982 824 871 136 294 302 469 39 82 750 909 241 715 757 599 424 81 582 977 503 980 506 133 566 13 677 477 978 820 152 35 369 764 612 911 744 586 551 
20
13 19 26 29 39 49 51 64 96 105 109 111 139 160 162 166 181 190 193 196 
61 72
615 139 125 520 384 700 680 996 939 828 986 433 388 704 803 882 370 265 427 584 742 764 685 369 527 736 183 76 313 39 276 592 521 50 639 37 353 90 270 330 848 713 476 266 661 561 631 314 892 516 960 812 935 66 677 440 659 123 202 913 99 135 886 965 19 381 539 173 489 526 849 375 
14
4 15 20 56 98 106 110 120 126 127 166 167 184 189 
62 99
138 305 698 741 908 126 293 460 404 20 403 714 473 640 931 427 97 254 774 458 311 339 971 418 892 247 721 800 958 432 854 64 678 940 229 861 703 516 990 464 859 148 384 50 366 603 568 483 720 393 709 514 83 636 66 862 573 740 115 326 827 159 871 203 610 768 503 670 196 575 79 285 759 137 611 295 629 127 628 331 498 618 423 976 37 538 204 371 736 25 526 699 113 350 429 831 292 960 12 
15
19 22 26 48 51 66 103 155 157 168 177 181 183 192 197 
63 110
685 351 997 654 417 751 593 306 889 99 266 466 633 146 647 981 620 557 842 925 440 106 612 946 111 454 120 788 188 314 147 97 18 615 536 716 382 617 28 818 344 265 526 881 610 140 966 298 288 403 439 694 360 809 402 560 270 428 542 24 707 786 973 138 434 27 738 554 43 960 626 705 219 720 825 509 657 991 824 407 240 987 319 759 170 671 838 576 687 416 328 495 14 199 928 594 564 485 1 168 42 634 239 79 395 316 471 392 225 354 
15
13 19 42 69 73 86 103 109 130 142 148 158 165 166 187 
64 78
576 339 496 778 541 121 832 911 257 73 534 929 87 324 798 877 779 111 427 373 215 294 337 574 653 66 856 619 658 79 711 264 697 233 85 688 451 281 360 439 799 404 886 517 989 870 30 899 117 582 661 365 624 797 723 945 792 713 543 210 668 77 250 527 557 715 399 872 909 277 126 758 837 721 563 458 663 367 
14
17 19 40 51 59 60 78 82 97 101 155 170 175 180 
65 64
535 49 507 902 447 763 161 475 196 801 482 719 561 956 776 65 961 566 258 732 701 464 294 926 847 133 59 897 404 582 977 200 274 629 672 415 448 509 182 261 952 557 125 804 14 10 571 41 673 631 710 559 85 950 504 916 47 995 414 572 19 312 944 698 
15
15 20 24 68 70 79 84 88 90 112 118 119 161 184 197 
66 94
911 744 705 531 462 367 723 556 486 991 490 582 788 454 455 227 385 69 48 250 913 25 354 914 45 835 334 852 615 830 988 226 345 21 689 683 130 500 70 884 726 805 193 430 298 61 140 532 791 80 159 635 191 849 296 129 499 666 592 484 656 357 436 696 757 293 774 300 734 673 339 418 655 321 633 466 238 906 672 338 4 241 731 995 205 718 695 528 449 264 765 214 548 785 
25
7 14 18 19 28 38 42 55 56 58 59 62 79 96 98 109 113 118 123 154 160 186 195 197 199 
67 44
768 525 932 641 86 173 726 263 674 912 665 110 225 936 307 233 434 27 602 779 968 144 59 98 651 175 96 666 609 394 868 473 769 917 973 420 679 837 828 145 692 581 4 966 
19
4 31 33 40 77 78 79 81 86 95 109 114 118 121 147 152 160 179 190 
68 90
45 379 263 430 408 37 538 383 709 585 752 926 847 679 995 521 325 404 202 942 608 398 561 245 236 437 595 516 723 793 960 407 121 455 825 618 475 879 484 405 247 637 321 453 24 525 155 629 25 894 255 334 61 228 307 149 714 46 601 417 132 843 606 168 502 621 176 844 639 718 50 885 260 734 962 697 196 113 271 805 647 925 548 153 694 852 675 696 664 831 
16
0 6 14 20 30 39 48 65 71 76 77 109 119 127 128 168 
69 91
718 663 48 883 951 655 892 729 61 896 294 207 708 151 691 454 632 316 704 871 928 427 886 380 598 988 430 649 983 457 281 536 202 412 913 350 851 219 673 451 468 842 201 280 122 286 685 437 358 338 812 882 442 662 335 256 89 393 912 77 855 860 884 383 778 909 575 74 933 265 599 678 805 972 471 616 625 792 959 490 968 889 850 671 170 730 229 794 121 956 288 
18
6 9 20 31 37 38 59 63 73 96 101 140 142 151 174 178 185 194 
70 54
204 555 160 417 496 180 812 672 119 776 853 300 957 88 615 188 780 638 510 621 244 472 324 398 319 786 75 519 445 224 372 485 896 862 906 342 579 627 449 24 893 819 488 913 758 284 206 569 200 515 989 70 447 921 
12
16 22 31 47 48 58 65 79 120 132 177 183 
71 64
262 341 984 747 139 376 295 784 231 211 39 676 47 837 825 354 670 728 550 471 866 920 772 456 208 356 198 593 585 215 571 934 638 971 83 237 382 802 156 735 95 332 128 134 380 397 34 154 549 623 511 116 612 765 686 370 923 309 33 773 329 408 107 344 
12
29 55 68 89 93 122 125 129 140 162 192 196 
72 87
363 657 490 355 856 395 299 132 52 554 946 551 50 524 899 64 143 545 843 175 254 685 17 532 986 117 705 152 577 814 450 173 510 974 473 66 628 795 906 511 498 331 832 358 182 15 516 528 367 781 214 548 281 491 992 977 476 994 775 608 441 93 580 106 774 878 105 272 816 983 500 667 20 666 639 900 663 372 873 571 988 831 719 848 180 625 959 
21
11 14 17 20 45 47 51 54 75 98 116 118 122 142 145 146 152 154 163 167 198 
73 100
176 235 736 146 977 309 345 85 19 186 356 523 189 237 738 171 226 907 591 932 330 998 659 261 272 35 339 23 43 195 985 590 924 540 429 123 199 533 454 851 535 219 298 592 473 57 538 750 249 62 129 41 208 770 603 314 823 747 116 784 231 942 581 63 800 148 789 622 877 8 166 904 236 403 245 579 421 263 934 697 776 381 548 74 879 712 811 337 253 17 162 971 470 945 611 585 562 953 149 488 
18
20 30 37 45 47 50 56 63 69 106 122 135 140 168 171 177 185 197 
74 73
852 362 375 908 592 987 432 469 864 555 386 465 937 779 359 754 799 324 435 648 71 684 126 679 284 24 261 498 637 896 847 440 661 892 181 643 487 117 107 938 783 309 287 240 823 191 981 796 607 845 216 743 965 958 642 484 114 730 271 604 244 788 25 790 395 772 846 162 557 159 949 26 895 
16
16 18 27 79 85 92 97 102 108 135 137 159 185 188 195 199 
75 95
173 674 982 271 438 605 140 391 124 609 779 445 111 278 951 116 830 652 642 721 346 978 334 887 2 22 180 119 286 593 760 915 204 441 599 865 831 536 706 382 883 328 69 834 360 300 596 359 754 374 428 465 256 710 821 751 584 607 212 476 977 803 547 176 510 381 900 65 758 600 601 67 936 269 770 296 964 525 358 896 466 373 452 827 66 734 795 518 17 130 965 658 816 649 482 
18
2 27 54 72 76 103 104 131 147 151 163 177 181 182 191 194 195 196 
76 48
909 121 595 995 758 202 123 535 219 140 851 812 957 869 388 203 889 429 503 922 71 639 321 576 37 293 925 649 390 357 147 698 303 559 796 870 981 364 956 549 393 247 563 952 904 115 826 331 
22
14 15 18 37 47 50 68 75 88 97 108 121 135 137 149 175 178 180 181 189 194 198 
77 52
904 988 435 707 944 394 315 395 10 484 404 167 465 687 257 651 248 410 965 138 323 64 804 403 144 81 353 390 472 717 952 162 584 108 850 918 834 992 313 231 305 68 150 504 97 837 47 739 186 344 603 122 
29
12 35 36 44 67 68 94 96 98 99 107 108 109 121 130 141 146 147 149 155 157 165 166 183 185 186 189 190 192 
78 54
656 869 614 219 883 263 342 216 295 600 803 736 894 551 630 926 530 925 998 83 139 94 464 885 404 800 228 924 213 450 789 308 123 913 358 99 539 190 260 447 40 666 691 296 985 906 795 479 91 979 865 204 352 981 
19
14 25 26 27 45 64 67 80 83 85 99 138 148 149 154 161 182 184 199 
79 82
29 332 228 311 790 869 605 489 94 205 916 926 294 519 203 555 397 28 976 179 969 495 670 668 158 826 972 405 75 576 983 351 720 878 9 67 462 436 299 965 150 335 520 247 915 314 867 413 44 814 981 112 607 830 435 500 337 3 551 384 675 175 843 53 309 643 917 848 423 590 751 417 970 198 532 31 617 188 856 479 874 460 
25
3 9 18 21 47 56 57 59 65 66 67 70 74 84 105 106 107 111 112 113 115 123 129 157 161 
80 84
598 924 10 344 815 461 831 278 978 746 588 87 640 473 631 315 877 376 771 569 680 470 114 949 633 912 596 333 60 728 324 157 658 214 679 126 390 237 553 933 854 220 541 873 189 451 117 729 595 918 444 862 737 69 735 302 433 934 707 39 397 258 21 976 581 198 963 863 789 288 257 161 301 635 242 544 623 35 870 202 88 641 928 840 
15
19 37 44 50 78 88 95 96 138 146 149 153 159 160 179 
81 90
565 899 530 358 595 612 66 734 21 276 944 342 736 789 710 868 764 374 611 110 584 663 351 983 904 193 861 782 631 798 322 401 771 336 837 442 726 88 957 404 878 227 601 407 722 524 208 919 603 408 112 192 989 910 614 447 669 195 353 590 757 393 560 841 683 182 952 557 629 577 76 966 334 602 717 49 624 791 472 639 806 332 635 46 547 106 608 107 352 974 
18
5 7 21 32 42 49 54 67 84 103 118 120 135 142 158 174 190 198 
82 74
383 931 773 830 159 554 527 342 895 650 97 255 281 540 570 965 845 891 970 269 427 47 796 315 774 932 723 131 359 443 456 377 340 748 267 156 630 946 288 700 147 507 270 508 977 223 592 908 398 928 817 4 411 193 668 335 736 465 466 387 573 721 784 863 530 121 215 418 339 562 9 402 711 790 
19
7 9 13 16 20 32 64 85 98 111 113 134 139 142 150 152 174 181 198 
83 47
426 584 763 289 521 734 551 581 739 222 617 478 885 626 959 392 910 133 923 116 71 782 898 561 680 247 358 25 670 211 718 501 134 924 589 115 36 941 312 164 548 367 209 530 901 161 407 
18
14 22 36 48 56 78 97 99 104 126 146 147 150 153 179 181 184 191 
84 91
867 415 582 201 702 535 335 376 543 322 155 684 851 725 703 437 674 313 76 969 802 469 627 765 125 46 599 337 671 3 373 610 530 345 736 420 499 439 281 217 557 157 947 760 956 7 386 644 978 172 5 190 400 901 66 215 382 63 285 249 917 364 176 915 581 670 38 539 729 896 70 738 250 985 37 116 300 467 516 182 625 792 429 701 41 440 685 214 715 47 605 
26
2 8 18 22 49 58 65 79 81 89 94 97 113 121 131 140 142 148 153 156 167 174 178 185 191 197 
85 80
424 706 286 839 62 147 870 369 448 296 914 63 428 270 744 778 98 809 268 900 347 196 48 996 456 535 219 732 969 838 337 828 494 573 700 199 216 717 236 805 626 57 443 610 531 985 466 58 726 392 234 393 894 206 707 75 639 402 955 879 326 856 921 684 350 111 634 385 151 757 878 764 597 173 841 912 169 978 143 251 
20
3 22 26 45 51 74 78 82 88 93 111 125 133 141 153 156 158 166 179 190 
86 57
972 387 466 635 477 191 981 299 97 492 321 13 250 69 616 695 932 502 442 844 104 16 677 756 446 435 503 44 821 109 296 851 145 485 576 787 399 732 812 338 451 530 937 287 366 166 869 331 489 737 421 330 14 333 175 523 760 
28
25 39 43 47 50 51 63 67 93 94 101 102 118 121 127 135 143 145 147 149 153 173 176 185 188 189 191 192 
87 109
479 145 176 844 927 873 372 706 111 26 360 527 913 746 39 829 203 704 544 377 100 298 632 693 376 723 55 222 201 567 943 548 509 272 114 19 98 730 115 616 392 945 831 752 251 249 91 258 811 988 787 119 994 915 820 450 924 652 573 257 6 674 595 341 183 212 305 147 331 410 224 3 88 289 867 393 395 157 889 555 801 467 260 859 22 207 823 656 437 103 83 584 470 785 618 855 995 363 293 158 659 712 642 475 824 113 554 53 800 
16
0 9 18 27 48 57 58 88 97 101 104 122 142 168 182 183 
88 107
663 162 24 679 970 833 165 209 864 488 655 822 576 743 910 729 925 591 448 615 806 174 534 200 701 60 561 272 730 888 967 299 378 934 766 213 687 924 91 802 468 828 293 794 952 979 110 814 81 2 858 147 674 279 8 575 456 984 762 677 440 354 187 977 113 923 570 708 234 568 726 500 917 487 882 250 13 681 80 86 461 540 107 344 465 100 495 829 168 836 731 133 968 300 695 798 464 479 163 497 377 544 711 506 346 12 847 
25
4 7 16 32 33 41 55 58 65 76 80 85 87 102 112 122 131 132 136 139 150 152 183 185 187 
89 107
451 117 841 6 288 933 752 585 626 292 125 737 69 296 201 34 371 644 407 908 676 625 309 546 379 102 603 497 748 5 3 161 874 373 9 404 720 950 160 469 246 580 478 50 524 421 22 733 338 382 224 58 137 814 146 67 405 487 250 474 967 202 394 28 528 361 917 522 396 712 949 782 888 387 982 61 727 411 334 966 708 155 185 519 352 273 934 769 936 602 141 104 930 262 763 331 884 889 865 786 907 830 33 425 335 669 836 
18
10 28 31 39 45 46 48 71 84 90 92 97 106 139 165 172 177 198 
90 94
473 306 139 984 817 483 705 73 574 877 245 412 746 831 924 704 903 496 970 679 284 585 559 243 322 210 476 252 999 458 300 94 595 40 119 901 567 734 771 692 982 648 964 816 895 500 82 916 582 509 351 904 869 972 507 349 212 10 658 491 167 844 9 641 944 75 485 802 881 25 639 478 738 146 699 294 265 976 354 447 781 915 125 258 495 936 268 602 876 208 756 941 63 230 
27
3 11 14 16 20 26 27 30 32 34 35 53 65 89 98 104 115 123 125 127 132 138 142 159 166 182 199 
91 68
826 510 431 589 425 451 372 688 217 59 612 25 341 490 79 555 871 740 661 266 635 191 981 590 887 571 232 565 328 343 659 526 207 540 762 577 487 302 204 749 986 557 200 600 226 41 380 527 211 177 888 201 423 559 164 996 699 67 429 34 745 179 623 771 297 212 10 484 
13
47 95 103 110 111 130 141 166 169 171 172 175 199 
92 60
947 704 306 674 569 95 97 696 765 480 559 376 623 168 563 575 496 22 618 539 695 140 177 572 551 229 599 7 699 620 926 691 454 84 830 645 305 673 120 498 124 73 141 190 576 979 189 720 957 657 499 805 331 281 429 34 903 451 214 769 
15
11 13 74 89 93 98 109 113 122 131 141 143 152 159 184 
93 78
746 272 983 295 471 76 497 23 756 440 679 284 642 721 958 468 784 616 569 253 865 75 150 409 725 188 706 943 906 55 478 959 226 183 262 146 462 936 911 254 491 890 357 1 554 534 749 275 751 972 856 303 451 31 871 33 921 492 729 87 926 847 531 106 975 702 465 208 230 26 737 414 256 955 691 641 167 133 
22
9 13 14 20 29 30 31 71 85 86 92 113 145 148 152 166 171 173 178 181 194 196 
94 70
964 95 894 262 575 338 612 643 801 17 211 369 989 212 286 693 977 869 553 546 625 744 81 160 235 119 514 40 62 615 243 227 148 629 557 784 626 426 833 470 944 315 225 484 497 416 603 246 688 226 726 319 267 8 32 460 223 63 458 206 516 42 402 86 371 292 114 272 703 185 
14
1 19 28 41 77 84 86 132 141 162 171 181 191 198 
95 76
807 962 172 482 245 112 485 722 169 468 231 990 200 358 657 262 974 439 913 161 3 729 492 896 817 501 580 785 969 62 536 688 669 928 443 702 205 679 760 602 178 641 190 338 396 692 447 672 783 323 381 440 509 899 741 61 976 828 199 340 972 964 384 779 187 213 924 803 408 645 553 775 393 23 335 572 
18
8 13 21 36 67 80 91 113 116 119 120 145 161 162 163 186 187 188 
96 51
245 87 379 926 303 461 274 349 744 936 778 370 291 401 638 693 730 27 878 141 326 405 331 495 2 56 463 454 951 980 613 205 448 108 367 911 64 301 987 153 785 394 273 431 855 776 76 550 558 105 31 
21
6 7 20 23 57 60 66 69 77 80 99 111 134 145 147 157 159 181 182 189 196 
97 40
216 8 378 852 202 979 126 296 159 856 634 889 43 29 954 645 867 963 726 410 155 610 55 289 30 578 104 152 498 577 917 127 206 835 944 167 878 641 421 738 
26
8 10 16 22 28 40 45 64 74 76 83 84 87 89 101 106 107 114 127 131 140 141 168 173 189 199 
98 65
625 309 467 573 652 510 273 115 608 134 370 883 14 834 992 316 149 864 533 95 6 796 927 261 139 707 966 507 368 525 207 318 947 910 355 615 356 794 109 701 486 61 609 135 949 468 502 57 329 730 635 951 521 640 432 165 876 726 331 173 674 759 429 903 591 
20
21 61 66 72 77 82 90 92 105 112 114 119 128 141 170 182 185 188 189 192 
99 102
96 33 367 265 918 417 846 11 362 283 407 427 93 662 495 5 172 438 939 754 389 231 577 182 307 70 551 358 533 612 797 560 13 297 900 426 505 9 666 429 508 710 81 397 841 365 813 330 629 202 79 781 948 967 572 559 313 647 783 862 561 652 542 305 61 896 888 387 54 370 686 18 118 224 39 540 68 736 745 578 712 80 791 100 179 435 157 825 782 114 351 907 828 38 196 273 440 522 838 219 52 300 
17
2 3 10 17 77 78 83 96 112 140 149 161 163 172 181 184 197 
100 86
878 1000 806 973 138 937 814 498 628 865 786 953 84 818 929 376 358 516 220 334 524 50 551 244 481 696 413 914 677 322 85 791 712 1 434 5 673 414 81 239 816 811 21 880 769 214 530 87 398 872 371 793 292 963 839 523 444 218 552 473 834 63 361 194 219 303 96 570 69 587 422 259 733 353 476 643 142 810 309 729 395 738 237 869 875 541 
16
1 4 10 30 31 42 112 118 133 140 156 157 160 172 185 189 
101 85
918 690 469 803 302 727 560 530 609 259 891 654 577 498 30 346 899 959 722 759 267 601 206 306 701 543 710 549 924 600 934 490 149 778 13 2 646 43 280 613 929 448 843 915 730 219 554 238 867 578 421 230 467 452 489 972 805 951 181 802 486 628 461 109 777 621 463 797 379 257 308 861 138 763 526 896 629 796 401 992 765 528 890 869 143 
16
14 16 34 64 69 86 87 97 115 131 136 141 158 164 169 176 
102 58
46 247 446 604 602 760 112 428 981 75 154 949 238 159 351 234 155 787 26 480 998 366 347 758 943 869 743 40 754 122 292 139 731 176 169 835 132 686 844 733 725 436 143 566 645 793 635 34 886 72 425 583 109 267 640 561 87 956 
21
15 30 34 43 45 51 52 58 74 86 88 126 128 134 137 146 148 167 186 197 198 
103 97
676 629 963 40 171 861 527 490 323 891 304 422 302 523 655 695 194 845 529 564 485 406 907 591 685 922 785 232 937 928 375 876 639 718 64 301 468 990 911 127 769 840 366 32 980 337 416 811 122 43 930 264 466 330 531 57 198 539 909 575 649 872 204 441 520 183 270 276 720 572 45 835 282 647 568 273 303 856 643 476 446 821 595 261 419 871 370 227 622 24 859 12 407 91 58 559 949 
25
7 10 35 39 46 53 55 62 63 75 81 91 113 124 128 135 136 150 154 160 161 162 167 168 179 
104 57
252 726 805 647 568 283 244 128 485 801 143 221 774 258 864 738 501 664 980 823 270 546 87 39 104 736 650 567 40 953 558 338 486 895 832 985 711 167 266 29 108 154 113 271 824 182 656 138 217 519 914 976 833 201 759 285 127 
20
0 8 30 32 36 44 52 55 59 75 83 87 90 136 144 161 168 173 186 192 
105 45
1 949 80 105 533 138 454 470 154 997 419 674 267 220 378 277 276 337 559 150 204 916 848 380 713 13 469 55 924 65 776 307 11 455 817 10 484 872 471 316 474 254 180 328 288 
16
10 41 48 52 60 79 98 106 108 132 135 148 159 163 164 189 
106 88
943 191 525 398 565 22 901 968 788 378 62 408 803 815 183 699 708 541 70 107 559 564 327 537 643 142 93 173 543 163 716 95 156 490 632 965 886 27 767 861 844 245 956 807 640 946 612 908 456 938 771 177 98 967 610 953 452 848 539 379 546 200 252 419 277 947 794 521 907 395 729 255 88 756 431 989 535 368 210 197 30 865 707 389 802 336 837 503 
25
5 18 37 38 39 40 44 52 53 61 73 79 89 97 105 109 117 135 154 155 156 157 185 188 196 
107 70
819 266 734 260 971 239 792 980 803 970 733 101 259 872 59 725 420 511 570 52 777 851 358 674 753 123 676 579 263 616 774 56 574 593 388 314 178 448 929 559 984 115 343 443 429 113 572 189 979 712 860 304 367 543 186 934 223 839 49 152 705 863 478 715 162 459 434 513 884 726 
22
11 14 23 27 45 47 51 54 56 58 77 79 97 109 140 152 156 170 172 174 176 198 
108 62
329 566 379 616 259 338 101 968 649 254 718 876 202 831 594 258 416 574 147 858 60 929 613 726 173 367 802 950 467 953 97 18 176 483 791 939 523 745 204 682 786 819 108 977 405 617 143 709 235 156 832 121 269 743 451 488 636 778 741 540 315 789 
20
11 17 26 33 41 43 74 76 77 105 133 138 139 148 149 158 163 165 181 188 
109 52
13 793 951 403 877 146 789 902 744 126 411 338 501 27 443 371 216 748 993 45 28 583 472 633 29 399 537 15 214 372 91 591 182 663 737 26 585 619 508 841 762 651 121 675 934 638 93 883 71 624 703 615 
25
13 20 24 29 31 42 57 60 63 66 67 68 77 92 106 107 122 126 142 152 159 161 163 187 191 
110 46
660 976 200 177 910 189 268 708 679 678 974 863 986 992 215 114 352 587 553 213 139 894 341 526 222 925 254 333 936 20 918 760 427 151 546 625 181 892 132 307 939 458 330 710 552 636 
16
4 26 27 48 61 91 133 141 145 146 157 165 167 169 171 178 
111 64
278 357 436 805 726 138 691 234 550 670 986 79 395 449 480 6 507 428 981 285 680 838 522 572 557 927 295 635 980 926 543 950 781 411 12 369 811 61 151 784 361 718 106 10 232 672 909 169 437 97 578 218 181 662 899 344 441 915 774 853 384 584 631 473 
26
3 14 15 19 20 22 34 40 60 79 82 85 91 96 113 114 126 131 137 138 149 180 181 191 195 196 
112 68
536 645 505 663 30 866 669 454 375 639 7 886 96 839 592 549 993 45 734 418 381 934 11 8 403 680 443 619 952 638 315 733 696 34 272 790 77 3 620 287 546 657 943 610 703 782 229 940 679 600 415 676 167 137 611 84 321 335 593 805 963 826 932 458 942 73 924 369 
26
3 10 12 20 27 30 33 38 58 65 79 88 98 99 100 114 123 126 129 142 144 152 158 165 182 190 
113 103
230 731 686 616 115 282 695 130 631 51 105 272 918 83 938 69 403 570 236 411 674 507 6 626 793 677 203 914 848 25 896 283 55 573 587 858 463 414 256 651 667 333 366 268 676 989 997 472 314 611 945 242 953 947 657 991 878 43 265 494 828 415 749 717 888 53 926 136 303 935 906 37 349 15 687 854 372 706 153 400 734 761 260 170 671 908 852 62 483 316 840 506 779 111 612 632 298 762 261 545 861 402 152 
17
11 25 66 79 82 84 92 93 95 103 111 115 123 132 160 171 180 
114 65
810 731 52 348 111 690 137 824 587 230 467 779 463 188 109 950 634 476 555 127 680 806 870 352 740 503 733 393 637 242 550 933 143 981 962 185 15 200 904 201 596 92 104 499 419 86 552 811 457 827 584 347 51 828 376 413 149 556 283 599 322 840 998 366 603 
21
2 19 28 33 39 53 56 67 97 98 111 112 122 124 152 181 184 186 189 190 196 
115 62
657 104 582 47 430 825 114 686 923 528 449 460 288 732 584 828 670 893 32 11 959 90 455 297 931 536 857 49 641 605 309 775 812 701 911 593 277 869 787 84 328 846 140 645 94 876 965 373 928 638 401 203 993 831 274 311 320 863 468 98 737 774 
19
0 37 52 56 58 79 90 101 113 119 121 136 138 149 165 174 176 180 195 
116 104
579 88 484 600 781 228 361 949 615 1 379 880 133 634 225 936 163 330 960 125 351 279 43 97 451 135 220 20 415 183 894 824 903 555 930 456 708 550 155 82 56 724 132 211 457 290 983 841 288 920 474 807 460 719 423 984 273 115 352 345 986 591 438 142 401 227 394 868 468 73 942 655 822 23 190 770 348 849 682 742 241 230 564 169 907 406 676 935 813 145 461 48 759 425 890 55 109 276 364 197 861 571 237 404 
17
27 37 43 58 72 95 124 136 142 149 155 167 172 174 175 195 199 
117 79
679 642 344 583 204 362 46 881 598 97 334 856 303 470 707 628 372 853 903 350 781 794 952 761 523 602 999 841 90 904 351 983 638 889 218 882 269 664 338 760 92 259 323 639 358 42 543 905 224 391 725 965 728 950 752 546 921 131 799 683 15 1 940 281 108 186 687 697 521 855 220 411 953 604 103 139 473 866 198 
15
5 9 33 37 41 42 106 122 142 161 172 179 184 185 192 
118 59
366 761 603 16 394 216 611 758 679 465 502 818 896 981 507 796 582 508 34 556 306 69 701 766 340 118 298 219 670 214 135 628 73 517 651 538 871 913 97 23 643 627 72 365 550 825 316 237 802 12 336 346 30 110 900 268 979 672 435 
19
2 20 37 40 65 66 67 72 81 86 100 123 133 145 146 155 156 167 197 
119 82
95 287 944 109 555 999 861 530 516 128 520 362 339 877 403 433 828 899 825 453 912 404 957 802 881 807 96 965 22 891 460 126 758 662 829 422 264 163 499 869 79 612 375 427 408 852 757 89 344 723 556 419 982 638 116 562 61 729 8 342 667 500 420 921 227 60 480 647 981 320 973 305 234 62 396 21 179 680 409 407 73 282 
18
11 26 36 51 53 56 57 65 68 95 98 115 127 146 153 164 178 187 
120 95
62 396 990 725 698 197 777 810 476 925 591 135 803 162 329 952 649 811 890 136 847 304 711 213 371 845 250 269 208 129 664 998 831 752 199 231 655 519 223 855 381 840 5 172 394 345 485 133 607 244 697 363 995 255 483 966 799 946 393 58 337 504 608 441 737 184 658 324 813 312 786 593 259 180 36 510 717 938 772 407 908 353 63 682 181 849 449 616 783 439 150 601 499 762 96 
15
24 42 43 53 61 70 81 95 149 151 152 157 162 169 178 
121 95
678 10 845 270 5 339 295 772 383 962 795 100 337 463 74 909 440 835 832 657 499 666 192 888 894 59 639 86 754 43 280 854 565 802 82 537 315 553 79 208 245 798 519 686 168 651 484 976 642 404 147 189 562 228 80 450 99 652 685 843 593 47 205 89 924 590 906 69 570 324 491 76 866 2 476 755 13 215 373 27 422 325 659 841 90 120 419 489 411 850 929 345 844 9 510 
17
7 24 25 29 39 67 76 77 84 86 115 125 129 131 137 144 158 
122 91
81 879 371 80 455 92 927 695 723 556 565 782 650 947 552 145 856 522 917 643 959 963 506 25 420 839 409 148 74 232 626 663 533 700 357 181 655 102 191 173 6 507 85 586 746 156 509 8 69 403 971 637 558 716 313 814 146 67 775 758 442 671 934 982 659 18 352 115 589 756 623 919 714 636 353 907 127 294 678 113 948 621 955 660 202 360 694 988 226 560 727 
24
7 22 24 28 42 45 58 71 72 73 87 88 92 109 114 117 126 128 147 161 173 183 185 194 
123 42
324 877 228 551 411 408 445 260 37 111 571 423 265 147 767 249 841 501 974 678 69 587 216 828 153 301 145 856 431 373 646 735 498 952 873 977 940 151 309 230 504 639 
16
1 25 29 36 51 57 66 79 90 112 113 118 175 176 180 194 
124 110
562 962 795 399 798 417 584 832 331 680 346 309 977 540 39 135 302 469 530 90 754 833 165 332 264 497 998 586 770 436 460 961 644 328 486 291 844 282 449 369 290 651 577 24 893 730 396 808 571 560 475 642 633 800 716 531 223 656 990 731 157 658 816 26 345 429 840 32 366 674 507 773 485 670 682 849 49 760 826 668 36 871 873 706 782 690 681 848 210 568 479 312 52 386 462 761 594 19 854 520 815 639 973 487 876 208 709 77 376 416 
9
16 49 50 103 114 116 164 180 198 
125 111
86 587 754 655 321 401 67 504 3 783 950 60 895 124 959 291 836 502 520 277 778 198 532 605 684 888 148 482 315 432 933 417 897 976 422 255 711 518 61 276 741 56 451 938 376 677 71 47 205 758 824 476 207 996 680 127 848 690 236 157 325 508 174 614 781 860 702 4 21 150 317 712 686 212 499 429 262 732 64 275 349 507 744 410 336 968 215 974 620 295 462 389 556 416 82 972 656 375 742 900 65 668 470 804 646 564 247 326 551 266 831 
14
3 20 71 85 90 121 139 153 158 181 189 190 194 197 
126 57
2 555 697 855 847 222 617 592 338 77 630 709 491 400 493 967 382 664 980 577 883 368 522 219 49 863 789 107 255 213 745 541 755 291 801 138 174 872 354 907 426 241 884 15 94 166 129 682 544 702 665 191 391 312 154 147 305 
26
4 9 10 12 13 15 31 32 33 44 46 50 61 83 102 109 111 112 122 132 139 150 153 175 182 184 
127 84
433 120 454 893 696 237 45 603 215 768 496 832 674 42 376 12 249 915 478 83 756 923 109 188 757 590 35 114 319 872 174 860 506 321 78 868 185 343 962 110 861 229 299 214 794 293 197 91 592 403 737 310 811 171 803 2 950 150 651 405 442 259 426 92 760 49 540 619 494 307 140 649 81 582 650 669 1 618 785 613 112 833 86 138 
17
4 14 24 49 51 61 68 86 90 97 119 134 139 143 144 149 187 
128 86
688 572 405 238 739 168 299 427 921 526 52 27 501 945 113 982 147 278 779 701 148 35 939 307 122 377 431 932 473 53 423 127 318 485 11 892 990 753 304 156 452 531 370 333 254 161 738 237 973 341 724 257 643 810 630 296 248 749 674 507 437 270 661 266 337 346 243 954 453 380 970 644 899 565 343 844 176 914 901 66 646 251 782 785 942 609 
19
11 19 24 29 33 34 37 39 52 59 68 98 102 103 122 179 186 195 198 
129 54
73 231 833 280 122 393 630 202 965 412 747 488 178 209 446 841 801 327 956 771 401 869 277 536 925 777 658 168 148 464 622 707 265 874 5 930 614 173 328 960 565 72 151 108 351 272 680 792 921 732 811 416 78 394 
11
6 13 43 47 51 71 79 112 121 137 192 
130 52
463 937 504 879 842 213 932 155 710 860 962 480 717 739 94 87 827 724 428 539 666 84 861 193 176 23 133 686 607 46 649 175 672 376 455 468 579 540 856 79 286 365 476 422 106 535 499 262 736 701 938 543 
20
1 3 14 21 34 55 59 63 77 91 147 149 150 156 164 165 166 177 187 191 
131 48
942 776 338 812 727 986 512 298 829 755 307 672 43 621 129 406 707 312 516 736 107 403 143 328 846 171 23 72 625 467 82 949 790 395 548 141 296 666 962 787 243 759 18 334 188 969 599 952 
18
1 20 36 40 75 84 88 92 97 101 111 121 157 168 183 187 190 192 
132 104
835 826 915 843 175 132 354 741 789 288 383 216 699 693 192 514 423 757 952 451 549 215 911 821 619 698 776 302 518 913 281 453 189 22 690 720 754 596 81 457 220 648 809 651 730 129 919 637 566 408 213 845 88 923 997 461 127 917 164 283 530 214 1000 696 562 896 228 644 6 841 819 569 235 867 257 758 539 205 706 906 626 737 263 515 35 534 384 217 436 269 212 546 467 388 722 725 567 3 671 601 434 517 350 774 
21
19 20 24 38 45 51 53 58 70 88 90 94 105 113 126 139 148 162 176 182 184 
133 59
945 392 76 485 513 829 671 39 640 877 210 526 1000 842 731 604 130 51 732 519 350 872 997 109 627 372 251 855 366 445 636 520 362 46 216 902 817 397 344 220 694 86 481 463 433 796 322 211 304 642 528 607 357 154 80 808 334 413 887 
19
23 39 47 56 85 100 108 110 118 145 146 158 164 169 172 174 183 186 193 
134 39
802 91 649 42 227 256 940 253 643 201 571 164 275 515 910 673 741 629 896 415 748 514 890 187 409 853 712 263 522 636 4 794 568 901 656 824 513 660 739 
20
1 10 19 22 30 32 41 48 52 82 96 102 127 147 163 171 181 192 196 198 
135 55
858 594 9 562 782 264 501 17 886 757 256 493 108 622 566 300 537 63 616 393 467 427 180 143 714 999 50 602 232 565 103 52 318 437 45 263 78 889 573 798 169 954 322 174 275 410 558 297 218 292 448 53 290 892 813 
16
9 37 48 53 73 74 76 81 86 103 105 106 161 163 170 181 
136 50
820 334 571 121 50 682 418 872 951 161 21 71 220 773 296 333 937 929 809 414 651 984 22 56 525 288 522 917 594 507 433 242 5 301 587 429 824 600 896 128 979 77 137 295 934 46 406 327 35 368 
15
7 30 53 88 101 103 104 115 116 141 151 161 175 176 178 
137 87
510 145 330 193 316 884 550 301 815 429 929 781 62 692 358 753 42 848 137 700 599 766 54 165 797 662 978 267 188 539 684 277 532 198 435 593 531 215 490 727 714 858 524 445 561 116 708 703 743 742 557 373 39 908 105 816 260 808 465 966 413 625 765 598 503 878 325 545 712 949 515 849 981 270 103 738 683 999 367 974 807 243 6 154 610 443 400 
23
3 5 12 33 36 41 43 55 74 76 102 111 121 129 148 162 166 172 179 180 183 188 192 
138 101
757 256 89 423 60 356 523 830 460 293 961 794 126 61 737 69 224 420 45 180 490 141 216 954 243 766 127 48 838 522 478 1000 1 50 129 603 366 282 302 675 359 284 47 483 88 996 829 44 784 491 755 254 872 77 484 402 476 431 929 458 137 805 568 735 559 893 890 179 862 270 110 859 364 30 531 272 232 91 152 486 802 714 881 703 721 387 868 983 482 956 676 8 342 372 910 591 621 336 687 353 28 
16
13 17 26 39 45 78 80 90 108 111 115 144 147 160 173 191 
139 70
324 245 342 421 686 54 739 491 499 551 946 472 215 689 733 654 820 267 391 271 345 210 289 843 606 214 632 79 299 603 828 781 545 230 95 917 646 636 7 673 821 377 796 592 770 548 348 755 169 327 701 67 146 854 825 282 124 916 679 284 337 529 371 152 73 912 431 264 708 967 
20
56 60 82 88 89 108 125 126 127 132 149 151 157 161 162 175 184 186 191 194 
140 83
972 218 783 950 878 58 650 8 561 728 665 33 823 548 74 141 773 939 855 277 737 816 32 111 537 56 930 634 160 804 637 755 52 993 786 865 490 799 170 762 446 39 83 955 287 876 208 41 495 996 108 378 211 71 268 912 907 371 849 341 183 1000 332 499 825 157 68 153 320 487 415 889 622 353 985 857 620 954 897 790 113 434 935 
19
13 14 30 31 36 39 51 69 71 73 84 97 99 100 107 150 174 198 199 
141 106
535 142 932 324 929 428 697 363 631 67 272 4 672 171 189 370 194 843 676 8 527 360 836 669 1 293 964 254 675 359 331 252 963 20 99 731 889 228 386 544 790 456 623 916 205 969 495 303 179 680 741 267 492 640 95 332 216 19 352 114 718 560 103 251 674 279 748 116 493 827 329 486 195 362 96 597 44 531 642 345 101 891 474 641 565 231 960 626 9 343 876 709 691 978 143 349 756 45 275 986 485 423 818 107 344 514 
26
0 4 9 13 26 31 32 33 77 85 91 92 94 97 98 101 110 136 142 147 153 158 172 173 184 187 
142 42
465 623 650 381 504 402 626 478 129 154 191 117 931 543 284 913 131 434 801 462 699 514 954 656 814 567 101 812 22 147 463 80 870 681 523 932 278 673 818 252 950 476 
26
10 15 18 27 28 36 38 63 69 72 81 82 84 87 90 109 112 116 117 141 150 173 174 187 195 197 
143 66
439 673 41 179 985 91 170 249 36 984 961 250 566 262 183 298 455 640 719 8 717 243 400 251 473 394 503 898 354 670 500 453 696 326 849 812 72 603 808 150 323 636 687 95 600 119 209 651 888 981 507 293 786 865 908 231 863 934 460 45 756 872 951 793 635 528 
14
19 29 43 56 57 58 86 92 127 153 168 172 191 194 
144 70
253 806 816 600 85 243 875 6 768 305 51 130 446 491 292 8 403 70 449 301 696 69 701 365 316 501 23 60 349 507 795 323 901 664 818 276 750 216 267 1 461 382 127 759 56 319 591 351 62 685 606 131 575 693 930 861 466 266 969 725 488 330 419 182 257 81 555 252 15 89 
18
5 9 24 25 41 54 104 112 121 127 138 149 151 153 172 182 184 199 
145 39
695 774 483 742 663 579 98 320 677 803 566 617 62 781 559 929 366 648 223 741 535 868 128 69 550 392 748 122 754 224 777 746 783 841 745 635 872 58 627 
20
0 7 8 20 30 46 72 86 93 95 96 110 118 133 154 167 171 176 178 199 
146 55
261 498 85 796 559 175 619 382 600 507 744 660 897 253 114 983 35 891 601 25 247 276 907 776 258 725 58 544 70 292 514 810 699 520 358 911 835 282 2 792 163 842 546 451 192 865 867 485 932 300 385 148 937 245 482 
19
0 6 13 19 20 33 45 50 72 77 80 83 102 110 118 119 133 155 164 
147 60
541 965 175 228 544 61 219 199 515 502 186 428 640 561 884 963 362 441 46 757 994 991 13 250 810 573 471 68 348 834 800 157 236 457 881 575 733 474 806 268 584 143 883 583 243 521 442 765 153 232 639 52 526 106 738 896 184 688 782 466 
26
7 11 17 20 23 27 33 36 48 54 67 75 77 83 86 96 122 130 134 138 141 156 159 166 172 188 
148 69
718 486 170 933 857 936 225 127 759 353 827 573 968 889 684 277 641 325 9 150 71 964 777 540 516 640 477 635 732 100 621 971 339 76 39 942 683 51 578 993 808 512 401 194 94 834 26 396 882 803 544 248 879 65 74 528 582 351 536 106 596 517 110 58 235 77 771 692 455 
24
4 14 20 27 32 46 63 78 84 93 102 105 108 132 137 152 156 160 165 172 178 184 192 196 
149 49
956 84 558 406 813 418 102 160 239 932 616 477 872 145 219 378 933 295 238 201 596 188 447 373 49 421 236 717 503 651 755 44 968 178 881 824 946 449 925 594 901 527 194 495 416 758 849 841 469 
32
5 7 13 16 20 29 33 36 38 48 59 76 77 78 80 86 99 108 111 115 116 120 127 130 139 144 153 161 167 173 194 195 
150 58
835 440 519 712 570 271 13 498 103 261 805 15 694 518 452 768 507 371 31 838 168 760 316 240 433 470 224 843 621 436 954 217 402 2 476 12 736 198 187 740 462 936 309 230 783 709 411 595 446 51 310 11 643 616 932 458 380 599 
20
0 1 2 27 31 35 41 49 82 83 88 103 126 130 140 142 165 171 174 181 
151 60
796 3 132 989 515 83 636 320 305 291 587 57 531 538 103 24 345 86 560 901 782 387 940 543 78 276 568 210 321 927 520 76 21 472 217 185 407 270 529 597 535 614 646 883 725 121 325 97 916 363 736 625 734 327 857 968 109 615 220 536 
16
6 11 23 29 31 53 69 75 120 136 139 144 168 176 183 191 
152 68
957 901 427 502 717 6 85 482 931 685 843 290 500 184 662 503 805 925 135 755 806 885 964 177 512 142 774 159 1 126 261 233 81 858 999 827 782 189 69 447 14 488 93 280 501 968 468 271 588 351 277 129 11 90 564 528 691 612 770 454 486 170 563 637 321 728 395 104 
21
17 33 35 53 58 67 72 82 88 92 93 107 109 112 114 120 148 157 171 189 192 
153 93
21 897 285 786 52 965 458 792 774 157 825 550 392 704 174 964 524 13 580 738 896 993 422 756 823 855 29 977 266 55 301 477 602 528 859 970 733 891 899 267 30 949 870 164 867 883 439 920 426 821 445 278 377 412 245 915 283 323 401 735 117 841 173 25 499 666 745 271 321 251 84 804 637 474 995 257 375 584 751 942 380 547 532 548 74 931 764 998 664 425 91 783 950 
22
15 31 35 36 39 57 80 83 84 85 86 119 125 126 141 143 144 149 157 158 166 169 
154 75
307 129 761 208 6 816 263 937 463 218 929 562 615 220 171 92 508 429 804 872 798 8 561 200 990 279 829 711 553 659 955 244 953 365 49 772 392 708 988 564 433 117 984 247 728 417 810 292 849 820 109 54 923 594 150 730 548 864 925 736 815 611 784 626 411 932 300 221 459 301 713 634 57 125 498 
14
3 24 59 66 72 78 103 106 145 157 160 172 182 196 
155 47
629 328 735 24 416 574 389 687 27 659 930 59 244 604 678 610 431 394 72 663 885 90 867 665 70 483 594 914 998 840 666 257 652 482 593 177 409 251 68 216 929 492 543 210 873 794 820 
13
15 35 48 49 62 64 77 106 116 118 146 173 199 
156 54
50 80 436 46 441 204 178 604 382 961 91 276 149 386 963 1000 262 183 933 637 874 787 571 523 659 715 405 294 923 589 663 779 621 485 707 35 667 956 947 26 581 613 744 902 733 575 982 666 618 65 978 583 774 932 
23
0 9 14 16 20 24 32 33 40 46 51 84 85 100 106 107 118 130 147 148 165 175 192 
157 89
367 281 311 645 850 111 278 81 582 304 936 738 343 125 790 791 457 694 773 341 104 578 492 788 85 544 451 293 303 787 713 978 504 108 22 575 355 908 760 778 444 94 512 329 995 23 985 75 430 1000 526 693 507 385 622 710 965 667 333 436 168 879 395 562 167 976 169 722 388 941 56 557 517 968 12 64 687 323 900 403 461 294 768 373 872 397 731 230 63 
17
62 77 79 96 100 106 110 120 131 139 152 153 154 164 179 180 184 
158 52
573 652 622 69 173 432 669 274 530 609 961 171 11 959 840 287 5 486 449 80 932 718 7 218 809 78 768 330 81 160 381 897 190 269 719 571 747 984 466 503 360 88 426 979 535 237 316 113 435 830 356 988 
20
3 20 32 37 40 51 63 81 85 101 108 112 121 125 133 141 153 160 168 172 
159 103
181 777 443 56 991 657 906 405 71 943 548 882 384 50 858 793 82 556 641 509 843 499 401 870 202 868 473 564 205 284 802 634 713 45 711 948 563 662 745 245 719 324 702 566 487 171 329 864 504 337 574 188 21 429 596 633 1 360 692 814 182 842 547 806 520 326 994 283 409 804 86 875 993 659 103 437 286 211 606 811 143 64 445 759 926 294 431 458 370 923 649 99 433 266 582 611 430 931 664 387 888 118 434 
16
1 5 19 24 26 38 74 80 90 92 96 105 109 147 193 197 
160 98
89 247 955 540 700 837 345 354 216 383 884 370 704 36 497 601 100 364 293 627 342 105 974 561 403 166 929 297 720 280 223 381 334 492 441 836 685 764 483 817 422 188 109 978 969 945 532 866 612 881 979 235 393 13 62 536 647 160 220 721 387 861 780 469 943 6 875 822 379 221 602 435 356 593 821 320 663 162 952 284 702 465 237 495 829 592 177 651 251 772 862 191 735 902 67 406 42 753 
18
7 28 33 40 60 66 67 80 100 103 113 138 148 154 158 161 182 199 
161 73
352 36 338 575 887 492 952 83 707 824 113 187 14 199 607 686 886 649 175 529 766 601 917 206 390 153 427 959 801 663 426 110 38 297 741 346 267 872 539 223 482 704 461 380 158 769 780 77 928 56 779 810 377 772 789 114 746 228 857 304 489 805 452 768 637 5 998 50 265 976 932 695 458 
25
1 5 16 25 42 46 50 56 65 78 79 95 99 103 104 109 117 122 135 136 139 149 160 168 184 
162 63
889 742 110 429 350 903 982 264 422 637 479 50 60 171 507 586 404 98 967 730 295 532 591 657 736 104 17 77 743 595 220 847 509 588 291 105 698 224 187 976 569 680 865 538 61 622 554 971 338 454 138 814 476 950 792 331 15 513 829 826 86 515 673 
18
31 34 42 50 60 71 94 95 103 120 132 137 139 163 172 175 179 184 
163 84
265 933 824 326 852 369 527 741 662 644 606 940 718 560 250 803 620 316 201 869 114 698 303 136 564 801 764 263 816 974 522 206 838 335 95 648 404 790 957 434 249 750 840 208 29 503 177 511 844 631 794 241 75 498 278 989 839 629 945 66 734 570 317 422 774 235 292 980 911 647 419 252 155 322 471 638 458 625 825 992 52 219 512 283 
19
20 26 31 43 51 52 72 75 95 99 105 108 109 134 135 162 169 176 189 
164 66
949 460 345 187 816 26 263 84 513 46 638 401 322 643 801 731 326 515 293 609 843 473 303 44 605 210 689 467 245 804 335 844 291 427 612 884 630 788 714 584 917 273 747 377 481 560 916 670 596 873 882 458 142 193 277 866 465 91 782 387 914 337 100 817 262 887 
17
10 19 44 49 58 101 105 119 124 130 133 146 157 171 182 190 196 
165 110
144 339 673 561 366 199 32 863 675 7 341 585 664 831 308 781 447 614 829 662 996 434 519 440 893 225 397 564 272 584 421 283 125 525 516 604 437 869 316 889 652 36 747 589 648 16 611 19 178 11 248 625 959 90 677 354 286 717 656 322 654 180 173 476 513 655 198 304 293 214 67 234 553 52 978 477 3 244 323 156 657 420 992 360 376 531 457 62 695 890 224 449 765 264 876 542 41 375 973 138 492 966 808 334 425 91 429 785 628 795 
22
3 4 10 26 31 34 35 36 49 56 63 77 89 108 110 112 115 130 148 150 156 172 
166 40
233 969 193 430 911 874 712 708 116 597 523 201 252 90 643 291 735 733 180 466 651 294 642 386 702 665 453 295 546 18 404 188 262 815 736 723 671 908 592 39 
16
25 56 60 61 63 77 85 90 91 93 130 137 147 153 181 196 
167 65
631 868 789 484 528 676 356 282 925 451 57 945 400 321 5 558 646 805 73 825 272 344 566 803 329 96 934 453 828 328 80 561 201 16 11 643 376 297 824 194 684 761 428 132 700 811 446 288 103 207 970 548 738 543 582 878 584 505 312 75 470 386 544 70 457 
18
1 9 36 37 49 61 72 84 102 103 110 116 118 145 149 177 195 198 
168 80
356 166 956 789 324 157 868 327 722 380 775 64 371 854 687 191 428 194 427 818 471 336 415 914 282 511 973 578 755 913 89 563 703 71 210 654 130 647 410 243 753 975 176 18 228 896 729 645 201 672 593 383 49 997 162 838 735 592 342 816 316 769 698 618 56 488 179 898 991 323 666 727 59 497 840 50 263 430 391 132 
19
17 19 24 31 37 62 68 73 87 97 103 104 131 143 151 158 161 182 184 
169 74
943 390 9 135 925 543 464 60 771 175 254 631 427 111 558 556 951 793 519 774 379 458 979 917 732 337 411 596 750 118 629 313 805 15 173 250 92 62 950 561 783 915 730 360 274 718 237 126 644 180 735 673 722 117 907 262 270 889 310 800 825 430 813 463 147 702 480 273 905 194 93 725 233 312 
13
8 33 51 54 91 101 110 120 133 153 163 177 181 
170 41
700 621 284 491 365 545 827 50 605 874 948 160 764 798 639 361 102 796 85 788 969 285 59 331 35 730 493 335 705 958 578 736 499 83 864 74 65 302 696 190 957 
10
3 4 30 31 34 64 98 107 135 179 
171 70
154 881 12 802 601 578 318 517 438 168 76 708 392 710 394 986 828 274 843 132 211 954 401 243 88 495 724 605 703 914 142 300 537 379 453 435 176 503 673 858 817 3 256 772 510 597 560 338 42 701 257 169 90 604 784 863 715 57 467 609 350 173 469 943 869 351 193 929 301 696 
17
2 6 15 47 73 91 93 94 110 113 134 145 150 152 164 183 193 
172 70
900 603 320 478 715 423 976 54 133 989 967 5 479 163 611 178 257 443 917 483 569 806 883 804 963 805 928 691 477 82 319 205 354 38 955 159 78 263 27 525 451 713 509 361 435 324 681 829 52 772 704 228 43 823 859 929 218 125 694 615 171 294 689 531 511 827 405 642 22 577 
22
8 38 46 89 91 99 100 107 116 117 133 137 141 143 144 147 148 154 158 162 165 186 
173 80
88 799 242 860 70 324 640 956 6 307 474 585 752 230 388 495 337 500 26 534 109 346 133 300 695 1000 447 556 371 432 766 292 584 945 110 780 977 369 96 358 876 7 587 31 365 839 760 602 461 224 725 748 414 688 677 233 22 539 706 627 742 909 761 633 299 893 577 736 183 270 387 87 922 755 239 512 429 596 546 880 
15
1 49 86 93 97 104 122 138 141 142 149 155 181 192 197 
174 95
514 681 166 179 297 464 977 505 146 869 48 942 705 787 577 243 542 264 422 896 916 205 995 846 293 737 404 870 712 193 919 129 377 298 458 493 841 394 894 265 344 39 197 890 329 645 566 844 696 491 132 922 835 974 640 492 788 116 701 405 188 239 713 221 555 260 576 910 575 259 374 137 411 666 32 506 321 163 400 90 169 164 786 149 407 931 141 272 773 939 438 186 353 687 428 
13
38 69 81 82 84 107 115 116 133 140 142 150 194 
175 84
857 636 92 593 953 540 967 414 229 488 340 902 112 457 87 448 300 689 616 282 774 440 260 889 415 663 742 487 627 899 267 884 144 65 692 658 793 275 926 592 851 160 604 417 506 580 835 501 504 170 328 357 323 737 69 963 796 43 25 432 342 175 676 546 745 365 207 193 35 870 679 539 205 485 808 779 10 845 767 56 471 680 865 50 
16
10 27 30 46 51 64 76 91 116 123 126 136 139 156 162 197 
176 52
366 356 672 644 15 610 373 35 983 386 949 870 374 256 809 219 301 708 412 476 69 300 485 526 230 197 345 567 282 872 660 242 834 190 427 111 270 363 30 656 212 843 952 399 832 990 324 13 71 387 43 450 
26
4 14 20 24 30 32 39 40 46 50 52 53 57 86 101 107 115 123 132 136 145 151 163 193 194 198 
177 59
561 781 70 130 160 792 370 607 579 184 404 483 748 590 745 113 729 92 869 768 25 736 295 73 628 518 359 801 169 45 916 5 582 162 1 791 418 588 846 407 328 142 32 427 997 131 447 52 793 668 16 964 490 235 770 311 548 469 247 
14
3 10 18 31 47 62 70 73 75 89 130 167 169 179 
178 91
907 327 661 316 932 555 958 290 304 826 325 451 155 234 844 370 686 814 981 586 507 619 98 335 651 482 127 49 681 839 708 875 207 780 965 412 17 421 105 47 205 132 527 843 663 479 775 617 950 892 318 485 357 199 404 324 658 825 581 191 692 850 719 51 108 551 788 880 546 361 213 590 511 386 410 174 611 796 295 927 192 526 623 289 34 368 637 136 531 281 782 
17
4 8 15 18 46 69 76 84 93 110 119 120 136 145 148 179 184 
179 57
298 614 219 6 322 638 474 215 741 455 969 811 565 195 695 129 552 404 88 108 293 290 660 791 257 886 923 235 143 526 907 256 19 816 742 991 615 874 656 10 351 884 410 914 951 386 134 292 608 996 364 522 338 144 65 620 936 
29
0 4 6 14 18 20 28 32 43 44 49 51 53 67 80 83 85 103 117 128 137 157 162 170 177 178 182 189 194 
180 110
291 124 603 937 102 446 909 250 417 584 487 153 646 301 551 885 315 414 80 256 888 220 554 836 362 863 931 96 597 890 453 785 627 548 395 621 305 490 648 974 500 895 44 702 939 316 984 149 465 624 123 958 995 259 941 238 497 866 235 912 77 630 558 5 599 303 967 297 850 844 719 992 324 85 424 17 162 557 336 968 300 872 161 213 714 972 261 249 878 553 720 887 422 659 681 27 361 372 716 549 410 744 281 949 114 819 485 11 462 845 
16
4 6 14 39 43 64 76 111 113 115 123 124 137 157 190 195 
181 50
673 910 866 550 597 753 848 774 363 252 805 896 576 655 396 359 464 512 882 549 808 423 261 2 346 877 87 162 68 937 86 681 286 434 509 64 222 95 490 77 314 795 499 815 612 59 350 259 417 698 
25
9 22 23 24 57 60 62 75 76 82 83 93 94 96 99 108 111 114 125 134 135 150 166 169 173 
182 42
604 130 860 343 88 325 484 561 411 473 436 880 770 183 763 280 350 905 514 840 772 254 476 846 373 136 409 261 705 478 769 927 848 13 444 323 560 461 856 963 969 258 
28
5 9 11 13 16 39 40 45 75 78 87 90 96 98 112 126 132 144 154 160 164 168 179 185 186 188 195 199 
183 55
657 310 595 362 473 582 730 702 386 781 480 83 490 655 734 260 211 943 650 124 202 363 326 107 292 810 272 588 940 536 694 457 852 926 1 112 482 641 579 24 937 68 553 907 526 304 896 762 930 291 56 846 137 611 769 
23
4 9 11 18 24 26 41 44 47 62 70 77 87 88 122 131 133 137 151 171 184 190 197 
184 81
377 894 597 123 23 86 363 530 688 315 469 358 789 121 514 618 485 722 759 55 213 570 491 862 454 138 724 946 572 563 730 879 378 852 101 575 346 503 522 856 853 977 142 884 125 915 845 678 875 207 553 644 429 171 505 402 569 165 332 490 144 478 713 116 166 500 705 989 321 576 910 242 600 99 133 801 968 356 857 64 949 
29
19 28 29 40 43 44 47 58 59 61 65 78 83 92 99 114 117 126 132 139 141 144 148 157 161 162 168 178 183 
185 38
922 366 337 522 38 151 447 113 705 596 280 40 909 13 124 239 554 444 442 664 418 254 458 775 459 8 474 423 769 390 464 332 253 283 557 715 241 430 
22
11 18 35 36 37 54 55 69 73 74 77 84 86 88 98 100 106 117 122 182 193 194 
186 108
6 752 418 428 90 110 444 973 138 753 437 771 933 98 599 930 56 339 285 786 496 299 967 131 246 788 287 709 41 498 350 34 488 14 125 986 907 922 588 667 825 324 877 245 879 712 396 326 159 335 612 533 751 311 988 153 386 52 664 998 480 882 43 991 123 160 397 713 363 474 104 541 67 462 336 81 415 422 818 699 365 31 276 987 653 389 310 232 399 861 195 784 116 622 789 315 382 297 668 903 402 188 504 170 380 213 97 391 
22
5 12 19 21 23 25 32 44 53 66 77 95 102 104 114 128 133 139 172 182 192 194 
187 46
547 942 689 215 294 217 624 207 760 728 594 816 63 377 192 525 920 314 653 313 646 908 201 283 757 204 613 615 979 268 601 934 625 366 437 511 178 336 417 277 672 781 55 924 887 606 
19
7 22 27 30 39 42 47 63 88 95 109 119 127 130 131 141 142 189 191 
188 87
687 764 448 782 736 521 405 306 148 723 565 898 749 364 771 993 943 153 74 820 346 700 779 226 662 495 337 324 245 464 798 347 681 460 144 302 608 594 163 831 171 724 60 728 321 872 512 11 884 588 667 509 635 468 61 123 980 566 733 900 876 926 567 883 253 587 220 360 694 651 818 581 471 945 953 452 786 919 599 830 119 823 744 783 966 198 699 
13
24 29 42 74 86 95 98 106 108 137 147 182 195 
189 68
990 437 516 279 607 212 706 232 171 716 988 991 395 130 278 477 846 925 32 202 360 495 865 887 966 406 73 152 784 405 721 241 88 246 132 189 898 94 649 543 403 181 997 924 85 480 769 251 191 671 893 127 657 308 170 471 64 693 335 352 668 778 193 35 746 667 299 378 
22
3 30 32 35 42 54 61 76 77 86 96 97 98 100 105 114 125 152 163 179 187 193 
190 60
710 552 236 789 631 768 452 904 588 73 705 413 255 614 456 930 980 62 691 387 937 68 508 656 932 221 850 523 412 629 37 725 946 925 767 648 256 848 418 482 445 1000 963 112 346 864 584 329 559 361 162 199 828 437 178 326 881 565 935 786 
22
4 10 11 14 19 23 41 43 60 67 77 81 85 112 114 125 131 164 180 183 195 197 
191 97
693 729 255 342 175 421 341 174 183 94 929 180 13 127 959 322 645 214 715 690 453 216 987 750 543 897 268 742 821 636 738 162 997 109 346 440 677 361 108 266 503 457 450 608 807 665 191 893 137 972 630 1 734 3 459 59 287 454 540 613 622 455 810 345 679 866 145 312 865 531 314 147 481 764 580 246 299 466 391 725 172 672 593 86 754 921 705 615 281 992 36 370 98 912 411 869 397 
22
3 4 30 33 34 43 46 48 52 75 83 84 86 94 109 111 130 138 139 143 151 187 
192 61
65 855 539 292 608 291 550 413 482 166 362 994 531 523 918 997 128 190 323 86 797 989 41 903 969 345 601 216 327 13 882 487 147 369 208 60 331 738 146 630 477 3 428 544 476 782 123 518 833 590 906 256 96 446 257 20 749 275 796 717 696 
19
17 42 53 62 71 77 86 98 104 117 129 131 134 137 148 152 156 173 186 
193 65
150 53 211 685 904 588 443 996 729 914 407 802 814 47 363 679 284 306 859 990 546 17 570 614 219 762 920 743 597 833 668 777 434 101 212 615 274 985 55 292 789 415 737 15 117 830 214 954 256 177 60 850 645 408 660 707 892 576 798 465 539 458 88 720 562 
16
0 1 11 15 26 44 47 57 60 133 159 171 176 185 189 199 
194 79
774 63 93 6 322 401 172 840 92 786 226 779 207 781 447 921 526 817 529 213 570 175 183 257 962 294 428 446 112 184 816 421 538 705 531 197 810 309 709 867 32 302 355 522 671 838 48 411 978 267 159 712 475 976 809 191 859 850 516 722 439 481 571 986 387 220 931 933 432 590 89 43 956 632 751 584 505 167 497 
22
9 10 18 42 49 50 51 69 75 76 93 122 123 125 139 143 149 174 176 179 185 186 
195 105
564 662 829 946 278 372 463 129 797 185 6 340 449 950 883 382 874 101 891 223 618 284 332 165 666 871 782 396 631 236 552 789 998 366 489 227 532 216 200 89 958 484 247 37 444 774 882 859 191 746 226 787 392 294 40 830 603 436 287 120 677 493 793 714 16 355 784 274 942 441 702 815 75 364 131 52 600 407 486 74 635 301 118 619 86 762 483 984 404 905 237 429 546 195 696 28 511 344 300 467 634 339 42 877 376 
22
3 5 16 17 21 49 57 58 66 74 75 111 115 116 128 142 149 167 180 182 188 190 
196 48
372 846 826 36 574 128 868 947 919 341 96 886 3 13 716 159 862 72 706 627 407 851 665 70 940 401 340 912 283 330 976 643 347 351 721 555 318 658 18 97 245 252 501 892 680 601 269 676 
19
8 10 26 36 41 47 60 71 75 93 96 106 111 114 134 148 154 164 166 
197 98
696 816 22 831 998 330 758 869 201 368 554 53 387 858 941 106 823 434 601 541 383 67 723 162 636 979 643 142 31 866 304 471 225 392 685 351 139 583 804 172 488 64 232 548 269 96 994 441 515 520 186 265 844 918 187 495 390 223 539 413 650 492 325 397 239 422 897 62 457 912 393 630 319 48 206 707 400 567 233 763 95 769 182 331 164 722 555 889 169 336 561 719 986 675 842 7 718 45 
25
3 17 23 35 37 43 46 48 56 57 62 65 66 73 84 99 102 118 125 142 159 173 175 183 190 
198 101
740 112 191 774 273 644 477 773 432 766 468 575 417 250 869 368 78 348 515 65 699 67 401 841 555 2 938 628 944 892 205 442 600 51 886 312 813 479 520 816 274 770 59 141 351 684 281 614 540 382 846 121 380 696 896 871 537 352 194 505 430 764 394 25 759 160 828 117 643 958 791 994 326 159 122 438 939 803 882 487 621 542 594 989 927 522 689 847 387 132 466 595 94 920 252 166 82 129 445 650 945 
21
9 14 21 26 41 59 72 76 81 82 89 94 102 107 124 128 134 140 167 176 199 
199 100
468 711 562 940 154 482 148 816 442 275 609 776 521 20 902 744 243 911 238 754 596 280 386 149 465 732 890 57 546 654 581 344 455 613 850 96 193 698 844 449 607 944 88 569 171 645 961 132 567 962 251 646 743 997 295 853 932 594 41 192 155 189 829 768 434 856 522 809 914 361 406 17 184 472 639 244 898 986 327 828 38 539 270 103 362 283 170 917 249 770 306 44 772 555 842 766 426 593 664 497 
21
12 35 46 53 56 59 66 74 78 90 91 97 116 140 144 145 155 160 182 193 198 
