200 1000
0 23
937 869 602 662 136 971 309 481 286 945 763 980 992 744 345 831 556 601 313 784 397 235 296 
15
30 47 48 58 79 93 117 126 138 143 145 178 179 190 198 
1 21
258 332 294 446 89 458 383 310 412 397 736 706 279 22 4 42 354 975 35 450 320 
21
7 11 23 25 45 81 111 112 128 132 137 140 154 160 168 169 171 175 178 188 194 
2 28
7 922 883 791 671 118 440 4 377 772 299 175 213 109 558 523 873 956 321 609 14 600 984 18 643 338 994 30 
21
4 5 15 45 53 88 89 91 101 103 107 109 121 124 128 134 150 169 183 196 197 
3 29
666 600 148 940 483 291 964 602 731 968 331 503 267 506 68 728 64 591 372 264 563 387 865 547 405 860 238 751 242 
22
4 7 23 28 31 38 41 50 58 68 75 78 81 86 89 110 121 152 176 178 182 195 
4 29
770 842 527 710 677 818 26 279 902 995 962 405 614 468 474 343 885 417 297 257 682 860 644 899 760 402 111 998 505 
16
2 3 27 34 47 66 81 87 95 109 117 147 166 177 192 195 
5 23
729 275 547 256 338 224 426 364 504 328 711 466 86 326 287 912 21 172 681 318 781 363 530 
18
2 8 9 21 29 35 69 79 82 84 87 119 135 146 149 153 155 166 
6 28
614 290 180 725 640 37 78 369 665 625 977 3 850 756 719 706 436 783 524 522 109 163 786 130 335 468 800 469 
25
9 11 12 22 26 27 64 91 106 110 114 125 129 130 149 150 156 177 183 188 189 193 194 196 198 
7 23
330 247 798 621 779 523 613 816 602 983 481 579 312 836 781 68 908 839 857 691 716 731 152 
18
1 3 12 20 55 68 77 104 110 130 141 143 156 160 163 169 180 197 
8 29
518 282 567 986 434 36 169 764 283 319 737 62 843 351 878 797 686 712 376 350 900 158 771 808 349 628 851 65 359 
22
5 25 26 32 39 48 52 53 56 76 78 89 98 100 112 125 132 141 142 146 156 174 
9 23
945 877 285 512 215 71 548 737 836 183 56 573 245 899 276 475 696 314 187 425 665 88 935 
18
5 6 17 19 21 28 32 39 45 60 79 88 103 114 116 149 155 165 
10 26
248 284 64 100 350 775 103 647 5 741 511 220 812 59 309 0 594 718 926 839 969 202 666 18 517 854 
24
21 23 25 27 29 33 54 55 77 88 100 103 104 112 113 115 121 146 150 151 155 163 185 196 
11 23
534 294 378 970 894 14 386 994 716 513 450 363 518 543 874 91 355 285 752 356 879 470 634 
16
1 6 17 21 41 51 92 115 116 129 143 149 163 177 187 196 
12 20
440 836 737 458 705 943 253 591 589 983 913 483 997 299 830 714 165 280 429 683 
18
6 7 48 79 82 84 91 95 96 109 119 137 140 147 157 159 166 190 
13 23
656 126 530 941 879 238 173 349 872 243 789 61 332 599 766 627 852 358 216 835 271 52 185 
23
14 19 20 40 44 45 56 77 107 108 126 127 130 131 159 163 164 168 178 179 185 189 199 
14 23
882 251 440 514 680 123 689 336 602 571 630 481 810 803 830 682 398 972 743 83 862 710 776 
16
13 46 57 62 75 86 87 95 101 109 116 124 125 150 195 199 
15 22
279 963 195 331 148 470 565 399 910 431 432 386 472 120 988 43 750 469 853 553 651 888 
25
2 17 19 25 31 42 57 64 66 74 86 90 92 96 99 101 116 120 155 156 175 179 182 184 194 
16 24
623 983 387 547 845 449 675 769 80 638 965 763 787 435 680 538 698 111 322 84 583 443 72 627 
20
25 81 94 95 110 117 118 122 124 126 128 137 172 177 179 186 188 191 194 195 
17 23
893 832 99 544 720 755 520 704 494 67 901 943 94 671 24 732 636 139 871 423 820 410 473 
21
9 11 15 40 43 49 72 76 78 86 94 104 107 110 115 126 139 163 167 177 199 
18 21
732 557 867 175 981 846 721 226 678 820 123 751 927 643 807 421 62 708 364 156 379 
27
31 40 44 49 50 66 73 85 86 93 94 98 99 102 119 122 126 127 137 141 143 147 149 159 163 166 191 
19 20
888 367 880 760 143 52 522 616 983 606 526 202 134 859 48 855 438 79 27 561 
16
9 13 15 32 33 40 57 79 85 93 120 134 142 160 162 177 
20 22
954 204 989 375 618 697 91 774 429 184 14 148 64 126 643 116 648 612 451 607 138 6 
21
7 13 31 34 42 45 46 69 72 98 100 103 127 130 133 182 186 187 194 197 199 
21 21
349 406 596 787 485 623 348 19 929 904 8 304 522 58 747 648 839 931 663 339 347 
19
5 9 10 11 41 46 59 60 64 79 87 101 108 119 141 143 157 174 179 
22 21
983 815 790 595 267 749 85 273 490 434 679 86 574 517 61 922 888 342 827 897 646 
27
6 30 45 51 53 54 61 84 85 86 90 92 103 104 117 120 122 132 136 143 149 160 173 187 188 191 193 
23 21
307 745 350 146 677 365 837 24 506 820 840 648 415 459 397 500 732 887 287 763 325 
17
1 3 10 32 40 41 63 66 83 84 97 115 148 149 162 167 195 
24 21
632 738 135 521 80 314 770 78 16 77 824 718 575 501 435 412 525 941 585 717 942 
18
26 27 28 30 43 56 70 83 100 101 151 152 167 170 178 182 185 197 
25 20
176 691 853 260 931 492 24 256 705 8 347 840 881 427 155 651 506 523 80 682 
23
1 8 10 15 16 30 37 39 42 65 91 93 99 100 103 122 141 148 161 192 194 195 198 
26 23
7 183 28 772 60 321 357 778 263 709 954 307 914 215 238 758 591 846 463 951 193 304 833 
15
6 8 24 27 29 62 67 90 132 151 155 157 163 176 190 
27 21
811 836 479 686 269 161 279 628 344 307 400 756 109 534 244 171 841 551 437 56 789 
27
4 6 10 24 26 38 39 41 55 57 68 70 76 85 89 98 100 101 107 109 144 157 169 180 182 192 194 
28 26
999 635 659 950 181 963 783 802 126 972 281 812 241 794 91 869 490 750 622 246 379 83 133 975 254 974 
22
3 9 24 29 35 39 41 46 49 50 77 80 99 124 131 138 151 153 162 171 176 194 
29 28
692 382 667 888 381 654 547 331 835 863 467 989 341 439 622 154 32 416 597 253 258 348 875 505 79 959 990 54 
26
5 10 26 28 33 35 43 44 46 48 50 59 65 68 74 76 90 97 124 136 156 172 177 189 191 193 
30 25
964 284 257 346 303 497 727 957 397 410 145 260 229 486 953 20 109 107 52 877 57 658 136 405 885 
21
0 22 24 25 55 62 63 66 69 73 89 95 107 115 121 130 144 168 172 174 180 
31 23
836 844 983 242 762 299 526 19 645 829 869 724 138 266 486 635 878 716 122 831 736 583 291 
18
3 15 18 20 34 35 60 61 106 147 154 155 160 180 183 188 194 195 
32 21
812 348 799 948 105 684 293 941 881 628 535 643 927 61 14 924 242 883 648 380 149 
19
8 9 19 23 44 47 75 79 87 95 96 98 113 152 161 173 178 183 194 
33 27
16 27 203 490 211 939 73 502 80 885 202 879 186 307 916 831 600 797 460 487 440 739 548 454 664 790 690 
19
10 19 29 50 57 74 81 82 84 90 91 94 105 110 120 138 143 172 198 
34 24
522 839 151 538 219 354 28 782 646 453 284 726 691 838 958 877 497 874 60 97 23 520 584 463 
16
4 20 31 50 58 74 79 94 100 105 115 120 136 139 186 199 
35 22
484 269 276 626 959 940 148 151 444 39 722 798 419 504 796 873 140 875 564 978 833 793 
24
5 28 29 31 37 45 60 71 76 87 91 105 110 111 115 126 128 137 140 143 179 180 187 196 
36 25
59 205 924 82 78 860 897 690 696 166 966 322 478 258 822 981 702 861 703 853 281 559 649 154 699 
20
43 58 68 80 81 87 106 120 134 137 141 144 156 174 175 178 179 180 192 193 
37 24
70 29 709 215 856 120 420 132 554 498 344 451 188 40 970 506 714 800 117 536 781 819 398 484 
18
25 35 38 41 71 82 83 86 104 106 126 135 150 155 161 174 196 199 
38 24
31 43 26 537 94 902 959 475 964 174 331 84 946 463 991 797 807 794 337 199 764 196 913 916 
13
3 27 37 88 97 111 127 129 130 167 172 184 189 
39 23
801 697 132 199 181 509 582 576 535 119 22 437 78 497 753 252 828 838 551 643 700 802 975 
19
8 9 25 27 28 46 49 51 83 86 89 94 160 180 191 192 193 196 199 
40 27
1 92 233 266 8 546 68 706 31 619 239 892 202 168 427 321 190 216 400 688 970 4 868 160 907 512 341 
23
13 17 18 19 23 58 67 86 91 95 98 101 102 106 113 120 130 134 151 157 172 173 174 
41 27
314 668 645 760 230 286 769 129 354 827 512 326 418 404 528 586 183 201 777 751 601 465 73 958 333 233 865 
28
3 11 21 23 27 28 37 44 46 49 51 52 53 55 67 68 72 82 86 93 107 109 110 116 126 165 182 187 
42 27
926 473 864 595 470 532 707 52 818 828 533 525 655 397 851 74 801 731 660 336 932 789 88 886 254 513 844 
20
15 20 25 43 44 47 69 83 87 91 101 110 115 123 127 133 152 166 170 186 
43 20
747 61 137 25 886 1 620 708 885 680 761 56 508 646 581 516 44 784 590 197 
16
17 24 29 36 42 49 55 63 119 129 132 152 166 175 176 188 
44 25
602 534 447 392 974 333 998 487 529 938 586 591 428 612 477 429 584 538 315 264 651 371 125 297 304 
25
13 18 29 32 41 42 48 54 76 80 87 92 93 95 107 108 109 133 144 145 147 152 154 168 174 
45 21
341 88 583 539 955 185 425 754 929 399 440 280 238 969 570 825 912 998 789 742 780 
28
1 2 9 13 20 22 35 48 51 52 62 73 74 91 97 105 123 124 126 144 151 152 153 161 166 181 182 193 
46 23
280 95 990 931 818 115 580 474 756 922 914 339 813 869 876 238 975 158 989 415 438 579 737 
20
14 20 21 28 29 39 41 54 63 116 117 119 120 143 165 166 170 178 191 195 
47 28
404 649 359 193 743 139 919 375 586 909 306 756 24 239 230 780 161 144 471 326 365 347 916 340 505 905 943 484 
21
0 4 32 42 52 58 59 63 64 88 96 108 109 114 122 141 153 154 158 189 197 
48 25
304 241 846 663 786 590 154 705 965 740 614 624 496 990 863 78 770 376 222 593 702 939 941 970 279 
23
0 8 12 29 44 45 58 60 63 66 80 88 89 96 122 131 143 149 160 189 194 196 197 
49 26
227 387 742 711 584 398 304 431 413 91 21 567 148 338 659 763 314 507 753 529 585 876 905 159 469 959 
23
17 18 28 39 41 43 56 58 66 82 95 101 105 116 130 133 143 145 146 165 174 176 190 
50 28
762 281 729 561 508 469 655 572 53 876 484 818 319 857 737 468 548 396 583 862 255 336 392 840 564 649 351 386 
23
3 18 28 29 33 34 71 72 78 90 92 97 107 119 129 132 138 142 160 163 177 191 194 
51 21
801 500 242 530 61 751 351 716 675 757 121 551 241 939 223 451 676 691 999 424 274 
17
11 22 39 41 45 65 68 79 89 90 96 116 125 157 177 180 198 
52 23
679 962 605 871 879 607 222 617 920 23 117 514 906 179 609 247 292 366 369 196 960 308 419 
16
8 41 45 47 62 65 71 103 116 129 160 167 172 180 188 192 
53 21
985 110 762 409 736 975 441 50 933 312 929 892 535 546 812 910 16 326 816 195 296 
20
2 8 22 41 92 94 105 108 109 119 130 139 153 155 163 165 172 178 179 191 
54 26
442 588 792 163 784 104 472 555 515 809 17 277 570 753 605 11 804 538 324 85 430 211 984 594 121 0 
16
10 22 44 46 73 86 94 98 106 109 133 145 153 163 184 185 
55 22
290 547 568 716 341 509 860 505 645 965 329 201 832 138 218 462 708 324 67 720 480 957 
22
7 10 27 30 41 43 62 77 82 94 99 106 109 111 123 152 155 161 168 175 185 197 
56 26
565 739 607 901 333 80 253 957 370 800 878 438 142 387 299 999 32 616 328 585 466 156 262 526 480 681 
26
8 13 24 49 59 65 70 72 77 89 110 122 126 130 136 144 148 152 155 164 168 176 192 195 196 199 
57 28
960 638 994 877 377 953 131 62 34 384 20 404 185 898 843 679 637 494 30 21 462 358 607 262 176 763 702 595 
15
14 15 19 27 33 58 74 94 95 123 156 163 185 189 191 
58 28
301 907 197 647 784 926 601 267 989 987 652 9 391 189 259 586 868 896 432 250 269 894 608 876 509 136 991 386 
19
0 3 34 36 40 47 48 49 57 70 73 79 93 96 102 132 164 174 183 
59 20
586 296 491 493 630 420 92 897 761 79 901 122 822 90 381 310 629 193 560 898 
13
21 29 47 56 61 72 92 119 131 140 167 185 192 
60 20
520 127 301 656 470 39 847 57 335 690 902 181 884 953 625 134 714 56 35 836 
19
9 21 31 35 48 67 77 84 86 91 99 126 145 163 175 182 183 195 199 
61 21
478 569 992 788 198 537 701 448 977 221 575 630 230 46 669 429 455 5 119 709 538 
17
22 31 59 64 81 90 112 113 122 125 142 146 148 160 186 190 193 
62 23
946 491 278 80 205 687 467 41 918 297 610 262 438 160 799 139 960 129 712 888 759 942 286 
24
14 26 30 45 52 55 69 89 96 120 125 134 137 142 152 162 165 168 169 170 173 176 185 198 
63 29
371 741 786 843 802 324 496 748 167 126 180 372 813 0 765 83 649 727 345 87 239 497 226 199 626 291 385 233 373 
28
23 30 43 46 47 48 73 77 86 88 89 94 95 103 106 112 114 123 138 156 163 164 167 180 188 193 195 199 
64 26
957 466 952 800 621 628 296 721 795 422 902 519 588 254 636 671 903 715 369 991 954 866 569 506 844 860 
15
6 15 21 47 61 67 80 84 102 107 145 156 161 162 194 
65 23
229 446 319 396 403 137 700 203 758 329 851 480 476 625 734 996 213 340 984 237 243 958 586 
16
25 29 51 52 56 86 103 104 113 124 147 151 160 172 179 191 
66 26
176 508 512 20 720 458 249 166 777 997 921 266 698 124 25 379 327 857 207 953 591 555 518 931 540 755 
23
4 15 18 23 30 48 49 75 82 87 88 89 108 110 122 123 131 134 150 163 178 190 191 
67 26
240 65 465 246 241 973 111 261 693 569 863 212 698 133 964 262 610 989 641 937 198 849 242 141 756 761 
22
26 40 41 60 64 68 78 79 94 97 100 106 107 132 134 142 147 167 172 173 184 189 
68 22
296 516 951 888 582 416 487 175 741 598 437 434 519 652 998 217 864 132 181 127 742 523 
21
3 7 27 29 36 41 51 67 72 77 109 118 127 129 170 181 185 189 191 192 196 
69 20
31 721 321 274 863 78 35 287 726 903 238 615 837 6 454 13 747 404 802 534 
15
5 20 30 42 62 73 75 89 90 113 131 150 168 180 185 
70 23
806 532 140 670 16 321 149 110 196 622 142 918 295 768 781 725 155 420 452 410 659 419 248 
18
24 27 56 58 72 83 88 92 100 108 118 132 134 147 167 170 196 199 
71 27
225 613 765 629 767 651 552 573 183 44 595 200 717 97 310 914 71 804 832 366 572 965 92 79 737 896 490 
13
35 37 50 52 79 94 111 113 119 131 136 157 185 
72 28
667 90 766 892 55 883 521 822 534 425 747 717 469 694 269 538 143 932 452 214 736 636 933 661 953 377 92 691 
22
17 20 41 50 56 59 68 70 74 77 85 87 94 99 106 113 118 145 160 179 188 191 
73 23
582 439 940 672 557 184 727 440 705 901 974 482 0 44 303 695 665 841 838 597 294 405 686 
20
18 30 45 54 58 63 69 97 100 103 104 105 127 139 143 148 149 165 167 191 
74 20
338 699 236 67 791 927 340 726 718 632 398 276 816 478 68 873 379 43 355 380 
20
15 29 33 34 45 57 72 77 87 90 97 107 116 136 145 149 157 158 166 169 
75 29
658 427 104 499 617 54 145 22 740 428 712 791 664 779 582 943 471 308 661 455 59 289 623 537 358 496 268 753 203 
23
3 14 32 66 69 82 83 89 92 94 96 111 120 123 124 126 130 131 139 144 156 171 185 
76 20
544 213 427 648 65 45 702 210 419 794 638 132 585 654 263 520 597 87 180 611 
19
8 17 27 29 35 44 87 89 103 114 119 123 133 137 142 150 180 182 198 
77 22
591 252 518 480 962 14 749 67 570 611 783 529 260 848 926 314 59 345 461 49 829 46 
23
7 10 13 28 55 56 60 63 68 72 74 82 94 108 131 145 155 156 163 185 186 190 198 
78 26
445 918 653 532 451 616 426 42 221 944 523 183 311 272 251 881 373 862 16 254 474 865 180 141 276 526 
15
3 8 17 50 67 94 101 113 125 150 153 165 192 195 196 
79 22
677 707 0 733 152 271 739 36 722 815 764 928 759 287 464 422 911 715 655 637 929 672 
23
0 5 9 12 19 21 32 34 51 58 67 71 86 91 95 101 123 133 145 156 164 172 188 
80 21
756 889 72 249 517 950 851 546 657 203 632 162 474 723 198 548 430 13 313 359 125 
12
28 36 44 48 64 103 120 131 147 170 189 193 
81 22
175 899 864 890 555 501 171 579 744 279 820 816 528 689 766 731 235 776 935 219 938 761 
16
1 3 4 16 33 36 61 86 143 145 155 179 181 184 185 197 
82 22
488 662 373 502 975 84 979 279 259 878 143 501 785 996 672 364 741 952 536 909 832 225 
21
5 12 33 37 41 49 55 66 75 77 92 107 127 154 157 172 174 184 186 196 198 
83 28
564 813 804 851 32 94 964 327 582 626 700 436 953 136 415 233 395 646 728 248 431 77 920 148 818 224 684 79 
22
23 24 37 39 42 70 75 85 89 95 106 107 123 128 140 152 161 162 180 188 195 196 
84 27
262 107 973 75 911 824 459 5 788 786 940 767 838 376 720 974 144 953 721 790 34 969 221 111 242 369 281 
18
5 12 22 23 33 60 64 85 92 95 106 134 146 158 167 169 182 183 
85 28
406 360 227 668 468 200 95 731 376 906 89 165 693 29 932 883 757 4 858 901 310 931 691 344 913 455 143 634 
16
18 19 22 27 72 83 84 87 128 152 153 158 159 166 173 189 
86 28
313 40 448 541 708 916 741 803 0 118 710 89 635 755 470 919 638 227 923 848 129 585 780 820 929 33 85 736 
31
3 14 15 17 18 22 37 39 40 41 54 60 63 65 79 81 90 92 108 142 143 144 146 150 152 155 162 180 182 188 193 
87 26
72 824 841 112 273 382 173 541 124 328 594 390 982 581 145 452 500 136 680 775 336 809 361 468 981 290 
24
4 5 14 21 32 35 36 42 44 66 72 74 76 85 91 100 105 135 138 160 161 165 195 197 
88 21
419 379 29 491 203 871 603 828 253 128 370 729 457 263 323 847 246 904 345 698 756 
24
2 9 10 38 47 48 63 66 70 92 97 98 110 130 133 136 139 161 163 166 180 181 185 190 
89 23
378 532 169 539 245 638 873 535 139 292 266 521 783 470 392 738 298 997 867 20 727 324 284 
27
2 3 8 27 30 39 48 51 56 62 63 66 69 75 76 83 90 110 114 115 128 132 134 154 164 169 172 
90 22
523 882 659 868 932 415 701 663 299 871 202 544 861 75 432 352 719 698 873 502 520 265 
24
15 22 26 29 33 50 51 61 69 74 86 89 91 93 94 101 121 126 128 141 142 156 157 165 
91 23
819 263 460 191 342 136 827 744 659 709 403 528 642 171 229 305 822 452 859 719 313 287 151 
26
2 6 12 25 33 35 40 42 45 60 79 87 90 102 106 109 115 119 121 123 132 152 159 169 179 187 
92 26
6 201 891 861 722 509 454 893 772 266 84 466 754 912 210 413 973 966 293 967 489 875 272 663 327 484 
29
11 15 22 44 50 53 59 70 75 82 84 86 88 94 108 118 122 125 136 139 143 148 149 157 158 166 172 187 192 
93 22
993 771 885 11 129 87 902 990 161 411 796 54 535 62 490 1 816 754 564 582 728 882 
17
0 18 19 25 41 44 58 90 111 117 137 141 143 160 174 177 192 
94 25
695 371 750 320 34 430 804 417 775 927 654 786 56 741 40 399 254 195 660 339 610 151 693 778 257 
27
16 17 18 33 34 39 53 54 55 57 63 67 71 72 75 77 78 90 92 121 134 147 151 163 166 168 174 
95 27
360 985 139 588 33 862 690 705 896 472 509 665 247 788 320 844 413 74 595 668 878 791 328 569 753 831 262 
26
4 12 14 16 30 32 40 44 49 57 63 79 83 84 104 107 108 118 126 144 145 151 172 175 179 182 
96 21
89 871 244 426 362 184 459 224 874 164 473 347 25 490 594 165 162 980 10 576 406 
20
12 15 32 47 48 51 58 62 75 98 104 113 119 127 137 141 146 180 184 190 
97 25
596 636 748 276 205 501 460 820 385 549 43 629 975 406 813 787 630 39 303 103 738 681 946 685 846 
21
23 29 38 45 50 67 73 74 88 104 126 145 151 159 160 166 167 170 173 179 197 
98 28
665 208 684 423 166 632 59 266 261 616 768 721 788 153 270 832 134 597 238 299 736 220 690 392 676 429 73 622 
14
8 18 20 27 32 40 54 88 96 146 147 153 156 171 
99 24
271 730 131 832 767 554 998 751 965 264 12 581 384 733 722 889 355 23 305 144 322 41 716 365 
16
15 18 25 28 55 60 72 109 124 132 156 159 160 161 187 193 
100 23
744 794 858 366 260 130 449 391 314 568 297 312 319 614 928 684 195 313 417 269 202 773 823 
23
8 10 20 24 25 27 34 67 70 73 87 103 107 114 130 140 141 149 152 162 172 175 194 
101 26
78 319 900 471 388 265 257 132 411 115 851 671 597 652 414 911 220 63 575 891 677 504 225 817 345 494 
25
2 14 15 21 24 27 40 42 49 78 79 90 115 118 128 133 148 151 159 164 181 187 190 193 195 
102 21
470 670 949 900 341 202 371 729 467 628 862 231 96 713 254 45 365 669 309 937 84 
20
18 40 58 64 91 103 105 106 110 112 130 133 136 137 149 156 157 168 170 176 
103 24
180 762 740 756 987 909 101 481 281 923 503 230 823 845 432 546 574 252 527 436 835 623 501 89 
22
2 9 10 20 22 25 52 63 65 73 76 80 100 102 130 136 151 155 179 185 187 197 
104 20
218 110 329 507 195 566 688 957 306 796 296 568 897 129 849 172 633 431 995 478 
20
7 10 17 22 37 65 73 95 96 97 111 117 121 150 166 174 180 192 193 194 
105 26
541 404 820 68 193 7 43 694 96 64 265 207 745 124 754 311 812 63 970 608 359 890 857 488 739 29 
18
33 34 35 45 49 53 73 87 102 132 138 144 151 158 164 171 175 191 
106 23
522 24 303 90 918 708 262 986 901 269 382 947 366 446 564 925 543 689 31 207 501 94 529 
26
6 31 36 37 40 54 55 63 67 72 83 84 91 102 132 148 152 153 159 169 174 176 179 180 182 189 
107 22
453 419 319 293 158 349 767 32 725 422 123 643 130 737 982 31 7 364 331 162 895 650 
20
2 13 17 27 30 41 44 50 64 67 74 82 83 95 100 129 157 158 163 186 
108 25
584 33 912 438 127 441 900 932 860 219 225 370 920 344 755 998 767 230 993 249 967 975 281 974 691 
16
13 21 44 47 53 66 70 77 86 92 95 111 124 126 183 195 
109 24
699 853 859 701 559 444 734 823 882 861 617 782 145 829 353 723 200 626 67 955 624 186 185 788 
21
2 4 12 14 27 41 44 47 53 54 55 68 91 99 125 147 179 181 187 193 197 
110 24
945 421 479 636 385 530 490 244 232 401 688 966 576 922 180 193 56 325 23 410 48 575 36 468 
22
3 6 7 16 17 33 35 41 42 56 66 88 89 102 111 124 142 149 163 165 172 181 
111 20
12 6 67 629 146 923 574 567 402 563 952 933 53 197 517 806 237 483 382 512 
18
1 35 38 55 71 75 93 104 108 110 115 146 166 168 187 189 198 199 
112 25
576 568 693 951 330 93 526 718 913 408 730 920 827 712 66 750 638 986 153 201 938 438 606 487 955 
15
1 8 10 61 63 102 119 126 136 140 155 166 177 178 185 
113 22
77 790 795 589 158 723 157 851 674 840 944 552 558 858 960 289 130 787 353 548 537 991 
17
10 32 40 61 65 69 71 72 78 96 114 129 140 141 146 167 191 
114 24
42 545 825 832 151 312 787 916 389 930 63 330 88 138 840 939 164 680 235 716 238 445 676 879 
14
6 9 47 63 76 89 100 113 139 164 171 181 184 190 
115 27
463 584 476 352 928 362 747 473 187 579 976 852 367 244 593 297 307 924 737 445 764 28 609 444 263 325 34 
23
10 11 17 23 30 34 35 42 89 91 101 111 120 122 130 134 137 161 167 171 172 177 185 
116 21
353 266 988 168 850 816 873 778 531 620 251 70 199 580 274 918 824 868 567 132 144 
21
9 11 14 15 41 46 49 51 52 74 131 133 143 155 157 165 174 176 182 186 189 
117 24
929 260 332 891 56 948 568 90 361 922 356 701 442 559 518 315 337 401 935 941 823 135 521 98 
14
0 4 16 22 46 93 104 136 137 163 182 185 192 194 
118 25
697 966 973 829 462 277 111 722 962 2 778 262 922 868 623 844 577 324 287 136 194 954 473 947 890 
19
16 68 70 72 92 95 101 122 124 125 130 151 164 178 182 183 186 187 189 
119 26
771 377 287 869 782 985 187 107 166 649 737 629 371 51 631 149 313 554 369 936 750 946 612 389 434 807 
25
5 12 18 21 43 46 50 53 59 71 76 91 96 112 127 136 143 154 169 171 174 176 178 186 192 
120 24
260 754 586 26 877 315 314 746 449 651 933 557 169 582 646 799 305 697 782 454 10 688 824 298 
19
15 19 22 33 34 36 40 46 62 75 80 115 148 151 153 160 161 164 183 
121 21
122 910 180 557 69 876 169 176 814 195 53 129 861 800 931 864 85 840 34 20 486 
17
2 3 10 30 90 91 94 104 128 131 136 152 163 181 183 187 188 
122 25
325 183 967 780 193 8 956 491 799 430 753 331 339 823 560 508 351 374 704 404 856 917 556 787 782 
16
16 18 22 25 47 48 56 61 66 92 115 118 127 163 185 192 
123 22
979 816 662 465 1 339 648 320 119 841 328 427 684 127 210 437 811 549 612 371 410 963 
21
42 45 55 57 63 66 75 76 79 83 91 125 152 160 162 163 175 178 192 195 197 
124 27
466 720 953 383 276 92 165 270 71 333 284 536 334 624 7 95 377 335 875 413 815 85 203 626 986 997 396 
18
2 14 16 28 29 45 65 75 99 108 110 118 132 159 163 165 175 190 
125 21
94 862 851 400 598 479 844 763 750 916 449 386 804 783 10 341 790 106 70 478 981 
26
6 8 14 51 61 62 78 92 109 118 123 132 134 136 141 147 149 156 158 162 167 172 174 175 183 191 
126 26
293 418 39 919 404 206 268 153 337 362 367 540 114 965 20 959 81 122 227 530 860 31 665 871 724 808 
25
0 13 16 17 18 35 37 41 45 56 60 75 90 95 97 108 112 129 144 153 166 173 178 186 195 
127 29
147 638 662 983 931 80 22 202 836 228 470 341 918 184 709 458 299 26 830 258 459 304 485 165 868 359 388 945 519 
26
13 18 20 38 42 68 73 82 96 119 122 131 137 141 149 155 157 171 173 175 178 181 186 190 191 195 
128 27
92 157 379 75 440 811 97 642 999 677 112 341 595 648 402 54 947 780 236 557 240 541 394 933 706 263 292 
17
1 2 16 35 83 85 89 90 101 121 156 158 162 166 168 181 188 
129 24
208 811 163 300 320 894 727 760 57 176 754 56 853 866 749 801 867 151 855 814 284 443 724 524 
12
6 11 38 43 50 52 68 107 113 126 138 159 
130 24
118 809 42 381 102 488 941 265 651 593 938 545 672 698 602 848 453 11 54 671 112 855 890 264 
20
6 7 13 20 30 38 40 49 53 56 75 88 100 102 103 115 118 138 182 193 
131 22
57 900 505 781 424 490 899 585 884 633 687 373 926 305 24 872 243 922 544 293 876 393 
16
13 28 48 59 66 69 71 75 77 80 116 121 127 143 158 173 
132 28
887 799 122 0 654 12 616 716 69 516 573 850 292 415 102 229 300 87 269 673 13 574 697 885 169 971 430 814 
21
1 8 22 26 43 50 58 67 70 89 91 99 105 106 124 125 147 149 159 167 176 
133 28
175 913 87 974 35 439 628 47 407 696 469 275 621 319 919 37 773 149 337 860 418 10 874 992 59 111 513 31 
14
20 42 44 49 54 76 79 88 101 102 116 135 193 199 
134 21
327 231 68 592 318 42 979 758 22 379 165 70 848 441 692 519 360 81 293 861 418 
22
2 19 36 40 62 66 67 70 84 89 94 115 125 140 148 167 169 180 189 192 194 195 
135 23
279 780 379 271 839 491 136 222 384 464 805 453 408 124 847 388 234 767 751 644 615 544 688 
9
5 37 87 133 141 163 172 181 182 
136 24
257 769 427 118 187 933 398 319 312 21 511 803 158 85 188 974 891 993 382 15 192 122 601 414 
18
22 29 34 56 71 74 88 92 102 103 112 117 119 121 125 161 178 197 
137 29
352 59 504 249 747 991 506 869 770 624 408 703 374 728 16 396 239 819 906 676 359 232 567 704 966 934 897 89 535 
22
1 12 16 18 35 36 62 76 93 96 102 115 117 127 154 156 164 171 183 184 187 188 
138 21
978 240 722 835 489 822 826 347 691 596 323 99 652 698 179 668 446 770 839 704 447 
13
0 28 33 50 63 87 105 129 130 148 164 175 191 
139 29
288 366 255 254 301 152 343 188 464 674 428 538 509 269 360 687 616 403 635 292 855 287 342 34 955 140 157 147 844 
15
17 34 53 73 75 88 92 114 157 164 165 170 172 175 190 
140 24
698 132 970 953 738 623 106 82 812 922 756 592 460 617 862 173 656 830 576 291 122 431 931 816 
18
1 12 35 59 83 100 112 113 134 153 156 162 170 171 173 186 188 195 
141 26
886 956 975 385 152 579 83 636 901 37 375 877 495 457 689 417 565 281 229 534 402 190 326 979 833 800 
25
7 8 18 21 25 36 47 90 93 96 100 113 125 127 135 142 151 155 157 165 167 172 176 181 191 
142 20
764 969 228 3 925 203 388 78 134 824 714 861 441 265 708 250 306 125 167 939 
17
8 19 50 61 62 67 76 86 90 110 141 153 173 174 175 179 183 
143 26
701 435 109 243 113 440 77 913 850 193 882 431 196 160 986 937 590 473 761 656 213 974 98 830 682 348 
27
0 7 11 18 21 22 33 35 46 48 49 73 81 86 92 93 116 119 131 147 149 163 171 175 181 187 196 
144 26
159 516 75 865 569 862 974 813 975 414 242 241 617 435 475 400 984 635 738 921 225 563 682 234 776 656 
17
27 30 36 44 45 56 75 86 95 105 126 157 160 163 184 194 195 
145 22
958 338 32 94 497 548 522 714 470 384 41 283 712 807 877 953 424 312 428 176 296 416 
17
0 44 49 54 60 64 72 74 77 79 81 95 97 155 159 177 193 
146 27
569 993 830 251 227 959 907 559 917 597 944 364 446 492 238 161 962 974 202 686 9 826 639 786 491 420 314 
13
5 8 10 49 61 84 86 96 98 111 113 157 192 
147 27
836 581 357 829 764 960 409 723 868 968 992 817 264 708 757 946 425 71 921 979 21 959 988 847 951 126 338 
21
4 12 18 31 44 65 67 70 80 94 98 109 125 132 143 152 156 166 179 185 186 
148 21
441 478 559 22 187 740 138 499 149 213 367 470 206 537 734 914 801 843 861 226 915 
20
23 25 56 61 73 92 101 106 120 134 138 149 153 154 155 160 164 165 183 193 
149 24
557 288 445 545 487 396 672 178 119 465 8 678 195 419 978 694 920 191 414 390 397 303 125 664 
21
5 6 9 11 18 22 23 48 73 74 92 100 102 110 125 127 132 143 148 183 186 
150 24
968 525 682 235 11 239 875 456 136 363 205 808 541 324 273 901 355 113 96 774 91 142 46 634 
13
2 6 10 14 37 66 69 76 78 86 104 164 172 
151 28
437 32 211 562 48 667 882 573 349 118 936 588 993 744 725 708 949 885 601 626 511 502 981 976 598 107 419 93 
24
10 24 26 28 40 45 65 94 95 97 101 103 105 118 120 141 152 154 170 184 186 188 195 197 
152 23
53 353 590 437 917 152 485 584 35 410 286 505 346 226 498 443 303 559 392 189 160 18 52 
20
3 24 32 42 43 44 45 55 56 62 83 85 86 91 100 106 121 123 147 151 
153 23
999 28 613 106 447 58 612 500 412 202 938 681 707 423 265 94 834 551 599 532 778 449 975 
17
5 28 45 47 53 54 78 85 98 106 120 126 140 142 148 168 195 
154 23
8 720 622 169 738 674 184 90 702 797 548 149 856 160 2 620 715 940 301 422 566 516 549 
12
1 31 44 47 82 89 119 137 148 151 160 186 
155 20
467 434 600 916 409 33 277 129 8 798 220 34 982 662 737 779 210 238 987 723 
24
5 9 10 15 26 31 37 53 55 56 77 81 86 103 112 116 127 141 145 148 164 174 177 197 
156 20
607 438 532 908 212 248 827 728 149 297 547 583 249 463 345 634 92 826 642 890 
25
6 7 8 15 29 36 57 63 64 75 77 79 90 98 99 102 125 128 137 140 147 175 182 187 197 
157 28
29 872 60 766 4 623 356 991 698 949 951 136 833 859 700 433 686 780 583 335 327 518 936 790 215 571 235 42 
23
12 21 26 27 40 51 71 74 82 90 92 102 107 116 127 139 141 144 146 166 167 183 193 
158 25
125 440 594 350 853 712 706 476 421 49 526 722 0 14 555 860 714 989 898 494 924 586 821 794 522 
14
47 74 84 85 92 105 107 125 128 131 170 174 181 185 
159 23
10 445 198 404 363 324 196 309 26 49 374 732 877 795 133 755 869 134 769 424 346 483 765 
17
12 13 18 85 91 97 99 101 106 124 129 132 145 165 168 172 186 
160 24
977 41 830 150 836 705 114 198 502 312 602 865 988 175 366 552 901 450 781 696 584 537 565 718 
23
1 7 19 22 31 39 48 50 52 61 65 72 87 93 97 99 120 123 144 148 154 175 189 
161 26
341 64 790 107 660 119 148 843 270 336 900 736 534 402 48 488 620 389 639 147 191 558 972 744 142 509 
17
25 32 37 45 55 64 83 87 88 99 115 120 136 167 171 176 183 
162 21
212 816 354 628 958 461 288 77 962 483 699 650 383 435 185 138 836 25 758 225 664 
17
19 23 28 62 64 83 86 100 123 125 128 140 165 167 169 173 191 
163 25
684 207 953 242 180 49 736 41 62 948 209 416 576 167 230 217 597 544 52 296 194 788 732 731 926 
30
7 10 11 13 17 18 26 50 53 54 57 60 63 66 77 88 94 107 110 117 121 122 123 124 135 143 144 169 172 192 
164 28
757 36 145 773 941 829 981 246 424 161 647 160 554 709 109 764 125 37 931 355 606 528 899 11 177 446 799 261 
21
13 56 58 63 79 89 101 105 114 118 120 137 138 139 148 150 155 181 185 186 193 
165 27
77 829 286 113 326 60 406 507 41 652 931 554 299 92 108 8 553 872 485 590 156 841 549 36 560 213 538 
19
9 41 46 49 53 62 73 78 87 90 110 116 124 139 141 148 159 162 170 
166 29
474 68 436 655 354 901 333 414 307 841 807 959 772 361 610 864 470 970 769 694 455 712 202 648 261 239 93 173 804 
27
4 5 12 18 42 43 45 46 74 85 88 92 94 97 104 111 112 126 128 147 157 168 169 175 179 181 188 
167 23
884 631 51 672 286 758 573 972 172 880 813 980 191 585 693 153 802 515 123 571 210 930 283 
26
17 23 24 38 52 59 63 67 70 73 84 97 113 115 125 132 134 141 157 161 162 171 175 179 188 192 
168 24
931 896 3 376 69 160 359 953 791 763 625 429 521 198 401 45 430 214 377 973 152 423 126 306 
17
1 13 30 44 55 56 62 69 94 102 111 128 153 159 166 184 199 
169 28
601 877 500 532 513 265 815 409 620 543 831 780 254 136 571 17 762 353 890 312 754 288 95 321 68 473 440 195 
22
1 2 7 27 62 74 84 89 91 106 119 134 162 163 166 175 177 182 183 185 190 194 
170 29
731 796 8 231 680 873 496 847 283 117 390 466 897 645 602 821 14 716 174 257 29 280 545 476 601 914 544 426 355 
16
24 42 46 62 68 70 80 97 102 139 140 151 158 165 172 196 
171 29
557 86 888 918 317 920 791 166 768 74 635 510 892 884 507 495 705 522 211 231 779 592 512 676 68 465 590 613 297 
15
1 28 75 98 105 114 115 119 127 137 140 143 161 167 178 
172 24
801 383 944 719 53 865 511 571 985 937 206 847 830 90 355 325 148 229 888 379 8 481 243 36 
28
16 29 30 33 38 40 52 53 65 67 79 82 89 92 95 100 110 115 125 135 139 141 150 159 163 170 193 195 
173 29
709 626 514 953 924 571 754 659 515 474 712 732 985 635 717 274 841 917 104 284 272 781 432 501 670 811 861 151 407 
14
22 32 40 62 67 85 97 126 127 131 140 142 162 193 
174 27
52 116 875 919 69 799 490 175 811 357 649 90 986 511 159 261 352 76 717 988 348 499 420 201 169 584 62 
23
8 21 30 36 37 40 44 49 58 82 93 94 104 106 116 119 125 142 155 158 192 193 195 
175 22
991 311 724 459 187 995 528 338 485 703 501 843 705 377 285 43 888 444 656 592 521 374 
24
1 15 36 43 55 60 95 100 105 123 124 125 127 138 139 142 143 156 160 166 167 169 181 183 
176 21
221 873 353 775 394 289 837 66 280 501 142 739 40 138 619 730 623 675 232 818 732 
15
3 26 28 43 49 56 62 102 106 116 119 132 141 161 198 
177 29
103 775 497 548 432 441 421 806 22 994 31 728 769 425 17 959 491 650 460 633 389 852 123 361 582 99 388 814 917 
17
4 6 11 16 17 19 29 50 51 93 112 115 145 155 169 195 199 
178 20
423 373 895 272 273 327 714 46 485 88 40 516 816 810 941 834 769 784 484 581 
21
0 1 3 13 24 32 36 46 53 66 112 118 119 123 126 127 136 171 180 191 193 
179 20
225 433 245 938 15 344 678 830 614 798 605 987 46 230 612 373 944 658 211 384 
23
0 13 15 16 21 35 36 53 65 72 81 91 95 97 103 106 109 142 147 166 167 186 189 
180 28
79 201 860 373 387 629 157 223 562 279 800 995 525 91 363 869 769 545 835 568 150 174 614 732 786 339 676 444 
21
7 27 30 31 35 36 39 51 52 63 69 76 83 86 88 96 104 106 134 178 187 
181 22
413 495 982 966 355 353 337 864 928 899 144 80 247 21 523 610 242 293 507 78 213 9 
20
45 68 81 88 101 109 110 114 121 127 128 135 141 143 158 164 166 175 182 199 
182 22
179 742 391 870 418 187 773 831 682 107 797 390 462 502 727 678 782 978 174 215 225 195 
24
3 15 20 24 27 41 45 60 76 84 86 95 106 116 117 118 130 135 156 169 181 189 195 199 
183 28
187 438 383 694 868 596 704 120 127 446 511 998 216 51 123 400 733 582 549 44 404 202 74 186 533 249 753 110 
21
2 6 31 32 58 60 84 108 118 120 121 125 137 142 148 149 157 161 169 175 186 
184 24
492 298 234 875 344 102 824 48 575 951 846 86 301 415 137 776 815 223 358 716 698 754 120 253 
12
15 38 54 67 81 82 96 114 137 144 151 168 
185 29
659 786 78 412 896 874 256 546 109 132 891 211 956 291 259 490 225 913 905 714 689 72 289 48 788 988 154 909 241 
25
10 13 24 54 55 57 59 62 68 69 71 75 77 81 88 103 112 115 117 122 147 158 164 169 188 
186 23
920 379 61 332 275 288 589 822 397 73 65 960 381 356 747 992 846 324 905 751 38 595 823 
23
16 20 34 42 61 77 82 107 116 118 119 126 127 140 147 149 151 154 159 164 179 183 194 
187 28
995 964 668 149 225 261 485 145 640 898 829 267 186 770 89 583 843 154 544 576 863 643 569 709 967 474 813 357 
20
11 20 22 35 41 91 92 99 101 103 109 111 118 121 137 143 156 180 193 194 
188 21
988 37 768 952 57 270 177 318 755 674 958 653 504 226 840 274 667 775 470 174 671 
20
1 6 16 22 31 43 52 63 72 79 83 86 121 128 137 140 151 166 167 185 
189 26
37 314 615 98 633 442 263 343 863 252 732 984 556 790 254 86 108 9 760 419 662 616 997 854 891 664 
19
6 13 29 38 47 48 57 67 68 80 85 106 111 116 118 134 160 179 182 
190 20
361 190 301 759 579 968 375 678 953 169 941 296 32 545 29 368 454 171 622 892 
19
0 12 26 49 61 66 77 88 96 101 114 124 127 139 169 192 195 197 199 
191 21
631 652 50 646 621 399 500 864 416 482 577 606 784 336 186 104 63 216 57 232 509 
22
16 18 22 29 39 46 50 53 57 65 66 68 72 73 105 113 125 127 138 141 162 178 
192 26
617 55 87 985 861 258 608 753 889 591 757 292 589 378 691 442 242 107 924 819 714 60 508 252 164 571 
24
4 25 27 36 39 52 56 59 68 78 92 93 104 117 119 122 123 134 146 163 167 174 190 196 
193 28
222 804 977 280 773 384 367 758 245 718 350 866 662 108 510 251 838 202 693 433 309 618 604 375 678 112 627 195 
26
6 22 29 36 39 45 61 63 80 86 99 101 104 109 130 133 145 148 157 164 172 173 174 178 187 197 
194 26
447 417 840 425 49 965 161 416 723 759 745 794 109 611 456 569 474 707 760 676 753 193 337 797 65 401 
22
1 6 15 16 20 25 27 28 31 32 48 50 64 100 104 117 134 144 169 186 187 195 
195 22
44 948 298 492 717 490 269 766 455 430 534 530 541 279 324 651 243 780 572 840 332 393 
30
3 4 14 16 23 25 31 46 56 60 63 78 83 87 101 108 123 126 127 134 140 144 151 153 172 174 177 182 190 194 
196 25
877 82 668 27 147 421 289 192 370 939 684 87 781 305 854 588 388 118 629 443 632 263 575 556 980 
18
2 6 10 11 35 37 39 48 56 68 70 78 82 83 143 170 192 198 
197 27
889 373 712 766 455 380 145 603 802 434 147 524 725 831 611 506 488 817 94 575 558 565 556 578 360 188 841 
19
2 7 20 24 47 48 55 81 87 97 103 109 123 136 151 155 156 190 193 
198 25
745 821 703 986 194 767 104 1 148 250 956 302 36 103 178 762 286 789 620 774 959 67 350 517 632 
12
0 6 25 33 51 62 76 77 82 111 176 196 
199 28
95 992 447 936 927 544 757 982 530 303 102 986 656 602 236 613 256 273 68 434 387 355 223 7 481 182 74 183 
18
13 14 17 20 34 37 39 56 60 63 70 111 133 168 177 181 182 190 
