200 1000
0 29
785 333 628 395 15 406 911 657 364 231 44 581 270 219 280 91 513 734 900 377 675 23 480 693 999 887 632 118 829 
16
21 35 40 42 51 57 60 64 110 118 119 129 136 141 157 172 
1 29
988 967 152 968 362 168 727 625 177 91 856 221 25 126 440 657 569 954 391 821 331 418 845 811 464 196 50 96 314 
21
21 22 28 31 47 55 86 104 105 119 125 129 131 138 145 158 171 177 191 195 197 
2 20
915 654 847 419 623 561 939 702 538 117 793 394 338 170 872 131 828 794 85 571 
22
13 14 22 27 38 41 43 54 71 87 88 92 99 115 124 150 166 171 174 180 185 190 
3 25
768 342 460 932 806 656 982 902 323 214 169 977 61 588 952 974 528 654 512 997 800 258 335 322 131 
24
14 16 18 25 32 33 42 61 74 77 79 81 90 95 109 118 125 132 134 159 170 178 181 198 
4 26
502 277 903 74 892 672 416 705 604 574 713 938 476 36 153 997 366 566 585 670 893 465 677 405 814 829 
26
7 8 14 17 23 35 38 40 49 56 63 67 80 90 108 111 121 123 135 140 153 172 188 191 192 198 
5 26
502 151 499 320 654 776 224 80 668 896 848 725 852 422 439 790 250 827 295 247 193 862 184 216 755 2 
19
13 39 60 68 70 84 95 96 98 113 130 132 139 155 173 175 182 184 190 
6 23
512 816 722 528 670 225 27 991 879 155 215 311 824 463 159 549 315 933 340 457 183 168 753 
19
11 21 22 29 51 60 65 67 76 78 81 99 105 128 148 160 167 170 180 
7 22
361 967 319 929 74 673 822 586 841 544 467 512 770 494 503 1 2 718 665 826 533 824 
17
4 8 23 28 37 50 87 101 115 138 141 145 147 163 174 179 193 
8 27
848 110 68 657 645 236 762 780 949 729 99 879 803 124 53 742 965 950 209 477 72 55 332 425 57 50 90 
17
4 7 29 65 67 79 90 98 99 111 132 141 142 148 149 194 197 
9 25
583 267 963 783 377 383 793 22 971 555 802 272 637 253 503 440 557 182 695 507 743 524 579 799 857 
18
12 37 40 41 42 46 49 55 60 67 72 73 85 102 124 142 154 199 
10 24
856 259 447 92 195 714 407 978 91 142 123 465 113 679 620 385 668 225 889 108 955 798 643 650 
16
28 41 42 51 54 67 81 95 109 119 121 138 180 182 183 193 
11 25
738 174 236 537 31 592 746 643 39 190 838 105 949 168 196 91 292 14 204 323 634 589 991 859 830 
15
6 38 45 59 81 86 95 108 118 121 126 133 137 151 190 
12 21
814 628 446 816 285 185 991 873 74 374 466 820 369 857 362 207 963 311 376 511 402 
16
9 19 25 31 35 52 79 85 88 94 101 107 119 130 140 151 
13 20
525 606 343 511 548 686 371 730 137 537 359 584 354 644 121 697 518 195 423 336 
20
2 5 32 42 45 46 50 60 62 66 80 105 127 135 136 157 161 164 165 172 
14 28
793 545 730 0 860 42 728 724 444 748 249 403 91 761 951 129 484 681 267 21 392 203 727 389 324 424 259 871 
17
2 3 4 46 59 73 74 91 114 121 145 146 157 159 164 169 194 
15 28
947 239 641 492 970 993 705 364 722 429 808 470 678 563 914 791 866 43 275 900 662 649 292 217 376 681 893 801 
19
18 28 30 35 41 49 57 58 60 72 91 111 141 143 149 170 184 186 198 
16 22
765 1 239 356 994 84 326 987 789 690 61 218 851 884 248 414 150 40 281 193 667 181 
14
3 39 47 57 69 75 92 122 128 136 137 148 179 199 
17 28
668 825 425 45 859 319 198 151 436 199 391 792 545 475 119 884 264 161 946 834 364 830 82 779 980 474 412 525 
18
4 22 25 28 36 59 60 63 65 69 133 137 146 161 164 171 173 199 
18 24
945 85 162 770 511 559 629 182 757 781 618 308 524 410 205 999 881 90 615 395 36 449 759 218 
21
3 15 31 33 38 43 59 63 71 86 91 105 108 115 131 155 168 180 184 188 195 
19 23
890 550 358 654 75 852 599 161 366 722 24 926 703 206 35 836 824 696 360 234 901 711 468 
13
12 27 52 64 84 93 103 114 124 126 137 149 152 
20 23
326 863 379 127 622 949 11 865 499 369 519 927 573 119 440 291 841 464 217 896 22 605 733 
12
25 28 38 48 53 70 102 116 132 133 150 154 
21 28
653 93 784 906 805 252 250 483 115 629 611 90 931 622 955 430 343 474 709 268 945 149 559 138 965 129 35 339 
21
0 1 6 26 45 48 50 91 101 105 121 138 140 149 151 166 167 169 170 181 188 
22 26
768 537 739 861 322 645 18 574 895 502 42 877 465 132 808 87 439 590 782 265 300 50 211 801 609 349 
19
1 2 6 17 26 27 29 57 63 71 74 76 82 88 100 103 189 191 193 
23 29
90 736 458 176 504 996 915 718 670 913 88 244 808 590 638 37 55 122 197 494 561 788 276 827 440 678 390 593 640 
26
4 7 34 35 36 46 49 67 73 74 82 84 103 107 109 125 148 152 161 168 174 183 184 186 188 192 
24 21
712 730 828 171 907 684 519 174 754 189 87 843 785 248 776 285 193 898 835 687 812 
23
25 28 31 41 44 50 52 66 77 78 85 87 97 105 107 111 121 132 134 160 166 175 190 
25 23
316 991 415 994 381 8 634 824 73 365 652 596 624 689 467 798 443 656 886 286 793 486 424 
18
3 12 17 20 24 37 60 69 96 108 121 128 131 149 159 162 167 174 
26 21
771 617 820 606 656 984 581 972 975 348 319 708 709 305 532 782 22 537 378 646 226 
16
21 22 32 56 68 70 91 104 117 118 132 135 156 162 166 186 
27 27
797 669 853 683 308 998 169 84 920 292 701 92 251 357 76 184 682 403 885 1 111 594 658 643 728 681 532 
18
2 19 22 30 31 38 45 52 69 92 95 99 119 125 151 164 177 182 
28 28
327 758 655 124 780 860 159 440 210 680 524 130 325 225 574 928 934 2 464 616 405 349 969 516 943 628 512 23 
30
1 7 10 15 17 20 24 33 45 55 60 61 71 74 76 87 99 110 116 121 127 130 137 169 179 180 182 186 190 194 
29 29
44 481 988 155 136 465 935 348 976 375 559 9 251 41 334 476 616 262 762 618 78 731 376 428 700 892 723 680 756 
14
6 8 22 51 63 85 94 95 105 139 150 159 180 183 
30 27
341 153 580 330 308 717 147 595 417 123 970 976 132 573 18 818 49 634 432 163 604 511 894 980 939 225 662 
18
15 27 61 62 69 84 92 99 105 114 118 136 137 153 172 176 181 195 
31 27
333 761 969 486 342 299 146 411 798 741 828 921 63 805 406 636 823 224 37 809 9 201 765 520 95 746 811 
19
1 12 18 24 27 48 67 72 86 90 114 121 125 158 161 185 186 188 198 
32 22
323 825 670 656 587 639 143 929 290 289 692 440 383 520 361 446 677 119 83 852 696 120 
20
3 13 26 41 45 46 58 83 106 114 117 120 129 159 160 165 171 176 183 187 
33 21
705 673 779 577 769 525 388 163 200 213 833 856 152 824 351 433 466 641 125 906 24 
25
3 18 28 43 44 49 56 60 62 75 94 98 99 101 104 121 124 134 137 141 149 159 187 189 198 
34 28
620 822 675 739 905 528 787 378 541 844 51 320 421 172 197 161 336 397 727 521 606 231 346 957 665 164 950 142 
18
23 48 50 53 78 81 86 101 122 126 132 140 155 158 167 168 193 197 
35 21
326 140 691 149 816 782 406 696 922 784 237 766 188 910 540 360 459 53 209 780 218 
22
0 4 12 15 23 41 45 57 59 66 88 106 114 130 131 137 154 160 164 179 187 195 
36 25
364 916 772 29 432 723 171 503 401 312 546 550 480 681 957 528 955 93 765 721 281 27 613 642 487 
18
17 23 37 42 58 71 94 110 139 161 162 173 175 179 182 190 193 198 
37 27
690 696 799 260 863 163 176 635 544 961 710 68 464 112 732 363 14 212 396 323 740 351 417 857 424 698 237 
17
7 9 25 36 44 75 85 92 113 118 125 141 144 145 150 166 193 
38 28
340 76 57 383 124 208 643 987 724 172 974 268 133 37 336 949 501 68 312 515 632 708 839 59 608 934 484 306 
22
2 4 11 18 20 27 58 62 67 79 88 99 111 117 127 132 141 150 168 187 188 192 
39 23
874 999 599 931 382 723 491 377 62 215 549 36 836 682 425 524 632 926 593 296 794 577 357 
20
5 16 50 52 58 65 66 85 86 93 94 95 96 97 102 112 136 147 153 161 
40 25
654 768 593 940 604 251 463 478 602 414 761 984 489 253 362 551 820 263 939 656 946 365 181 930 291 
19
0 4 9 48 52 56 66 67 69 103 114 131 133 139 153 181 188 190 196 
41 26
226 437 55 583 422 61 352 15 1 956 619 464 787 221 230 900 558 719 505 272 270 326 535 210 334 833 
19
2 9 10 15 24 32 35 53 54 70 77 92 110 112 129 136 151 157 174 
42 27
515 763 570 993 342 8 401 277 430 462 981 798 464 290 769 280 77 990 511 977 548 230 835 820 853 161 708 
18
0 3 9 10 13 36 44 54 63 72 137 139 148 154 155 169 180 198 
43 25
495 541 342 363 305 912 708 999 272 109 276 55 572 258 853 36 900 974 668 977 964 179 306 513 410 
16
2 18 33 66 70 72 95 99 100 102 110 134 139 160 167 178 
44 21
685 263 654 393 30 502 935 372 217 592 636 925 591 909 35 219 964 959 829 169 347 
18
24 33 37 42 52 69 75 82 89 97 113 130 131 155 181 182 195 199 
45 29
143 15 58 107 195 717 972 957 210 10 572 217 403 602 719 690 974 936 634 610 213 577 871 600 797 835 559 978 4 
28
11 13 21 27 28 32 35 56 59 64 70 77 82 84 87 98 123 137 138 140 148 154 162 163 171 194 198 199 
46 26
708 499 922 118 607 117 835 931 426 398 941 998 615 345 600 686 387 926 622 22 888 187 599 760 788 748 
21
9 13 14 23 32 50 52 67 78 86 102 104 114 138 151 163 166 179 188 194 197 
47 27
347 727 952 606 787 451 528 905 410 997 93 342 775 843 635 773 458 332 725 496 720 3 118 94 891 657 693 
15
1 16 49 62 70 74 82 90 91 113 120 136 139 153 193 
48 23
445 442 951 145 521 255 751 308 706 631 565 469 980 658 163 755 853 798 528 663 131 605 159 
25
20 21 31 34 40 55 73 85 92 99 103 130 132 151 157 162 166 172 173 175 184 188 194 196 197 
49 23
608 277 297 851 287 990 207 732 784 158 877 305 413 980 613 471 611 179 292 943 189 455 698 
22
4 9 15 23 33 47 61 62 84 86 88 92 118 122 124 126 152 154 161 171 178 198 
50 23
606 578 58 737 183 218 292 143 847 589 347 134 931 554 867 716 64 96 373 829 429 987 300 
22
7 13 21 24 34 39 46 62 66 75 86 107 108 110 126 139 140 142 161 185 186 191 
51 22
518 945 336 59 752 34 454 358 613 513 447 148 731 739 644 578 680 991 713 612 897 932 
16
0 6 10 29 60 87 102 106 116 124 128 129 140 175 190 196 
52 20
961 380 53 790 161 392 442 554 262 387 890 322 140 276 128 498 889 641 298 390 
17
12 19 24 27 39 40 44 46 64 69 73 87 115 137 138 164 191 
53 24
37 34 655 718 25 720 682 922 652 362 235 384 415 546 808 819 452 422 207 342 744 699 970 873 
15
20 34 41 75 79 99 104 122 126 133 153 165 193 196 197 
54 29
212 866 847 602 943 237 988 598 307 13 318 989 287 322 351 522 706 118 899 604 278 718 56 701 277 750 445 976 721 
10
2 10 41 42 59 86 110 150 180 194 
55 20
526 285 889 725 887 832 962 875 430 269 240 748 610 879 422 961 753 128 80 652 
23
1 9 28 48 58 76 78 86 88 89 90 95 101 113 114 117 127 141 154 158 166 194 197 
56 25
710 722 493 411 0 244 209 328 317 231 206 602 120 932 841 952 246 68 734 868 308 834 478 187 256 
16
4 26 33 40 45 57 65 86 89 90 98 104 105 117 163 172 
57 20
292 737 872 944 822 582 18 315 346 911 555 347 580 786 553 182 907 837 375 211 
21
0 15 16 22 35 56 75 76 96 100 101 104 107 116 118 152 167 168 181 193 198 
58 24
443 298 952 103 132 430 642 741 222 934 478 446 230 652 381 249 319 727 267 583 282 614 163 420 
19
15 32 36 38 39 55 64 80 98 111 121 124 134 138 145 166 172 176 188 
59 20
698 679 357 73 891 441 869 541 745 972 25 528 615 766 750 549 596 197 780 600 
20
11 14 17 18 35 45 54 68 74 83 93 100 131 163 167 187 190 193 197 199 
60 20
29 920 657 648 855 939 615 18 359 135 716 39 492 142 282 286 11 175 383 983 
22
0 5 6 9 13 15 17 25 28 33 51 64 92 100 129 140 143 164 166 168 172 186 
61 20
911 950 967 662 500 915 211 632 516 141 661 788 150 309 643 89 924 800 411 730 
24
3 28 30 49 68 70 85 102 103 111 114 117 124 126 133 136 157 162 166 168 169 180 192 198 
62 21
256 224 825 542 235 0 277 570 201 189 521 520 203 21 435 414 5 951 907 666 739 
23
13 30 33 38 47 49 50 70 74 78 85 89 100 107 114 125 146 154 155 168 173 186 190 
63 27
327 734 498 604 396 650 367 478 194 623 702 371 517 289 372 795 859 925 984 380 797 187 753 232 953 758 536 
18
4 17 18 22 29 42 64 65 83 95 102 118 124 145 154 170 184 185 
64 22
776 627 269 456 362 119 60 110 121 779 588 667 403 642 39 920 931 763 67 790 688 51 
19
0 19 45 52 58 60 63 87 93 101 121 125 139 141 161 162 168 185 186 
65 23
485 590 628 69 543 387 605 755 515 585 376 971 299 847 383 409 969 163 349 988 918 991 27 
18
6 8 17 39 56 63 111 128 140 141 142 144 150 154 159 184 186 190 
66 28
922 790 906 64 478 309 587 315 900 216 385 795 955 342 551 822 279 146 578 127 529 987 448 44 336 436 962 679 
20
13 24 35 39 40 43 50 68 91 98 102 120 129 152 171 176 182 187 197 199 
67 24
153 601 606 411 666 437 72 605 752 972 173 489 768 128 184 671 303 463 302 449 394 429 330 381 
28
4 6 8 9 10 23 31 38 40 46 74 76 92 105 108 112 124 141 143 151 172 175 179 184 188 193 197 199 
68 29
375 70 18 689 749 834 194 703 440 605 721 877 678 326 982 2 500 823 122 980 7 145 283 448 732 217 229 415 950 
19
5 26 59 61 66 69 72 84 87 95 119 120 132 146 147 150 151 152 178 
69 29
790 372 477 831 474 311 26 177 751 983 898 981 661 576 963 16 76 138 490 409 146 636 692 321 84 777 890 313 192 
25
16 17 25 27 30 40 44 52 68 86 117 118 127 134 135 142 143 145 154 157 165 170 177 181 191 
70 20
124 334 565 601 165 39 912 543 216 16 527 466 349 540 42 664 556 471 802 47 
17
5 20 26 41 43 45 47 61 62 72 74 84 96 135 153 164 180 
71 20
300 35 924 621 119 701 511 784 245 704 909 579 269 862 97 308 775 640 876 143 
20
2 18 22 28 36 77 83 85 92 105 126 141 155 159 166 183 185 194 197 199 
72 27
342 492 708 736 508 616 207 310 15 87 611 50 12 232 521 65 96 306 311 800 567 242 69 429 339 729 556 
17
9 15 31 42 43 68 70 86 121 135 158 162 169 183 186 188 189 
73 22
605 51 499 299 895 559 35 403 528 595 714 543 682 325 946 46 909 467 464 5 125 127 
19
9 14 23 48 52 74 79 86 92 109 112 120 138 159 170 171 179 190 191 
74 27
692 369 226 474 61 307 30 393 264 82 244 563 329 156 599 733 684 194 447 579 228 772 525 627 681 345 443 
21
3 14 22 23 28 47 59 62 67 70 73 86 93 98 112 135 136 164 169 171 198 
75 29
470 570 196 515 291 775 341 704 82 371 449 347 805 694 262 135 850 213 220 886 759 667 465 340 791 343 319 824 688 
16
16 33 37 44 50 53 57 81 89 101 143 150 151 157 183 186 
76 22
863 510 684 60 377 975 187 718 32 269 442 481 968 599 175 583 86 796 306 615 556 325 
15
6 22 28 55 57 67 85 123 136 137 141 146 179 181 199 
77 23
896 116 776 215 941 816 329 804 678 13 216 408 340 403 126 372 25 920 854 345 872 381 928 
18
3 24 41 45 71 83 85 90 92 108 113 117 126 128 139 148 185 194 
78 28
111 725 617 726 633 942 511 881 59 287 448 352 455 777 156 486 142 894 482 480 20 855 505 293 61 203 165 794 
20
6 24 34 46 55 62 96 118 123 129 130 142 157 160 169 174 180 186 192 197 
79 21
475 905 208 444 984 193 387 495 74 798 135 874 150 590 651 658 76 793 383 970 276 
21
3 8 12 38 53 73 80 96 109 115 118 125 130 136 143 148 170 172 180 183 198 
80 24
343 483 721 988 896 276 505 690 408 332 596 968 777 580 514 516 427 588 314 562 463 464 153 466 
18
4 13 58 79 82 84 89 91 92 106 134 143 150 159 166 177 193 199 
81 24
581 612 858 904 240 74 599 723 147 939 619 424 444 661 184 776 257 504 553 189 18 69 617 959 
17
3 6 10 11 34 75 112 122 128 140 146 148 151 159 183 188 195 
82 25
179 774 551 684 240 26 618 852 236 874 444 310 473 167 809 764 138 233 208 800 769 336 409 274 242 
21
22 23 44 45 47 80 84 92 102 108 120 125 143 145 153 155 158 164 171 195 196 
83 21
644 663 568 603 399 99 377 950 136 970 328 754 174 564 980 619 226 453 138 36 217 
23
32 59 63 71 77 113 116 127 139 140 141 144 147 157 163 165 168 170 173 181 186 187 191 
84 29
621 777 781 743 113 190 369 355 493 13 19 61 969 770 513 698 720 649 668 49 755 195 965 735 166 192 540 304 228 
20
5 19 23 30 45 49 68 70 80 82 86 95 100 116 137 149 151 156 166 174 
85 29
933 201 238 66 944 351 257 313 59 750 679 430 164 648 200 29 346 272 30 367 673 785 562 639 872 728 831 764 384 
22
9 12 24 29 37 39 48 61 62 71 76 77 92 115 117 163 169 171 178 187 191 199 
86 21
225 670 612 463 736 557 166 345 222 577 96 901 7 549 207 993 248 480 23 615 153 
30
1 11 18 31 34 39 46 49 50 54 55 56 69 72 73 74 84 100 101 103 116 131 139 149 152 168 170 182 190 192 
87 20
177 144 32 257 975 148 993 386 373 663 351 188 400 260 706 745 482 284 193 384 
13
2 7 24 28 45 51 52 64 68 137 157 181 184 
88 21
157 285 851 150 533 683 173 148 188 333 677 717 286 308 217 280 47 942 295 398 130 
14
2 12 22 35 38 49 55 102 103 117 144 185 186 199 
89 25
658 837 793 492 473 986 228 116 496 514 967 646 399 650 172 900 191 857 929 524 575 216 184 792 848 
20
44 55 56 62 75 80 97 110 112 119 124 126 134 143 152 154 157 173 186 195 
90 21
87 143 981 217 191 991 406 984 484 231 322 64 348 818 578 315 817 330 318 989 230 
17
3 4 8 31 47 55 56 77 98 106 130 153 160 176 182 195 199 
91 29
846 511 385 773 727 569 918 927 153 5 71 486 222 614 478 981 598 314 212 920 378 912 91 309 228 908 639 898 249 
16
14 15 18 21 26 47 66 80 103 105 108 138 168 174 190 196 
92 21
759 95 732 144 869 812 713 139 739 218 162 705 718 776 535 699 726 849 264 999 579 
34
2 16 27 30 37 41 48 49 60 67 71 73 77 80 82 85 98 114 121 123 132 138 139 145 150 152 162 165 172 179 186 191 193 198 
93 26
90 888 756 350 879 654 599 100 413 46 185 909 267 997 975 406 88 193 550 603 250 269 731 785 320 458 
13
19 39 59 64 74 102 119 135 161 162 181 193 198 
94 26
936 457 566 113 899 806 221 601 686 228 200 138 641 246 323 551 866 320 878 272 761 71 823 364 674 444 
17
12 29 33 36 39 102 106 115 120 121 129 160 164 179 194 198 199 
95 25
811 764 553 150 701 362 68 166 613 874 387 214 560 615 766 51 609 365 374 512 231 695 390 503 456 
21
3 5 10 11 27 29 39 43 55 63 68 84 110 113 140 143 145 157 159 192 194 
96 23
678 172 487 122 267 299 887 173 801 940 535 869 106 501 743 493 715 656 461 482 707 70 199 
20
5 25 39 57 70 78 79 99 111 113 129 130 139 143 145 146 152 179 184 194 
97 21
582 430 128 324 933 936 137 612 108 625 734 376 276 973 901 77 913 436 946 19 289 
15
24 39 44 89 99 107 112 121 130 148 154 160 170 175 196 
98 21
865 357 49 326 191 756 396 390 190 330 820 318 654 753 607 143 717 67 768 804 795 
23
5 8 33 45 56 58 66 74 90 92 117 118 142 144 151 152 178 180 184 185 186 197 198 
99 26
777 696 825 43 133 123 62 774 165 279 131 214 605 322 323 353 712 513 35 532 183 41 638 142 185 355 
24
2 6 8 27 28 30 33 38 43 48 53 96 97 110 116 118 139 146 148 155 165 166 180 196 
100 20
305 159 5 702 289 879 332 187 3 746 961 520 26 93 734 983 415 409 337 480 
24
22 43 57 59 60 62 84 86 106 112 115 120 122 125 126 128 133 141 148 165 169 172 180 189 
101 24
724 12 458 766 650 952 951 358 162 256 517 168 310 158 222 190 490 409 545 237 722 65 263 815 
18
7 12 21 33 34 55 57 64 75 86 119 122 126 131 138 167 168 173 
102 21
246 583 561 935 63 835 660 427 645 778 430 598 729 788 760 337 657 280 0 816 854 
20
9 20 39 43 46 51 61 63 66 82 88 93 94 103 104 109 163 175 181 190 
103 20
306 263 87 895 338 152 510 153 303 109 88 864 44 503 52 56 283 697 834 713 
22
19 22 23 40 48 61 86 88 91 102 107 118 122 125 131 135 138 159 167 168 179 194 
104 25
915 501 408 605 510 40 326 895 147 985 234 232 848 386 743 354 41 852 442 906 896 298 958 305 581 
21
1 26 33 46 53 56 57 102 110 130 134 142 155 159 160 163 167 170 180 187 190 
105 27
491 646 303 407 499 63 12 9 103 969 688 998 468 673 509 702 905 357 440 0 711 481 852 506 739 101 156 
20
1 6 13 18 21 24 29 30 56 67 71 91 110 116 136 143 148 179 190 196 
106 29
406 89 57 897 87 712 656 586 775 20 595 230 341 635 581 809 660 442 511 566 151 303 918 215 137 771 73 228 872 
18
32 35 51 80 90 94 100 109 110 116 135 145 155 163 169 172 185 188 
107 29
278 630 670 687 879 757 751 888 343 878 908 290 108 602 926 41 411 586 483 275 504 635 578 423 850 67 546 923 296 
16
12 23 24 50 57 62 97 103 125 130 131 141 145 160 175 180 
108 20
504 574 752 174 613 631 931 364 871 626 242 780 268 702 382 194 744 145 133 579 
14
4 11 18 25 50 67 77 82 91 130 136 155 176 198 
109 20
989 214 999 764 416 66 310 339 714 80 843 640 832 369 253 816 652 969 687 278 
16
3 10 23 73 79 102 106 115 121 122 126 156 162 173 176 187 
110 23
819 899 266 553 445 362 699 578 941 119 920 508 470 684 924 889 347 264 603 779 459 596 964 
24
0 28 36 41 43 50 54 89 95 99 104 105 106 120 123 126 128 138 146 149 152 174 179 194 
111 21
849 780 833 819 464 734 991 363 0 544 808 714 595 739 656 67 659 516 889 695 440 
17
4 8 15 24 38 58 61 65 96 115 122 124 142 151 157 180 181 
112 28
42 704 734 822 516 682 138 697 531 270 882 702 89 698 437 80 61 789 977 222 856 924 961 864 991 972 380 881 
13
39 41 67 73 74 81 89 97 100 177 182 192 193 
113 27
820 11 62 877 97 236 393 779 374 442 663 644 676 365 85 375 154 166 788 296 495 10 152 419 323 16 411 
15
5 37 44 47 55 77 83 95 96 114 121 132 153 177 192 
114 27
396 644 667 216 655 81 93 105 317 838 884 691 632 547 687 661 265 772 36 419 290 176 715 785 539 219 557 
19
14 19 30 31 32 35 40 46 55 61 62 92 113 125 126 129 132 164 180 
115 24
235 320 862 631 964 881 200 971 962 645 76 279 836 961 322 820 860 9 481 125 133 517 897 424 
21
2 7 18 52 79 85 94 100 109 111 123 127 128 151 156 161 171 181 188 189 195 
116 26
964 561 585 184 470 799 419 790 13 403 106 894 955 78 856 600 506 487 788 819 809 609 680 170 90 157 
18
20 28 51 57 83 84 86 99 105 106 122 128 131 157 167 172 185 191 
117 24
960 54 80 6 19 993 943 203 464 742 974 254 756 729 713 650 684 791 859 637 649 346 425 469 
19
26 32 38 55 56 61 69 77 85 88 98 118 123 133 134 138 157 169 184 
118 26
34 501 678 477 658 982 789 65 414 795 436 408 90 991 872 832 965 478 940 695 191 591 731 334 450 368 
25
0 3 11 26 30 37 49 57 63 69 78 79 98 99 103 117 121 124 133 141 149 156 159 168 191 
119 24
148 794 805 304 180 658 983 657 668 317 446 733 732 593 521 492 35 512 364 868 830 194 808 877 
20
0 1 10 12 27 68 89 93 101 121 122 124 131 132 145 173 176 181 193 198 
120 26
751 608 72 553 977 408 702 123 213 358 303 871 693 313 540 363 111 625 95 57 147 939 92 11 655 960 
21
32 47 66 68 73 82 94 100 110 123 136 138 146 164 165 174 180 181 183 185 192 
121 21
849 121 718 587 224 327 660 130 656 68 184 779 282 894 82 505 588 395 397 951 859 
32
4 10 11 14 21 24 25 28 31 33 58 64 72 92 94 97 109 113 118 119 141 142 145 156 157 167 174 177 185 188 195 199 
122 25
398 916 522 337 8 533 992 321 727 193 794 445 781 18 124 441 500 780 861 36 559 495 931 994 1 
20
16 34 49 53 81 100 101 103 109 111 116 119 128 148 164 165 170 171 181 188 
123 29
741 750 822 600 125 572 516 999 261 877 885 605 198 612 798 992 57 579 362 182 372 863 314 234 899 226 729 830 220 
14
4 45 76 78 92 110 115 117 120 131 166 177 178 189 
124 22
701 313 833 875 266 310 447 782 708 659 195 209 807 464 201 216 395 564 750 120 779 65 
20
2 9 19 33 49 51 58 61 63 67 89 111 118 119 131 133 142 158 161 185 
125 24
30 643 435 861 863 870 914 528 55 142 794 365 589 929 27 650 940 574 315 150 381 779 703 950 
20
1 3 23 27 31 37 62 64 79 82 100 103 107 114 129 137 144 149 159 195 
126 27
267 700 647 398 117 353 429 760 788 642 975 10 908 504 65 50 650 783 992 579 810 520 385 309 22 118 89 
22
11 19 34 49 50 53 61 71 77 89 100 101 109 110 114 132 159 163 169 170 189 193 
127 25
68 968 345 121 615 743 238 172 999 108 814 326 119 75 182 184 125 833 319 117 764 130 759 636 867 
15
13 28 38 55 69 83 115 131 134 135 139 144 155 176 189 
128 21
658 337 510 384 406 830 81 879 445 824 117 413 349 468 521 515 795 992 590 329 529 
17
6 16 25 51 65 77 81 100 110 115 116 122 132 142 145 146 179 
129 26
162 848 833 927 330 945 915 197 366 574 535 228 310 293 58 391 172 855 215 641 268 916 110 141 432 257 
20
0 1 32 41 51 60 66 78 94 96 114 125 136 146 148 159 174 184 188 199 
130 24
22 938 15 738 101 863 924 380 194 221 295 743 587 630 167 883 275 225 274 799 80 842 441 700 
21
5 12 28 35 44 48 78 79 90 96 97 104 107 108 134 141 156 168 185 193 194 
131 28
903 193 190 512 679 565 450 694 303 910 579 283 456 800 931 551 387 504 182 906 388 809 483 14 609 915 856 50 
24
1 18 25 35 40 44 59 86 101 103 107 116 119 123 124 127 134 136 138 154 165 187 189 191 
132 25
967 305 161 509 817 840 74 267 887 730 171 797 309 806 253 110 89 804 849 594 338 756 334 148 591 
19
3 5 8 20 24 26 34 38 48 68 92 113 114 119 126 128 137 170 197 
133 28
109 507 557 159 474 524 816 635 385 633 828 460 900 715 190 423 512 851 582 765 961 671 921 163 617 260 271 303 
17
11 17 20 40 53 61 100 117 118 124 134 154 170 177 182 192 199 
134 20
862 652 869 369 561 380 844 437 196 831 822 829 659 634 81 374 176 857 886 28 
18
3 24 33 43 58 69 80 89 104 117 127 130 131 133 145 155 182 195 
135 29
3 341 462 277 504 432 889 127 735 649 990 739 870 711 300 250 907 89 798 912 627 398 898 60 125 75 269 363 103 
17
4 13 26 69 70 72 74 93 103 106 127 153 156 160 182 183 188 
136 28
719 796 171 996 301 603 885 428 690 534 770 430 756 482 82 6 389 172 804 480 436 783 231 334 195 356 761 465 
26
0 13 16 30 39 41 47 61 74 76 79 105 108 120 129 131 137 143 148 170 172 177 185 191 195 199 
137 21
864 525 790 13 48 786 314 3 23 94 694 909 217 124 665 699 558 440 730 827 273 
21
11 16 17 19 28 30 33 35 42 45 52 76 84 87 125 132 136 141 164 180 186 
138 28
962 504 853 510 212 614 327 283 831 852 426 844 901 904 236 956 950 145 173 811 224 985 834 17 67 14 642 586 
28
1 7 10 21 45 46 52 58 73 91 92 101 103 110 117 120 131 139 140 160 164 167 171 175 186 196 198 199 
139 28
146 439 190 710 405 517 345 588 370 771 784 623 984 646 879 572 955 830 69 128 256 232 705 593 419 74 661 433 
25
5 29 36 40 42 43 47 50 64 77 83 86 92 96 99 127 138 140 150 155 156 170 174 182 183 
140 26
247 113 214 38 304 924 795 173 621 384 895 393 520 518 729 167 750 301 122 580 370 602 188 603 659 782 
20
4 12 21 34 45 50 51 60 65 81 83 95 138 139 155 157 161 167 177 197 
141 22
85 443 807 153 42 272 367 80 928 643 227 102 265 611 349 658 484 220 387 651 970 40 
30
0 7 8 15 33 37 38 55 64 65 67 71 76 83 100 107 118 121 130 137 143 144 155 163 175 176 179 185 186 190 
142 25
902 762 79 90 717 739 224 176 19 898 330 61 523 697 493 451 693 721 905 310 684 607 968 520 827 
17
8 9 50 65 69 78 98 104 111 121 124 128 161 182 185 194 199 
143 27
171 797 99 648 699 861 728 141 579 819 366 670 995 737 921 325 799 444 375 644 247 68 717 505 378 754 112 
18
15 60 67 69 75 79 80 82 89 95 96 105 136 141 149 160 173 181 
144 28
274 291 757 798 440 856 446 139 69 526 632 648 697 350 319 693 88 592 370 239 36 745 883 635 165 953 492 895 
13
37 65 83 88 98 125 127 141 146 147 149 153 170 
145 27
956 945 981 247 54 779 687 910 578 178 980 456 811 154 513 651 847 601 243 569 840 631 315 76 619 832 381 
22
1 7 14 37 58 63 69 82 92 95 96 106 107 119 121 128 134 151 158 181 182 199 
146 21
80 88 68 25 421 667 201 355 342 131 885 674 587 48 655 741 562 658 940 515 902 
22
14 17 62 68 76 81 96 99 110 120 128 129 144 155 158 171 172 181 187 193 194 196 
147 20
708 885 177 784 504 9 517 968 89 605 36 467 26 55 899 579 410 241 710 648 
9
7 39 68 83 144 163 178 188 199 
148 26
650 696 923 743 258 581 684 774 835 194 482 721 371 618 577 732 135 545 174 92 933 993 470 989 892 50 
20
6 8 16 23 42 45 77 79 81 97 99 100 105 122 129 136 154 158 191 196 
149 21
133 112 399 401 114 448 676 858 706 258 542 832 445 88 666 518 811 636 96 895 123 
16
8 15 19 21 25 33 84 86 110 118 125 143 144 162 170 185 
150 23
69 567 279 62 38 268 306 88 371 440 552 123 193 667 571 870 525 629 128 67 814 925 507 
20
2 20 29 37 38 54 65 68 75 80 92 139 152 163 164 177 180 183 184 190 
151 20
444 318 469 892 213 592 885 635 160 164 49 550 784 356 638 508 796 190 631 341 
23
11 12 21 27 41 46 48 67 68 75 81 84 98 111 115 145 156 162 169 172 187 190 192 
152 27
554 211 382 183 691 801 997 617 660 830 61 978 299 305 544 243 190 179 755 707 228 843 584 295 703 732 486 
17
19 23 49 57 66 68 86 89 92 96 98 110 150 172 183 196 198 
153 26
74 695 240 285 430 776 329 583 773 946 244 955 359 574 254 664 118 850 206 297 957 265 526 263 109 462 
18
4 30 39 40 47 53 70 82 90 113 135 144 154 164 168 177 182 190 
154 20
164 195 748 851 621 444 91 258 226 219 587 809 993 533 405 948 244 980 555 260 
24
9 20 35 42 45 49 55 62 63 65 69 89 97 131 133 148 153 155 165 168 187 194 198 199 
155 28
757 467 748 714 732 626 329 193 88 240 358 635 988 209 256 784 652 867 10 872 454 172 217 340 929 517 584 909 
23
5 18 34 42 44 62 71 82 99 104 106 108 127 134 139 140 141 146 154 179 180 186 187 
156 22
845 360 181 664 108 896 396 734 225 942 822 465 300 810 806 861 66 590 865 285 953 89 
16
26 84 109 115 118 121 130 135 139 151 162 164 183 188 191 195 
157 20
477 306 432 406 176 16 316 600 213 676 782 229 136 678 978 870 255 920 44 73 
25
0 13 14 41 48 61 69 75 78 83 87 89 95 111 116 117 121 140 158 171 175 183 184 188 198 
158 22
854 879 433 273 821 650 558 774 92 298 251 750 730 658 926 99 326 527 664 354 661 894 
18
1 31 34 55 72 82 124 145 146 148 157 159 171 172 176 177 178 194 
159 20
339 872 360 946 144 404 19 716 259 898 501 884 72 151 442 846 243 93 450 994 
21
3 14 25 29 32 33 65 71 73 80 81 95 103 104 118 125 126 129 158 170 172 
160 25
460 272 626 786 151 291 492 812 537 982 761 694 98 905 469 973 709 368 474 945 440 977 388 638 573 
19
6 24 32 35 43 78 90 94 97 104 107 135 138 143 164 169 184 190 199 
161 23
440 919 8 900 191 635 38 343 278 530 155 815 864 659 928 558 109 185 9 578 158 70 298 
19
13 17 23 31 36 39 49 50 64 93 115 124 140 142 169 170 183 186 192 
162 22
16 90 961 756 729 534 589 521 805 597 422 349 232 812 44 862 343 551 677 559 210 957 
18
25 26 36 45 48 61 64 72 92 93 109 149 151 156 167 171 174 182 
163 28
671 142 127 250 300 549 900 284 565 991 246 321 72 132 910 593 290 860 367 639 444 180 683 307 875 234 984 434 
19
7 45 46 56 59 83 85 102 104 106 126 141 147 150 166 168 172 180 185 
164 27
942 904 468 436 383 70 737 933 971 21 498 314 619 172 386 104 434 331 394 294 699 385 739 879 420 46 106 
25
13 14 17 27 35 52 60 70 74 82 94 114 120 122 137 138 150 153 156 160 172 173 189 190 195 
165 26
382 540 803 676 445 624 113 828 46 202 761 369 575 612 683 195 136 421 651 570 753 397 217 804 782 956 
14
13 32 53 69 83 92 99 100 120 122 131 154 179 198 
166 23
202 354 789 208 88 681 364 765 126 340 230 307 386 432 420 108 359 32 143 554 520 565 557 
21
2 21 24 26 37 46 48 55 58 60 61 71 80 84 99 123 163 177 182 190 192 
167 23
670 954 660 474 88 968 509 642 674 650 203 762 331 567 879 810 259 109 469 997 893 889 105 
17
6 21 25 34 43 57 59 101 103 104 116 121 138 140 162 189 195 
168 23
274 249 159 794 166 69 237 188 23 14 464 217 523 106 891 525 309 654 208 228 885 370 487 
22
18 23 34 38 57 60 61 62 64 83 86 91 101 103 118 130 153 154 163 179 184 194 
169 25
839 485 240 729 590 493 355 191 5 501 709 74 91 897 449 340 263 913 558 138 20 801 663 681 807 
19
14 21 28 42 61 72 74 78 85 100 106 117 126 151 160 161 172 186 198 
170 24
910 693 594 397 40 434 234 280 515 177 126 222 720 483 723 430 557 814 679 358 507 295 272 417 
23
3 6 15 21 63 69 73 79 83 86 97 104 122 126 132 133 136 139 144 149 159 161 184 
171 23
644 218 97 325 26 321 587 71 267 337 111 53 571 743 920 100 221 142 821 704 603 613 384 
22
1 2 17 32 45 49 66 73 74 82 85 115 122 138 146 157 158 162 178 180 197 199 
172 24
972 891 929 596 308 363 240 527 812 917 905 485 857 328 752 194 791 158 117 534 78 570 108 573 
24
0 4 13 30 48 56 58 60 67 79 92 100 106 116 136 146 151 152 158 159 163 164 169 187 
173 21
812 791 346 778 175 980 102 67 910 698 727 625 290 254 437 559 511 922 416 839 26 
20
5 17 36 48 62 83 89 101 109 119 143 164 174 176 177 180 189 192 195 196 
174 22
630 184 432 517 615 2 625 188 745 789 979 91 567 506 423 669 925 333 719 653 310 9 
18
2 7 23 25 41 78 84 91 110 120 121 129 139 162 173 185 188 194 
175 29
747 921 771 21 689 962 400 652 593 936 436 462 551 790 87 91 535 876 422 978 796 929 401 817 854 537 859 397 898 
14
5 24 36 48 51 67 97 102 107 138 141 157 176 190 
176 29
497 819 890 870 509 852 270 513 797 559 301 259 110 91 698 554 978 927 976 956 75 905 709 892 112 796 781 323 546 
15
30 32 58 66 90 108 109 119 127 141 158 173 175 190 197 
177 22
442 43 851 684 265 712 889 536 577 38 447 878 650 909 321 348 463 299 275 440 607 350 
18
1 27 69 80 112 113 121 123 133 136 140 150 153 158 166 173 183 192 
178 27
317 595 161 113 376 485 11 408 279 54 612 316 320 676 205 208 606 243 655 836 245 916 158 594 380 809 221 
13
3 43 49 68 85 98 123 147 158 171 180 189 198 
179 20
417 924 869 734 519 31 847 247 868 211 8 499 265 620 815 937 648 20 497 254 
21
7 16 28 35 36 46 67 73 76 92 94 96 103 105 110 128 141 155 165 168 196 
180 26
504 91 861 421 601 807 801 410 29 973 827 953 194 561 824 577 761 71 445 972 79 297 589 51 112 879 
27
2 6 10 18 28 29 42 54 61 70 78 79 98 99 100 104 107 111 114 120 137 150 155 163 171 173 178 
181 22
133 376 306 101 233 749 314 654 702 122 807 113 151 132 292 456 678 206 280 256 319 351 
20
3 21 30 40 44 57 69 76 83 87 93 102 111 115 119 120 122 143 145 146 
182 23
643 783 350 232 186 463 238 948 192 897 401 425 998 715 431 701 837 590 166 340 74 810 148 
19
5 10 27 28 36 44 66 86 90 112 133 134 135 139 142 145 153 162 166 
183 22
16 428 360 335 132 414 330 267 116 563 453 931 378 44 879 570 941 632 995 939 348 778 
20
10 23 29 32 71 72 75 79 81 120 135 139 150 152 156 157 161 177 186 194 
184 22
537 368 510 230 442 321 378 547 337 159 907 25 643 673 355 262 142 270 715 73 649 759 
22
5 15 18 23 48 63 65 67 87 96 98 117 129 150 157 160 168 170 188 191 194 196 
185 25
571 52 937 919 344 637 697 336 175 418 847 757 860 520 487 759 857 646 19 234 641 692 942 903 834 
23
2 31 50 63 64 71 77 88 98 106 116 120 121 124 130 136 141 142 149 163 174 186 198 
186 22
971 908 213 82 565 785 135 502 704 831 140 401 167 667 171 366 776 384 238 263 143 448 
28
15 23 26 28 31 50 60 62 64 65 72 75 78 83 88 89 92 98 137 138 141 155 161 169 183 185 189 199 
187 22
162 682 903 207 624 807 41 189 130 301 754 212 218 539 347 721 595 530 213 349 698 232 
18
32 33 35 38 59 66 83 85 104 109 131 146 151 154 155 172 189 194 
188 20
416 8 904 655 271 48 455 533 562 137 789 769 114 948 163 78 816 409 290 35 
26
4 18 21 23 31 38 40 46 48 58 67 72 81 106 115 121 122 129 135 147 156 157 174 184 196 197 
189 29
990 108 896 520 321 245 570 905 766 339 913 22 346 536 422 801 70 985 290 211 106 404 159 269 59 237 86 469 879 
15
22 33 72 100 115 123 126 127 131 164 167 173 178 186 187 
190 21
770 221 229 18 94 902 264 16 807 382 355 72 404 701 608 827 854 30 164 145 241 
26
2 5 11 24 28 36 40 51 59 62 65 73 86 91 102 104 105 141 150 151 153 160 164 166 175 176 
191 20
901 400 540 961 989 978 782 221 451 904 442 32 922 888 934 538 905 93 920 260 
17
1 4 22 50 52 69 73 83 85 92 116 118 131 136 148 156 184 
192 25
677 314 773 856 520 156 20 665 397 290 567 150 182 880 491 160 14 712 611 270 507 643 192 395 929 
16
4 23 38 61 78 86 95 112 113 120 133 151 161 166 173 177 
193 23
300 22 355 913 539 32 579 665 240 99 821 260 117 570 903 684 720 85 916 212 598 930 276 
20
7 10 22 34 36 37 47 53 57 59 67 80 92 93 112 119 126 130 146 195 
194 21
200 783 557 744 531 486 827 183 861 96 752 567 27 417 808 127 590 420 244 161 323 
25
8 14 28 45 46 48 54 55 71 77 94 95 96 103 110 130 142 146 154 158 168 174 183 184 187 
195 20
233 761 196 445 711 478 74 624 678 857 181 774 388 20 602 924 881 137 985 704 
19
1 18 30 35 44 81 82 89 90 115 121 125 134 136 156 164 167 173 193 
196 20
755 864 879 345 637 475 858 312 92 425 303 889 136 781 963 761 811 173 294 585 
17
40 48 51 53 82 91 97 99 105 138 146 148 152 173 179 184 188 
197 23
314 539 837 547 676 210 533 733 610 288 597 489 985 586 964 844 899 71 324 374 177 461 507 
18
1 8 34 46 48 53 55 59 66 67 71 78 98 132 140 171 176 188 
198 23
574 318 666 868 255 579 535 795 417 82 471 627 615 204 237 154 78 241 740 42 437 991 113 
27
3 4 15 31 33 36 42 45 49 57 61 74 79 92 93 94 98 108 119 138 152 154 157 165 169 178 185 
199 25
316 839 254 129 346 747 55 16 413 923 271 345 458 66 762 893 890 741 860 94 330 116 600 408 709 
27
9 16 17 44 45 59 66 67 71 76 80 85 88 90 94 121 129 133 136 138 142 145 147 154 160 171 186 
