200 1000
0 23
491 448 376 997 932 42 848 694 64 201 424 719 151 977 599 926 765 251 102 238 81 745 618 
20
11 24 36 37 44 56 59 74 78 79 87 109 112 124 147 149 164 166 174 183 
1 20
692 723 810 121 421 376 612 869 104 610 801 146 495 211 12 271 930 163 248 881 
19
19 29 33 72 74 76 89 95 99 100 119 137 139 149 161 169 177 184 185 
2 21
366 485 544 956 976 977 701 946 190 746 669 0 867 90 728 832 311 794 112 331 604 
11
15 40 52 65 88 100 120 133 151 158 165 
3 29
542 968 583 824 483 831 57 925 549 894 821 506 870 798 559 817 988 657 838 341 525 281 69 709 944 254 855 585 811 
20
4 9 12 16 26 62 70 72 74 77 99 115 131 133 134 155 169 187 197 199 
4 28
479 780 951 655 615 135 712 540 36 607 361 542 829 512 454 998 500 111 189 841 988 470 263 49 414 869 904 823 
23
3 20 22 23 28 31 38 55 66 69 76 96 107 137 140 144 159 169 175 180 190 191 199 
5 26
68 192 285 200 495 292 815 630 4 708 667 963 421 561 793 933 367 143 434 479 332 627 819 802 242 869 
19
15 21 23 61 77 91 101 111 114 120 134 135 144 145 147 168 174 191 199 
6 29
111 125 744 269 193 936 906 393 784 198 209 766 555 917 785 518 690 347 663 624 714 807 410 545 139 389 365 294 632 
20
12 17 18 24 39 60 62 91 92 97 102 109 113 120 163 174 188 190 198 199 
7 24
215 95 359 959 365 553 248 271 298 32 470 507 150 25 776 936 895 467 283 911 443 349 718 853 
16
16 37 51 85 88 91 96 102 106 124 132 136 158 171 177 184 
8 25
209 242 260 855 226 846 422 322 205 382 687 110 982 310 409 366 780 268 516 157 397 452 405 864 87 
24
9 10 32 33 39 53 56 57 67 72 77 80 82 84 87 90 91 93 98 135 140 163 196 198 
9 26
659 437 34 512 684 595 106 296 803 333 142 225 655 699 959 694 810 941 4 571 785 191 176 294 588 980 
29
3 8 31 32 36 56 57 65 84 85 92 93 101 109 110 111 118 120 144 146 149 150 165 166 173 183 185 192 194 
10 29
804 68 15 463 857 401 975 541 349 434 837 152 767 331 729 422 30 689 116 192 982 472 115 642 609 307 818 904 895 
31
8 19 29 30 36 37 42 50 51 54 55 61 64 73 74 78 81 93 99 104 115 117 141 142 152 154 169 176 179 185 195 
11 28
955 52 218 323 515 75 724 843 968 425 277 805 577 44 488 659 818 519 348 286 63 330 758 531 324 368 838 142 
16
0 16 27 42 78 90 92 101 102 107 113 131 146 161 180 191 
12 24
85 293 579 137 863 902 653 939 979 496 907 404 125 65 982 521 553 641 339 424 341 625 840 23 
21
3 6 13 15 41 49 57 59 62 86 91 99 108 111 112 125 141 142 169 173 174 
13 25
371 348 103 209 842 727 646 487 307 784 351 561 437 642 540 285 901 945 762 318 279 283 872 272 974 
22
12 27 35 38 55 58 60 61 65 81 90 106 117 142 157 160 167 171 178 181 186 198 
14 28
613 599 488 636 686 211 336 790 420 179 869 419 666 528 203 369 90 992 363 630 629 265 575 391 583 854 26 807 
19
21 36 42 54 72 75 79 86 104 130 137 145 146 148 153 184 191 192 193 
15 26
0 456 91 951 296 728 637 508 416 427 280 595 649 699 614 177 902 335 267 246 898 875 316 473 618 899 
16
2 5 12 19 37 59 64 72 109 115 131 148 153 160 184 194 
16 20
644 707 158 515 250 595 163 330 585 671 746 364 304 694 13 3 308 191 258 995 
21
3 7 11 19 41 51 70 71 95 98 105 110 115 132 150 168 170 175 182 186 197 
17 28
504 694 356 732 10 182 350 262 214 347 321 372 991 836 622 939 351 304 876 23 51 240 327 745 254 682 405 445 
25
6 22 27 30 43 44 46 51 52 62 87 94 97 107 114 115 117 118 133 137 148 160 163 195 196 
18 22
400 903 797 447 612 881 809 794 231 71 8 578 744 732 922 932 355 213 284 659 89 307 
21
6 39 45 51 53 67 68 73 86 90 93 94 129 133 144 161 164 165 167 171 198 
19 22
329 986 807 583 20 564 28 313 317 284 462 764 896 343 925 42 926 997 50 857 741 782 
17
1 10 15 16 20 23 45 77 84 86 88 128 141 145 160 182 196 
20 29
674 489 344 310 501 433 617 915 114 955 723 698 327 639 78 992 956 714 454 72 610 149 998 652 428 347 54 285 440 
17
4 19 22 36 41 57 65 69 73 97 103 118 119 125 168 181 186 
21 29
416 466 30 760 776 531 545 745 447 659 52 522 709 380 513 140 372 470 854 179 894 817 680 892 469 108 591 876 32 
19
5 14 56 64 72 83 106 109 111 114 127 132 136 138 144 167 168 177 194 
22 25
161 850 95 273 627 818 372 426 478 777 300 539 157 813 679 881 635 886 412 530 703 93 774 172 201 
19
4 17 20 45 49 55 57 60 68 70 96 113 137 144 153 156 167 180 185 
23 26
48 299 750 465 460 600 561 734 579 540 552 304 318 382 81 618 274 238 431 953 471 67 191 884 949 894 
19
4 5 19 32 43 51 57 81 85 88 89 96 121 136 139 140 142 152 161 
24 27
723 419 530 441 819 829 543 285 642 144 198 376 738 280 27 56 15 460 26 289 698 457 594 522 876 138 406 
24
0 6 31 35 42 47 49 55 78 80 86 104 106 112 122 126 134 138 142 150 151 171 179 181 
25 27
32 735 253 803 617 694 623 799 238 260 793 734 458 521 809 548 801 189 956 168 649 982 700 791 756 222 20 
16
31 38 43 69 83 98 106 119 120 127 132 140 146 148 157 194 
26 24
980 197 278 715 450 82 684 497 57 835 87 317 628 821 127 149 630 27 303 819 983 471 469 633 
15
3 33 36 41 72 76 92 117 123 124 149 163 167 177 192 
27 21
460 389 743 480 283 723 30 561 790 832 643 826 329 52 662 416 369 290 589 848 792 
26
11 13 17 30 33 38 43 58 60 66 73 83 85 92 94 102 117 120 123 139 146 160 169 173 178 194 
28 20
875 95 391 210 918 212 879 551 733 340 940 828 820 575 202 137 693 35 132 520 
21
4 30 49 50 59 60 65 68 80 93 105 108 115 122 123 124 137 170 184 188 189 
29 24
537 182 133 906 824 722 107 616 294 334 63 686 545 982 250 424 533 336 764 826 164 937 401 68 
23
1 10 38 42 45 53 59 72 81 84 100 101 103 114 116 119 120 143 146 167 175 187 197 
30 29
890 761 174 375 281 891 912 463 24 170 640 746 629 256 41 964 320 79 509 654 681 285 539 17 402 365 534 339 119 
23
10 17 27 28 43 46 47 51 69 71 84 92 94 105 118 145 147 149 162 164 192 194 196 
31 22
830 361 363 5 88 997 896 352 460 272 523 452 18 504 709 59 468 381 490 329 387 172 
15
4 9 24 25 42 51 54 55 56 71 99 111 129 142 153 
32 25
926 541 17 292 75 708 763 29 538 124 393 895 565 742 143 917 202 415 792 7 786 297 716 197 765 
23
8 9 23 33 37 39 41 42 44 50 58 73 86 92 94 95 122 130 141 146 156 164 199 
33 29
688 95 836 212 62 114 753 431 758 829 491 521 858 381 998 603 629 563 345 772 832 900 540 625 907 326 922 975 523 
16
1 8 26 27 32 40 71 102 106 128 139 140 148 161 176 183 
34 29
776 563 486 964 775 548 78 529 331 837 710 822 920 204 60 876 833 623 221 957 456 473 849 433 732 527 355 59 403 
11
37 66 87 108 127 155 169 173 175 186 187 
35 26
187 966 233 151 742 133 582 623 465 419 685 287 481 605 843 542 28 517 55 338 325 528 758 613 715 672 
22
13 24 44 46 52 64 67 71 75 86 93 95 98 106 130 140 148 151 155 174 180 182 
36 28
212 860 436 445 363 530 578 945 153 395 716 838 683 198 796 878 92 277 259 609 332 597 287 213 136 45 826 203 
18
0 9 10 14 20 26 51 81 86 101 105 123 124 134 135 144 150 188 
37 21
850 673 75 62 110 520 426 640 450 371 146 846 440 336 881 990 132 111 82 762 370 
26
0 7 10 15 32 34 43 79 82 87 107 118 120 136 142 153 154 155 166 170 178 183 185 189 191 198 
38 23
446 319 330 659 456 376 837 239 40 333 666 102 795 186 880 435 988 604 933 834 44 622 67 
24
4 13 25 27 29 43 45 52 65 75 82 84 101 112 126 149 150 153 158 163 182 191 194 197 
39 24
754 179 116 868 901 511 315 221 842 326 29 570 164 688 161 556 373 827 658 168 365 539 956 353 
19
6 8 18 32 41 55 73 78 81 101 123 129 142 145 149 158 166 181 191 
40 23
241 540 539 863 959 573 970 138 41 838 392 552 153 613 394 480 642 316 996 682 477 56 304 
28
2 33 43 62 63 70 80 81 90 93 100 104 123 126 127 138 148 149 157 158 162 175 182 185 187 188 189 194 
41 22
576 21 453 884 727 596 126 267 487 341 578 60 311 69 101 150 461 6 655 74 752 68 
24
12 16 20 26 32 39 47 58 61 68 70 73 82 88 114 116 122 123 126 138 154 157 186 196 
42 29
483 750 546 35 158 203 598 87 576 51 971 303 0 449 922 487 143 501 900 454 570 353 956 31 359 964 457 112 451 
24
10 11 14 24 29 31 32 43 51 58 59 61 87 90 113 123 136 145 158 159 164 169 173 191 
43 25
181 935 627 79 322 786 634 272 225 211 676 196 514 28 998 789 867 141 290 119 947 212 473 256 595 
28
17 23 25 27 30 37 38 40 42 49 58 67 68 75 78 82 86 103 118 128 135 143 154 158 170 179 180 196 
44 24
220 52 296 23 929 829 310 908 261 633 694 895 257 271 458 285 820 325 313 818 114 533 311 756 
20
0 17 32 35 48 53 56 63 77 87 89 104 119 130 165 171 178 181 188 199 
45 22
610 968 125 866 563 310 438 967 958 462 896 140 772 804 401 757 851 648 367 122 459 652 
22
18 19 22 29 38 73 83 104 106 113 122 127 135 151 156 157 168 170 171 172 180 181 
46 22
784 318 112 250 851 775 6 855 386 974 981 604 537 643 43 504 953 857 752 445 629 908 
14
17 30 35 49 65 78 82 91 107 112 143 148 151 157 
47 28
739 759 847 106 234 658 758 528 794 428 993 44 279 768 50 135 154 24 468 913 463 769 11 521 214 992 781 412 
13
24 30 41 86 104 113 115 125 136 140 144 145 156 
48 21
541 611 189 127 621 948 7 415 728 0 459 8 121 861 495 275 885 315 386 150 130 
19
44 54 77 99 106 110 119 121 124 141 162 166 169 172 179 183 191 196 197 
49 22
271 898 903 144 464 896 926 229 979 819 192 169 946 814 469 305 197 306 41 205 427 902 
21
12 22 24 28 43 46 50 63 64 69 79 80 81 96 102 154 158 159 183 191 198 
50 22
54 140 719 793 290 849 685 562 100 589 706 564 837 632 145 816 803 338 985 749 152 454 
20
10 28 32 49 54 59 85 108 124 126 133 135 146 153 156 174 181 183 184 191 
51 27
733 652 713 774 209 492 677 262 898 817 981 691 459 183 729 21 283 318 80 199 507 64 345 323 868 683 309 
22
7 10 16 17 18 23 30 31 36 42 59 64 109 115 124 131 139 143 155 163 177 196 
52 29
187 115 376 920 767 441 695 329 285 724 943 184 541 276 227 0 459 956 374 94 626 806 294 133 222 991 809 442 26 
15
2 17 35 38 59 61 76 99 120 137 143 159 162 165 173 
53 28
412 213 585 140 133 705 934 180 34 571 904 329 755 797 605 335 798 417 291 524 511 270 330 157 552 148 564 347 
13
8 18 29 44 54 64 97 124 163 186 189 193 195 
54 24
34 111 739 620 251 225 325 537 405 711 109 662 40 216 459 997 551 609 414 195 133 278 817 815 
17
10 14 31 48 50 53 62 67 68 100 135 141 166 171 173 179 190 
55 25
572 720 936 137 67 110 171 178 850 791 781 427 468 319 832 531 780 846 923 996 306 921 900 915 687 
19
4 10 13 22 24 31 39 76 78 85 92 108 115 119 122 134 156 172 193 
56 25
401 965 912 216 753 484 936 689 621 3 151 145 533 353 315 780 757 986 288 766 811 212 762 469 133 
20
0 8 9 21 31 44 61 63 81 86 103 104 113 125 129 160 161 174 178 196 
57 24
385 172 109 138 373 354 243 210 291 932 183 646 435 328 180 789 617 847 921 374 833 886 662 599 
24
8 9 12 20 22 23 75 81 86 90 93 97 102 115 148 153 154 160 165 170 188 189 191 196 
58 28
226 713 167 711 728 904 884 189 42 374 563 749 617 125 392 901 308 38 336 989 570 606 417 47 332 250 285 994 
21
13 27 32 41 42 43 61 72 93 97 112 121 124 134 137 142 147 157 190 192 193 
59 21
335 221 915 855 932 995 111 168 184 154 542 99 255 159 576 647 60 885 685 397 226 
25
0 12 15 28 29 42 50 51 52 72 73 83 91 95 96 110 112 116 125 142 168 170 178 179 191 
60 26
874 184 25 273 516 276 559 862 829 246 435 744 101 720 91 213 888 719 431 727 974 942 304 621 3 541 
18
6 13 22 27 28 66 100 105 111 119 130 137 141 146 153 171 185 194 
61 28
752 767 266 626 951 292 252 819 920 163 681 749 409 117 846 511 837 937 76 725 565 795 508 293 769 451 597 742 
19
5 10 13 41 42 52 56 58 72 77 78 83 100 120 137 156 169 176 198 
62 24
138 400 558 257 667 184 208 311 788 27 231 951 60 332 361 177 530 224 366 468 300 92 385 95 
18
3 6 12 17 40 54 68 80 87 90 109 138 141 145 173 176 187 191 
63 22
678 216 403 627 958 209 765 710 767 22 729 304 582 40 92 961 623 396 308 109 551 838 
22
40 44 49 56 80 82 100 114 121 123 134 136 138 141 151 154 158 165 174 181 185 192 
64 23
918 658 633 362 44 80 314 74 648 70 702 958 279 819 668 399 842 750 703 776 142 147 90 
26
10 15 21 35 49 51 53 65 78 101 115 116 130 133 134 139 157 172 173 174 176 179 183 188 190 194 
65 26
895 112 426 4 15 616 337 933 275 322 647 671 754 314 97 402 384 799 712 619 381 414 813 483 469 941 
30
2 9 13 20 28 38 46 64 66 68 111 112 119 120 122 125 132 133 147 149 150 157 162 168 176 185 186 191 194 197 
66 25
969 31 391 864 495 169 221 511 786 558 796 61 233 444 84 987 110 181 742 494 333 454 861 952 187 
18
4 27 34 60 65 77 86 93 96 102 123 160 161 167 168 175 181 196 
67 28
117 670 97 58 648 418 442 391 635 937 561 856 800 347 766 597 760 999 393 196 339 855 377 433 349 710 239 562 
23
8 18 35 43 54 79 83 97 101 108 110 119 120 125 126 143 145 152 159 168 169 196 197 
68 24
779 190 483 449 640 894 97 58 336 489 693 625 402 901 426 749 668 375 861 19 120 57 710 975 
24
18 22 28 41 43 54 62 65 77 78 87 97 103 117 119 123 128 144 160 175 181 182 186 187 
69 24
143 676 497 735 238 863 514 429 347 315 421 241 765 479 929 606 525 554 8 426 332 109 446 707 
18
4 20 25 30 49 91 102 105 106 120 133 136 148 157 186 188 191 194 
70 20
818 179 27 528 154 813 24 182 662 759 773 526 273 554 225 588 975 705 454 747 
16
3 16 22 40 41 87 88 100 108 120 130 139 153 158 161 194 
71 21
331 301 319 110 634 428 556 693 750 374 873 777 255 379 943 279 914 605 390 687 483 
16
16 30 31 33 35 72 78 80 103 114 119 120 137 146 155 174 
72 23
241 708 603 216 526 309 22 625 972 706 279 292 816 265 72 724 958 823 99 183 952 915 895 
28
1 3 8 14 15 21 26 29 58 59 61 71 75 80 88 90 107 117 119 120 125 128 157 164 166 175 180 190 
73 25
829 853 375 516 336 390 109 397 345 325 275 6 699 901 979 405 180 623 221 445 695 298 755 870 291 
19
10 18 20 27 32 39 41 45 59 76 77 80 90 92 125 157 172 181 187 
74 23
455 206 718 440 35 571 167 551 260 909 660 657 254 337 932 261 388 833 592 794 365 215 367 
17
0 1 3 10 94 104 121 124 131 139 144 158 159 160 172 175 182 
75 22
262 665 270 133 414 561 956 221 767 26 661 154 598 180 57 210 89 717 867 696 406 799 
17
14 35 38 43 57 72 95 101 104 121 130 133 137 146 173 179 199 
76 29
146 985 901 292 350 468 660 865 730 677 135 863 444 696 819 665 815 846 679 969 796 211 26 6 653 95 225 349 501 
19
1 4 26 52 55 73 86 92 99 121 136 140 146 164 171 181 188 190 196 
77 24
10 647 361 263 940 712 731 952 577 813 981 677 777 760 848 795 575 46 474 544 194 37 922 200 
25
3 5 8 19 44 48 61 66 68 73 80 112 114 119 134 140 141 147 149 150 153 164 173 184 189 
78 20
17 425 391 870 802 401 869 163 664 161 227 747 465 156 561 447 220 590 576 980 
22
0 10 11 24 39 43 46 55 61 64 68 71 94 125 136 137 142 145 146 147 156 167 
79 28
371 555 837 197 451 31 235 373 584 277 390 361 669 612 163 70 482 679 87 643 906 834 109 63 395 908 635 337 
24
0 14 37 49 67 83 101 104 106 122 132 135 141 154 157 160 163 165 171 182 184 189 195 197 
80 24
616 128 208 523 965 405 975 996 992 700 580 270 443 294 939 55 457 361 537 488 448 181 395 283 
21
8 24 28 40 49 62 63 71 72 73 77 84 93 102 133 146 150 166 171 186 192 
81 22
810 30 550 445 720 386 413 848 594 937 813 352 264 161 696 964 94 318 407 388 609 815 
25
10 13 23 29 36 39 40 49 56 57 96 99 106 110 116 118 143 144 150 151 160 165 167 170 174 
82 25
971 352 334 419 885 81 54 527 243 437 429 40 157 816 454 5 762 391 170 466 655 331 163 425 481 
18
8 37 38 41 43 46 63 88 90 95 107 112 130 134 135 150 167 190 
83 21
813 91 546 11 414 250 697 833 488 130 240 367 373 29 797 413 186 965 867 543 79 
15
21 25 27 45 59 61 67 79 98 99 100 118 128 160 162 
84 20
713 546 617 396 709 589 822 542 672 987 985 570 998 399 172 47 585 660 177 825 
16
8 9 19 29 30 38 80 93 103 108 128 154 165 167 178 188 
85 28
902 854 177 316 392 494 535 287 573 498 352 471 115 748 180 56 922 75 80 262 60 650 260 460 823 660 45 835 
16
7 9 23 27 50 55 89 93 117 120 129 172 186 188 195 197 
86 27
222 215 92 428 744 408 172 590 295 459 164 145 163 635 261 263 168 669 186 595 102 448 655 752 60 467 927 
24
12 14 18 19 24 32 35 36 43 47 56 57 66 76 87 88 92 107 130 140 151 154 179 189 
87 22
864 115 262 438 330 354 866 427 114 38 17 409 849 533 555 12 521 168 628 41 189 166 
18
0 8 17 34 37 42 44 62 68 70 86 104 105 120 144 158 175 185 
88 26
291 966 643 396 378 463 675 451 327 790 713 766 473 67 984 252 181 23 269 942 224 803 849 589 324 17 
18
2 7 19 23 41 70 72 82 86 94 97 113 129 142 152 168 172 177 
89 27
365 559 383 353 202 349 996 950 727 459 626 178 139 768 243 257 593 310 241 845 843 264 115 786 841 270 635 
10
1 23 44 85 104 117 133 144 155 168 
90 20
946 5 647 663 916 30 16 118 731 364 69 810 176 47 989 667 167 584 924 761 
22
8 11 13 18 40 42 57 62 72 73 82 91 98 102 111 113 118 120 122 129 147 181 
91 27
165 958 90 782 425 876 623 695 864 53 993 221 52 656 137 434 24 607 389 28 975 917 75 316 584 243 253 
17
5 6 7 8 12 46 59 69 90 107 108 110 143 150 156 166 176 
92 28
356 500 25 314 590 807 740 819 782 787 683 187 781 904 239 789 393 814 0 190 555 29 518 472 456 186 408 51 
20
6 9 11 26 27 30 32 55 73 76 86 94 120 129 130 137 146 148 162 190 
93 29
916 407 939 293 74 882 453 166 701 235 305 736 775 438 992 366 228 385 392 394 737 934 949 766 804 773 223 991 181 
24
8 9 10 18 28 35 40 57 58 66 80 84 85 106 116 119 133 134 137 139 147 175 179 189 
94 26
782 449 34 722 742 460 604 195 978 657 783 283 393 558 385 924 302 770 316 696 507 603 645 626 407 201 
19
17 18 27 30 32 74 78 88 92 98 100 126 142 153 163 183 188 189 195 
95 28
951 827 181 400 213 255 494 25 211 690 3 220 825 287 613 383 361 998 659 663 120 976 711 979 931 708 605 338 
17
1 16 32 35 59 75 82 99 124 137 139 144 145 177 183 192 193 
96 28
158 737 429 338 270 829 551 877 675 929 440 365 932 660 190 571 273 925 623 585 947 95 913 658 74 844 718 32 
20
4 7 22 23 49 59 66 81 117 120 128 133 134 140 141 160 161 165 177 192 
97 22
196 542 271 625 880 893 806 784 770 482 713 562 199 645 222 390 569 847 667 853 822 252 
24
6 17 20 53 57 58 67 68 88 98 99 103 106 120 127 129 143 148 149 161 172 182 188 192 
98 21
917 165 811 344 361 882 728 544 78 270 815 704 151 61 862 935 183 0 746 645 320 
20
8 16 25 35 83 90 94 97 105 112 128 130 132 141 142 146 155 164 171 178 
99 26
566 520 953 420 342 558 573 612 75 736 308 437 618 36 981 697 306 148 753 457 209 615 744 745 312 491 
25
1 3 10 12 31 48 52 76 81 83 95 97 110 120 124 127 133 140 148 155 165 174 181 187 199 
100 28
742 811 494 308 683 799 80 378 709 653 990 785 298 222 360 334 203 409 640 703 162 450 265 130 546 10 442 291 
19
1 2 29 40 54 60 61 63 70 83 94 108 113 148 153 181 182 184 198 
101 23
650 385 16 496 45 700 295 126 78 5 779 68 790 873 718 364 234 404 919 643 396 622 158 
20
5 9 11 29 36 38 39 64 67 75 79 105 108 128 129 141 150 160 175 187 
102 26
239 288 745 249 730 36 102 732 421 471 228 466 171 875 944 880 76 669 22 949 387 738 183 143 657 179 
19
6 7 11 27 33 49 57 66 69 80 90 110 122 129 169 174 182 185 191 
103 29
280 689 738 871 977 483 473 59 927 791 644 398 19 110 569 894 407 818 127 839 501 432 578 240 968 721 249 499 261 
15
20 29 43 56 68 71 84 97 105 110 129 139 153 169 177 
104 21
188 351 753 517 834 226 576 57 153 719 701 552 90 163 473 336 570 644 815 53 483 
20
10 14 24 40 44 45 47 56 74 75 79 87 89 108 131 147 154 165 197 198 
105 29
486 62 261 806 135 510 305 748 392 845 99 145 362 285 723 290 342 228 9 43 132 451 207 606 787 777 250 603 183 
23
16 28 30 36 60 69 87 98 101 103 106 116 122 126 133 144 146 158 162 183 187 193 194 
106 25
272 21 147 533 827 635 395 484 383 787 329 483 284 691 120 359 981 463 588 342 858 720 793 65 326 
21
7 13 21 24 25 33 35 45 48 69 79 81 93 97 105 110 112 114 125 145 157 
107 22
195 928 887 378 14 511 751 513 396 578 148 792 62 884 579 391 367 216 434 839 575 415 
16
4 11 17 37 46 72 82 86 91 123 129 132 136 146 149 180 
108 22
163 109 513 236 254 578 914 186 125 843 426 855 209 937 606 74 334 184 575 126 598 459 
20
12 28 34 50 55 67 70 84 91 100 101 104 110 114 117 125 156 157 161 185 
109 27
341 178 625 775 17 201 542 672 716 651 185 952 905 115 867 444 241 62 870 448 623 807 55 49 493 591 976 
14
0 6 9 15 21 51 62 126 163 172 173 180 191 199 
110 29
542 787 29 883 965 654 659 335 207 201 7 924 205 544 876 462 95 906 252 509 128 701 132 288 108 534 781 51 510 
20
9 16 48 59 67 81 91 99 102 103 106 108 111 113 142 150 166 175 188 197 
111 23
593 298 782 829 615 788 488 950 996 41 309 920 598 853 148 61 865 244 319 117 105 448 170 
20
5 9 12 21 31 60 65 90 110 114 115 118 127 158 159 164 165 187 190 195 
112 28
736 630 124 869 682 634 622 627 932 756 456 900 545 296 850 541 338 512 461 288 717 961 349 582 205 21 52 311 
17
0 12 24 38 46 58 59 65 77 82 98 106 117 129 143 162 192 
113 29
574 901 557 205 25 778 239 11 401 866 296 509 323 196 54 619 398 595 309 910 408 598 628 370 299 210 927 320 614 
17
6 11 22 42 45 47 56 88 90 100 110 128 132 148 174 193 196 
114 20
141 189 843 698 746 220 829 985 232 230 851 880 739 174 76 146 474 93 455 737 
22
5 17 21 29 41 63 71 77 106 108 111 125 131 147 154 157 158 177 182 185 187 193 
115 24
405 365 224 705 927 503 25 894 446 519 83 641 217 829 862 398 166 980 17 326 720 544 402 218 
23
3 10 15 16 17 28 47 51 55 57 64 111 118 128 130 138 146 163 165 173 183 187 191 
116 20
228 311 497 965 165 903 682 741 960 962 597 337 856 43 939 684 426 120 898 824 
12
29 41 59 64 81 93 105 143 145 160 182 195 
117 26
344 805 655 22 877 199 776 95 241 5 758 91 322 924 346 357 17 306 319 614 643 175 9 500 466 46 
21
10 13 17 26 27 68 72 85 89 96 108 112 125 126 129 138 162 168 172 179 188 
118 26
938 944 102 576 641 907 231 663 784 783 440 376 797 990 467 471 914 813 828 283 499 898 115 674 967 492 
18
9 17 20 30 37 43 81 83 90 111 115 120 123 145 154 155 190 195 
119 25
893 430 250 995 6 243 255 590 906 39 725 698 271 101 847 261 921 319 527 86 499 810 558 351 60 
23
1 20 25 29 44 48 55 60 65 67 68 71 72 77 93 121 123 137 142 148 163 174 188 
120 23
377 320 640 870 625 885 652 227 232 11 470 487 601 729 879 678 779 502 131 627 115 52 298 
36
2 5 6 9 25 27 29 37 52 61 65 67 69 70 71 72 85 87 90 92 96 97 99 118 121 128 133 141 154 158 169 173 175 180 184 192 
121 24
139 149 804 49 500 217 74 878 537 714 748 162 951 752 390 535 763 212 375 716 941 254 394 721 
20
23 48 58 63 74 75 76 119 120 131 132 149 150 156 167 168 173 190 198 199 
122 26
526 700 223 930 998 217 421 499 373 470 0 590 544 878 127 610 978 642 913 82 384 449 846 596 824 914 
14
24 28 32 41 45 55 65 79 90 102 105 135 148 152 
123 28
430 309 611 538 187 311 761 469 661 978 891 160 351 361 294 258 390 773 868 720 415 134 803 151 583 1 748 759 
20
26 27 28 36 39 40 41 42 63 66 68 107 118 119 143 156 159 175 181 197 
124 25
638 189 576 249 727 115 560 488 585 573 818 476 733 521 246 815 447 988 589 668 61 356 802 864 508 
19
0 7 26 28 36 48 50 51 53 58 74 95 99 150 155 172 192 194 197 
125 27
217 256 496 132 246 685 61 495 412 176 407 252 113 980 70 589 65 591 131 663 578 652 348 598 713 56 400 
27
12 20 47 56 59 65 67 72 73 78 106 108 114 117 132 136 138 145 152 160 178 179 183 189 196 198 199 
126 29
564 137 146 172 985 630 418 670 691 265 434 220 672 38 685 4 108 627 70 52 758 733 811 688 737 159 287 450 567 
17
24 38 40 41 50 67 94 105 109 117 131 133 147 162 164 179 180 
127 29
731 484 529 877 8 514 860 779 537 903 44 323 475 717 362 161 73 470 788 143 874 898 229 685 586 966 196 225 769 
16
21 25 34 40 45 97 99 111 136 148 159 164 168 172 182 195 
128 24
265 852 248 146 730 256 12 942 35 549 845 432 873 321 501 587 834 574 409 622 70 284 520 299 
20
19 33 43 68 72 83 84 96 98 101 113 115 120 137 147 163 170 175 194 196 
129 29
458 617 166 684 738 282 301 591 530 447 673 138 811 615 526 361 460 958 586 133 459 525 967 33 934 941 455 218 461 
23
18 31 39 56 85 88 90 92 97 101 102 103 107 112 117 137 141 146 148 172 175 182 183 
130 24
540 272 724 58 956 462 340 257 53 222 56 78 712 867 693 238 580 506 548 518 639 7 43 607 
23
14 32 35 44 60 64 70 75 82 86 92 98 115 133 134 136 147 151 166 168 174 194 198 
131 23
978 548 848 362 955 88 634 679 146 942 493 838 551 899 60 959 977 773 826 671 363 759 177 
14
3 11 15 51 74 104 114 121 126 136 141 166 176 181 
132 22
629 816 271 673 775 664 3 676 865 551 390 172 992 376 851 490 318 344 329 869 243 741 
17
7 16 21 25 65 79 98 107 113 121 125 143 170 180 182 191 197 
133 20
221 866 6 244 230 117 421 494 747 589 765 772 717 782 775 393 647 678 135 819 
26
2 3 17 18 50 64 65 69 75 80 89 93 96 99 105 120 126 130 134 152 167 172 181 183 191 197 
134 22
511 22 513 829 718 194 50 314 935 230 887 154 588 131 384 58 904 878 805 493 995 577 
21
3 5 24 36 55 58 63 64 77 82 93 96 130 133 141 165 173 181 185 190 194 
135 22
777 704 955 776 734 90 947 757 953 969 622 782 40 816 184 354 103 766 593 257 707 724 
18
5 8 36 43 45 50 54 79 82 122 140 161 168 173 175 179 187 194 
136 23
765 980 223 922 825 219 851 388 348 555 343 125 641 786 72 398 739 394 372 874 434 188 410 
22
7 21 23 37 42 47 63 69 76 78 107 125 127 130 131 149 153 159 173 176 181 195 
137 20
644 177 733 253 884 809 599 1 789 822 923 614 393 774 2 742 681 698 867 322 
24
1 4 14 17 22 28 52 58 60 61 71 75 78 92 93 95 119 128 129 140 154 160 170 187 
138 26
291 73 927 37 445 801 823 986 564 963 630 741 48 235 977 857 834 978 998 9 253 613 754 27 967 496 
17
21 24 40 41 62 63 115 117 125 139 148 150 167 169 173 195 199 
139 20
17 715 382 853 359 807 781 396 253 934 220 239 498 183 221 591 584 808 568 441 
15
1 23 27 33 51 64 70 74 93 95 103 138 145 176 180 
140 23
898 440 4 503 405 758 882 724 607 942 742 322 677 595 681 484 728 78 737 663 650 328 161 
26
4 8 23 25 33 35 47 76 77 86 96 99 135 137 143 151 154 155 157 172 174 176 184 187 198 199 
141 25
549 753 769 358 673 211 353 924 3 709 427 760 467 310 484 426 252 226 749 929 174 782 414 902 212 
26
10 12 19 32 48 54 60 62 63 77 79 96 98 101 120 129 131 134 144 155 176 181 185 189 190 195 
142 23
565 862 832 79 48 733 184 817 443 857 380 796 781 735 209 495 677 519 332 103 123 558 852 
19
10 12 13 23 24 31 37 39 58 59 78 88 94 98 110 119 144 173 195 
143 25
84 987 819 199 674 904 62 506 335 462 592 519 631 35 729 12 184 510 747 41 71 595 718 942 927 
19
29 43 46 51 52 67 81 91 97 112 116 123 132 140 155 179 180 181 197 
144 22
66 837 26 471 922 13 642 261 213 316 517 627 175 853 441 767 724 72 154 453 84 338 
20
4 5 9 18 21 22 36 47 68 74 81 87 89 95 105 141 142 147 158 169 
145 26
184 732 387 131 450 682 410 624 748 247 651 571 521 16 565 134 229 233 4 208 408 209 649 527 933 74 
22
5 14 19 30 39 42 47 62 67 78 95 106 116 118 125 139 146 149 154 162 169 188 
146 24
739 158 372 55 694 104 442 825 907 124 587 531 224 835 534 147 708 551 712 195 132 298 199 693 
26
9 11 14 25 27 29 32 50 60 71 75 76 78 80 92 98 105 107 115 129 145 147 155 160 179 190 
147 28
408 694 938 693 768 972 432 927 344 487 973 801 282 151 60 758 738 943 983 925 478 482 634 381 547 829 865 845 
17
0 5 30 58 65 77 78 90 93 104 114 126 128 130 144 146 154 
148 20
558 903 788 253 841 481 21 165 266 300 510 753 274 663 35 777 723 794 515 18 
27
14 15 17 25 33 35 40 46 57 69 92 97 99 100 113 119 122 127 129 138 156 157 161 166 167 175 177 
149 29
793 848 611 779 229 510 608 447 355 340 5 480 610 804 313 984 970 579 284 832 333 910 847 720 687 922 514 555 940 
17
0 1 9 26 30 38 39 40 65 77 97 107 121 136 145 177 196 
150 25
700 789 959 479 370 469 439 169 177 779 527 140 259 137 296 572 121 266 152 758 450 837 668 649 557 
24
9 16 24 36 38 65 77 80 81 82 91 101 110 121 124 138 155 157 164 189 194 195 196 198 
151 28
571 424 615 864 419 315 653 378 794 375 200 233 545 377 364 72 517 623 561 813 547 35 432 51 793 234 888 884 
17
2 24 35 45 46 63 81 86 130 140 155 168 171 178 180 181 189 
152 26
521 455 222 488 319 641 155 324 372 301 52 572 534 949 250 373 818 873 934 983 773 321 767 824 114 2 
13
10 23 67 88 122 125 133 153 156 159 162 163 164 
153 23
928 238 511 801 45 733 642 717 726 797 393 98 99 445 22 985 746 323 236 119 493 461 406 
17
14 15 22 31 37 38 50 57 60 70 77 94 100 103 136 152 178 
154 29
234 79 596 59 194 950 124 122 188 635 275 586 720 917 303 446 715 696 897 166 494 919 151 592 595 387 64 88 201 
26
10 37 41 43 49 57 63 79 84 86 104 114 118 120 137 140 145 147 164 168 170 177 179 188 191 196 
155 22
917 435 901 866 846 95 816 970 569 357 957 845 943 677 114 246 476 181 294 373 347 140 
24
3 34 35 37 51 71 89 98 99 118 124 140 141 143 146 150 151 162 164 170 176 178 190 193 
156 24
499 733 239 238 797 680 439 619 597 227 520 463 73 968 632 44 537 989 1 734 932 679 201 530 
17
22 32 45 47 50 55 61 78 91 108 121 123 148 152 158 171 182 
157 27
382 176 880 730 317 876 581 50 468 819 847 148 611 818 97 838 690 913 911 658 545 307 548 886 309 634 170 
22
13 25 40 41 45 46 58 64 65 69 72 73 79 106 108 114 140 148 150 160 165 199 
158 20
835 700 847 218 876 79 300 545 955 233 595 423 404 794 923 15 964 21 205 655 
23
2 7 38 39 40 42 43 49 63 70 74 87 105 111 114 120 144 156 159 161 168 189 192 
159 24
117 313 831 776 213 717 85 848 887 425 683 939 624 253 167 703 905 713 11 138 308 786 543 455 
15
4 42 49 52 67 74 111 123 127 136 152 158 161 167 184 
160 20
910 419 731 116 74 17 585 740 848 361 953 917 447 153 156 224 189 95 201 794 
23
13 15 17 19 27 56 57 66 68 74 79 81 83 96 101 116 125 137 146 157 163 174 175 
161 22
904 700 975 267 190 636 54 733 443 764 996 862 847 112 289 864 49 381 64 410 686 333 
20
1 11 18 23 33 56 66 70 96 97 108 135 148 158 159 164 166 179 186 193 
162 29
840 489 786 29 584 987 823 198 243 875 526 511 66 514 565 151 957 681 147 171 528 611 812 744 660 193 160 423 880 
21
30 40 48 52 65 83 92 105 112 117 126 145 152 155 164 175 179 187 192 194 197 
163 23
632 720 982 770 101 918 757 276 116 1 152 994 864 218 508 429 721 465 462 221 637 342 832 
20
6 8 17 26 38 51 53 79 94 109 115 119 128 152 160 173 176 178 179 182 
164 29
86 845 995 598 268 875 443 252 947 777 23 400 695 132 676 163 485 828 158 349 398 666 778 120 484 592 693 121 934 
22
0 18 30 32 42 72 76 77 98 111 126 127 150 152 154 155 161 162 170 175 183 188 
165 25
922 372 722 917 970 342 144 413 595 443 542 843 237 102 520 753 588 348 911 289 99 929 420 571 12 
19
2 9 18 44 52 57 63 79 81 84 96 99 104 111 115 134 157 182 190 
166 24
886 947 141 161 319 864 78 642 206 575 407 153 18 950 475 862 539 578 734 292 518 434 555 807 
15
0 9 37 39 48 54 72 80 91 110 130 131 148 161 193 
167 23
837 227 104 602 592 720 489 539 862 650 210 78 80 852 636 655 612 790 26 562 617 240 453 
18
13 18 21 22 26 29 66 78 81 82 84 121 133 138 148 159 172 180 
168 27
974 746 65 760 653 225 294 490 804 750 93 748 471 934 287 685 584 850 763 16 54 399 672 666 541 698 580 
20
5 16 20 21 45 59 65 66 67 88 89 117 121 127 130 135 151 154 158 175 
169 29
290 34 58 264 132 124 24 785 701 670 628 857 421 73 606 244 359 245 929 295 95 44 311 502 795 983 168 689 33 
19
1 3 4 10 12 27 34 42 48 61 67 102 103 120 138 144 145 171 194 
170 21
200 675 135 258 939 619 734 316 756 787 338 736 645 111 809 603 707 520 636 815 648 
18
16 28 37 43 45 57 59 81 128 132 137 154 155 164 171 173 176 189 
171 22
127 150 828 462 670 517 848 771 69 523 906 327 815 877 62 131 634 849 821 370 846 933 
18
7 13 18 24 44 45 54 60 76 79 80 98 151 156 169 170 183 187 
172 22
449 640 52 650 629 868 298 661 995 800 841 457 470 710 305 242 779 181 500 107 996 378 
18
45 48 55 64 73 74 85 88 97 109 117 124 127 129 133 140 167 174 
173 21
479 12 370 300 734 217 585 266 18 226 319 20 207 187 670 220 534 470 62 991 293 
23
9 12 27 34 42 52 54 62 64 75 77 109 115 120 121 134 135 136 138 142 163 170 178 
174 22
649 535 904 830 387 363 826 765 884 305 129 254 957 216 823 543 482 194 121 153 566 328 
19
0 5 6 12 35 50 56 63 64 71 81 99 102 113 119 130 140 160 172 
175 20
237 548 226 59 962 570 352 87 219 239 991 401 627 354 579 744 238 236 844 193 
25
4 16 29 34 40 66 68 72 74 87 93 101 110 120 123 128 129 135 148 160 162 164 168 194 196 
176 22
20 88 924 566 209 78 132 537 770 721 438 349 781 400 919 133 487 490 725 830 891 352 
18
10 33 61 62 64 65 91 131 136 139 140 141 155 163 170 178 179 194 
177 24
470 96 774 58 322 971 603 764 991 692 41 557 901 471 791 593 763 581 942 544 981 861 29 821 
14
1 7 21 26 51 88 95 96 103 114 148 149 154 184 
178 21
754 3 594 106 540 416 555 666 474 877 637 78 994 980 770 35 889 23 858 931 166 
17
13 27 37 44 56 59 84 98 125 151 153 155 163 173 176 181 194 
179 21
694 747 394 590 81 607 619 254 959 726 257 553 184 797 970 739 464 796 969 453 874 
21
10 24 43 48 54 59 64 75 86 93 117 125 126 135 143 146 154 161 162 163 176 
180 23
434 996 350 323 20 208 254 538 11 300 286 757 890 367 365 862 621 676 588 230 581 124 380 
19
4 11 22 35 43 45 72 107 109 120 126 132 139 143 151 167 185 194 196 
181 23
216 196 700 185 649 926 500 435 923 202 759 295 762 365 833 773 666 119 883 908 838 248 770 
24
13 20 24 39 44 45 50 63 66 68 73 76 90 99 100 123 131 133 134 136 141 143 151 178 
182 21
924 710 42 857 835 774 761 403 970 461 588 971 387 440 407 662 994 518 957 756 883 
21
16 19 35 38 40 68 74 79 97 100 102 114 116 127 129 132 156 163 165 184 195 
183 23
881 901 262 764 810 453 364 932 264 640 643 658 498 830 432 259 233 754 72 173 78 811 965 
19
0 9 33 37 48 49 50 64 94 95 105 115 125 129 133 164 171 185 198 
184 27
474 959 355 783 67 590 926 948 844 541 65 654 994 429 938 610 422 581 269 920 763 53 531 348 160 955 873 
15
1 7 14 15 28 50 77 79 100 120 140 159 177 182 188 
185 20
766 838 427 240 149 134 24 216 724 950 165 920 491 582 574 837 363 513 448 785 
17
1 9 10 22 37 40 60 63 65 87 102 108 114 134 141 180 183 
186 26
69 57 562 122 588 262 634 543 136 224 662 326 3 902 476 137 278 692 214 581 209 134 424 791 61 507 
12
13 16 20 34 41 53 65 68 69 80 85 161 
187 26
62 292 724 131 350 286 605 290 549 240 186 37 816 848 363 820 750 191 957 381 884 523 962 445 658 738 
21
3 29 34 40 62 68 73 99 101 105 111 114 115 135 137 140 162 171 193 197 199 
188 29
71 0 96 997 62 388 73 545 90 360 151 381 261 743 567 650 559 415 13 379 517 557 689 250 441 212 238 222 951 
22
6 28 36 40 44 57 64 69 76 84 85 94 97 110 117 119 145 154 164 184 193 197 
189 27
293 303 275 642 718 16 716 263 106 428 766 839 41 509 406 691 69 173 56 800 43 613 489 54 858 645 628 
16
28 37 40 53 57 77 79 86 93 94 125 141 150 151 158 170 
190 21
824 274 464 100 916 534 116 984 150 574 412 414 453 426 172 496 495 698 553 647 741 
19
4 6 54 58 64 72 76 82 92 111 118 121 134 141 146 155 165 193 197 
191 26
489 34 925 543 244 570 171 405 746 797 870 846 714 756 314 698 906 241 463 823 7 268 249 179 765 96 
24
4 5 11 14 37 38 39 42 48 49 50 57 59 62 65 69 102 109 115 132 133 154 192 198 
192 29
318 743 970 836 584 357 113 127 601 683 651 359 782 448 581 980 514 337 295 565 244 888 28 419 895 296 668 426 413 
16
9 14 26 30 58 63 80 95 96 97 112 120 124 158 162 191 
193 26
656 731 211 978 920 796 687 33 275 641 69 278 0 851 727 581 831 593 918 478 158 514 718 538 933 613 
14
14 53 55 58 95 105 113 114 155 161 166 187 188 190 
194 25
953 392 248 421 400 332 633 378 604 781 418 989 56 59 410 335 411 613 414 992 797 359 262 627 518 
26
9 15 21 25 27 30 38 40 60 64 65 69 70 105 124 128 130 134 135 150 162 169 175 176 178 180 
195 27
346 56 62 311 243 368 55 844 789 455 528 774 186 484 555 604 473 964 15 236 651 426 849 65 770 646 424 
16
10 17 53 79 85 94 111 116 118 127 136 138 141 142 150 182 
196 22
274 294 161 972 351 224 283 946 592 339 790 733 146 670 508 332 154 63 288 980 27 655 
21
8 17 19 30 41 43 48 51 56 57 66 67 76 113 125 128 149 150 154 175 180 
197 26
678 81 417 95 851 64 872 884 690 166 397 14 869 621 649 168 565 340 310 299 487 981 159 171 135 222 
20
3 16 29 38 48 65 67 79 85 104 110 123 124 132 133 143 162 187 188 190 
198 22
115 602 467 683 632 549 101 728 752 517 952 988 559 470 386 573 692 359 574 860 277 915 
16
6 8 13 18 37 49 61 100 104 121 125 130 140 150 183 191 
199 20
928 754 151 87 925 639 309 89 106 263 557 142 896 458 243 976 210 112 551 671 
15
3 4 5 6 32 44 75 99 109 121 125 138 140 157 187 
