200 1000
0 24
195 480 717 841 722 598 446 797 422 658 236 282 590 381 96 877 119 203 634 8 644 289 465 405 
17
1 2 5 30 33 54 56 57 62 82 83 93 103 153 160 162 184 
1 29
665 177 431 892 470 965 440 950 34 281 24 633 727 173 55 737 409 689 680 790 785 557 262 989 543 270 985 832 735 
26
0 19 20 31 34 40 49 63 66 70 79 83 89 95 105 117 120 128 129 135 146 149 167 184 191 194 
2 20
332 753 919 115 645 389 432 85 691 467 719 67 452 798 240 507 888 1 548 920 
20
0 14 15 18 24 53 58 67 72 78 86 89 103 105 132 146 149 187 197 198 
3 22
334 477 54 675 372 676 660 557 764 403 241 517 674 356 162 64 140 600 107 607 671 175 
22
5 8 19 22 33 49 82 86 91 94 97 116 117 120 139 140 168 173 178 183 187 197 
4 21
821 767 270 709 769 819 981 561 505 810 967 180 183 995 192 740 759 947 333 276 622 
12
16 18 28 42 49 55 58 79 84 116 163 183 
5 29
791 38 181 743 497 141 766 672 552 587 440 823 649 209 642 630 122 499 441 679 976 436 223 68 196 523 401 824 442 
17
0 3 19 25 26 31 48 71 80 83 97 115 131 139 148 152 196 
6 27
535 623 710 384 764 476 57 317 416 849 492 65 58 486 47 532 985 488 973 16 816 409 591 884 957 114 637 
18
20 27 29 31 36 43 60 63 88 97 99 103 138 147 162 178 182 192 
7 24
611 79 101 498 703 812 883 819 640 292 488 56 141 980 473 551 466 521 435 803 361 408 530 169 
15
20 26 42 50 52 75 92 128 130 142 143 152 157 186 195 
8 23
414 479 877 52 613 841 483 714 691 538 878 926 358 519 218 846 927 711 179 753 614 997 626 
16
3 23 24 60 61 105 112 116 141 153 155 162 177 188 195 199 
9 29
801 987 457 972 869 979 735 636 458 965 40 71 158 523 785 849 62 16 776 772 535 346 970 814 58 501 567 672 499 
17
24 34 38 48 52 54 62 72 77 96 104 136 137 139 146 164 171 
10 23
722 652 533 531 624 402 510 712 38 968 677 78 391 187 954 529 36 368 545 812 140 432 511 
23
20 21 24 30 42 52 63 67 70 79 106 112 116 126 134 140 155 160 164 167 172 185 194 
11 22
246 569 964 814 593 463 359 315 467 892 199 91 647 709 155 685 30 184 116 773 371 70 
23
14 18 23 31 42 45 61 92 97 98 99 108 116 119 130 134 141 155 158 161 166 168 184 
12 22
408 438 199 572 930 631 83 744 230 4 708 44 598 523 755 265 990 648 464 434 295 174 
14
18 22 24 28 34 47 49 53 56 79 110 160 163 175 
13 29
332 556 774 448 329 145 870 984 905 660 183 830 942 167 265 687 397 270 395 793 220 271 548 485 261 950 695 843 476 
17
21 36 44 53 78 112 122 132 138 160 163 170 181 188 189 191 194 
14 27
528 384 411 328 713 908 199 49 166 211 233 996 154 400 261 841 149 883 236 942 103 507 842 589 121 391 891 
24
2 11 17 23 34 41 49 50 66 71 80 100 105 114 117 125 131 133 168 169 171 184 186 192 
15 28
586 719 805 114 103 568 443 168 477 994 218 995 205 451 991 711 203 604 552 704 488 141 646 943 0 532 121 231 
22
2 21 36 41 45 73 88 98 99 100 101 124 131 134 135 144 151 163 170 180 181 190 
16 25
290 818 494 447 284 597 16 79 766 845 73 984 840 631 787 831 342 895 46 627 388 44 571 532 103 
21
4 20 27 48 52 58 59 65 90 101 107 114 121 133 157 159 166 174 177 184 192 
17 22
116 231 504 934 725 951 570 323 967 650 441 812 75 777 652 706 564 835 401 258 623 648 
22
14 21 24 28 33 34 36 37 42 61 75 76 83 100 131 133 138 139 168 176 184 186 
18 24
602 36 348 173 776 232 629 638 860 142 634 585 94 205 260 413 207 701 226 282 830 230 341 394 
27
2 4 11 12 23 44 46 62 71 76 82 89 93 107 126 128 134 138 149 158 162 164 170 172 178 179 192 
19 26
742 652 41 308 643 778 656 169 554 241 798 545 589 658 687 576 243 133 856 547 692 557 125 974 388 707 
20
1 3 5 24 35 36 55 62 64 71 73 78 98 99 102 122 135 165 183 189 
20 27
134 125 409 139 166 503 447 162 281 456 331 188 697 481 85 638 124 566 382 610 51 238 157 743 148 634 70 
30
1 6 7 10 16 25 31 36 51 52 56 91 92 104 105 123 126 137 139 140 143 148 151 154 158 160 182 189 195 199 
21 28
341 737 374 467 499 513 985 2 313 636 121 182 176 170 663 261 160 154 727 889 347 130 479 856 874 979 490 944 
20
10 13 15 17 46 50 51 79 88 122 124 133 139 146 148 167 168 183 187 198 
22 27
184 681 594 3 180 459 340 535 772 192 171 245 726 699 415 390 960 928 896 697 655 785 45 137 265 253 11 
18
3 12 27 35 51 75 77 80 82 84 108 126 135 145 148 155 171 188 
23 24
744 955 464 280 989 58 283 521 517 975 56 642 167 579 239 894 278 7 636 590 935 532 640 942 
20
8 11 14 18 24 47 52 55 57 84 97 116 122 125 128 139 141 159 160 188 
24 20
37 79 935 290 91 531 34 398 995 666 387 405 301 261 275 277 317 269 444 249 
25
2 8 9 10 12 17 19 23 30 33 41 54 61 72 73 74 85 90 92 133 134 148 163 173 185 
25 28
690 527 515 326 118 802 211 110 744 881 147 824 168 437 267 699 17 47 490 757 804 792 18 79 69 687 348 865 
21
5 20 28 32 46 47 51 53 77 83 86 87 98 105 115 125 128 130 144 150 167 
26 26
209 556 816 76 234 286 879 797 396 623 678 543 799 198 332 66 898 156 436 297 999 193 101 791 211 533 
14
5 7 31 42 63 86 105 118 154 158 174 175 186 195 
27 22
250 233 429 187 442 337 355 519 924 641 750 721 37 373 752 932 173 950 264 591 848 773 
22
6 16 22 29 40 42 47 63 72 80 82 84 98 107 118 127 147 161 166 170 186 196 
28 27
497 772 572 951 915 783 836 127 386 69 908 573 864 246 280 735 170 921 485 243 310 210 995 242 946 858 679 
21
4 12 17 25 51 64 83 92 121 127 133 138 154 165 166 177 180 183 185 194 195 
29 26
631 58 644 403 947 318 766 783 797 152 204 706 77 68 304 357 155 826 278 992 69 588 203 65 182 938 
14
6 27 34 57 69 74 78 84 129 135 164 165 177 189 
30 23
41 969 509 24 28 505 428 659 452 98 425 235 896 930 792 954 7 860 258 365 368 436 995 
17
0 10 24 45 69 79 88 110 123 126 150 153 167 172 175 179 186 
31 20
505 936 915 922 470 206 285 863 175 147 888 203 4 316 214 457 414 640 44 662 
19
1 5 6 11 20 26 58 68 70 73 94 112 119 131 140 155 181 195 197 
32 22
836 616 929 49 226 646 769 662 994 481 520 930 397 442 400 955 80 482 579 504 38 583 
18
25 38 41 53 55 59 72 86 98 126 128 145 147 148 157 166 167 180 
33 20
252 392 586 244 437 249 166 625 217 448 674 444 94 443 458 88 277 978 370 773 
18
0 3 17 24 40 45 52 55 60 68 85 93 95 133 136 143 163 195 
34 23
981 205 739 463 784 243 501 367 415 106 760 1 350 549 602 869 174 172 317 201 968 411 996 
25
1 9 12 14 17 29 58 61 71 77 78 81 107 108 117 122 123 130 135 140 142 169 185 188 192 
35 26
852 273 757 222 299 530 697 632 735 436 96 871 31 949 590 446 55 702 800 758 251 402 627 778 926 944 
16
19 22 54 65 66 82 91 92 107 110 112 113 157 158 172 198 
36 29
894 707 327 673 911 953 430 486 252 312 183 885 47 972 333 918 3 282 860 450 690 563 602 800 814 356 427 944 283 
19
6 13 15 17 19 20 37 41 70 74 127 129 135 156 176 179 190 192 195 
37 23
275 529 782 603 202 694 908 632 180 160 944 715 397 343 687 730 613 43 365 474 845 407 37 
25
17 36 43 49 52 77 87 92 95 113 120 128 131 140 141 142 151 153 161 162 169 171 174 187 195 
38 27
207 203 803 986 500 438 61 775 968 195 730 170 889 638 155 421 151 99 489 548 795 528 631 408 571 348 882 
23
9 32 41 44 53 60 61 69 72 73 86 97 98 123 131 141 146 160 169 171 172 187 188 
39 26
755 271 215 314 827 19 652 327 457 713 454 777 908 185 948 150 175 103 923 326 554 412 227 349 293 858 
14
61 64 66 85 106 111 134 135 149 150 160 166 174 198 
40 28
864 558 992 281 665 616 848 979 443 867 983 122 677 48 576 454 308 113 754 458 641 857 734 967 412 498 546 791 
20
1 27 33 41 43 54 60 61 71 75 89 109 114 141 147 156 165 182 187 199 
41 24
871 656 314 216 289 979 832 137 958 627 357 941 101 386 989 29 840 650 143 947 108 784 804 194 
25
14 15 24 32 36 38 40 62 67 71 88 91 100 106 113 115 117 125 126 147 160 173 184 188 194 
42 23
568 693 650 682 836 406 905 844 721 121 133 700 305 623 11 284 332 304 385 718 646 415 910 
21
4 7 10 11 17 26 27 53 61 62 78 82 110 114 131 134 152 154 189 190 197 
43 26
910 857 756 46 14 951 149 582 996 151 616 832 558 874 677 631 995 162 331 653 137 342 937 469 999 675 
18
6 37 40 47 57 70 75 80 95 132 133 138 140 153 168 174 176 198 
44 29
645 90 450 941 0 659 697 398 673 648 547 608 996 699 576 829 609 858 240 798 372 923 451 510 618 740 331 617 415 
17
13 18 38 67 69 75 81 86 90 91 145 146 155 164 181 185 195 
45 21
262 505 673 555 857 332 252 607 358 253 155 318 249 206 894 430 167 697 288 407 495 
18
11 15 30 33 60 76 81 99 101 123 129 135 138 151 152 154 176 185 
46 21
330 298 523 948 38 854 917 454 725 179 311 750 734 521 435 339 128 793 592 635 463 
18
18 21 25 51 54 57 71 76 98 107 108 114 122 154 163 174 178 196 
47 23
841 357 624 360 406 264 767 901 925 450 199 448 750 590 655 668 44 732 707 483 286 228 918 
14
12 23 25 27 43 64 72 73 84 109 122 123 156 189 
48 25
709 63 569 344 526 762 538 883 738 898 642 3 18 543 928 820 95 729 570 685 384 590 81 116 790 
25
5 9 16 66 69 84 86 95 113 114 123 132 133 136 142 155 157 159 162 171 172 174 196 197 199 
49 28
951 76 369 869 53 78 932 622 774 810 736 664 694 475 915 336 478 933 231 758 753 326 487 675 363 223 266 444 
16
1 3 4 12 14 37 60 80 112 123 129 152 158 171 192 194 
50 22
56 233 995 484 954 217 537 32 149 511 158 312 247 823 6 722 90 694 200 23 277 311 
22
7 14 21 53 59 63 69 76 86 99 110 113 140 146 152 153 155 167 168 169 175 190 
51 28
956 150 803 319 374 421 116 418 477 701 765 313 655 982 202 39 484 713 197 796 961 372 802 35 462 848 588 837 
28
20 21 22 25 28 46 58 66 70 73 78 80 83 86 87 89 103 105 114 117 118 123 129 150 151 153 170 174 
52 27
899 965 433 49 121 105 775 542 221 545 372 922 311 685 929 293 888 968 777 953 165 573 914 890 727 302 352 
29
7 9 10 16 20 23 33 37 60 64 68 69 71 85 89 96 113 126 128 129 146 160 161 162 176 182 185 190 196 
53 27
890 190 405 789 507 838 628 647 966 171 220 511 543 494 822 580 423 116 820 391 245 774 909 819 40 799 546 
21
2 12 13 25 32 38 42 50 60 63 69 97 98 100 106 111 130 139 142 164 169 
54 22
151 474 232 693 231 373 201 421 212 181 530 352 641 41 247 136 216 180 911 332 0 303 
23
0 9 24 35 40 46 58 62 70 77 86 99 107 118 120 123 127 141 147 167 178 183 194 
55 27
774 564 748 167 363 295 509 866 121 94 560 352 467 113 125 31 294 546 561 647 540 955 246 28 171 426 939 
18
4 19 23 32 33 74 77 85 88 98 107 124 135 145 165 175 191 199 
56 25
779 594 784 905 158 533 72 521 828 934 740 301 380 300 653 847 413 130 231 59 29 792 58 921 747 
15
0 12 20 70 76 82 86 99 109 128 138 147 148 186 190 
57 25
949 270 83 240 125 214 835 910 120 345 443 544 219 623 830 959 924 210 611 929 58 24 411 289 435 
25
0 23 29 43 46 59 62 64 91 92 94 95 118 122 128 136 139 142 144 150 159 164 169 190 192 
58 22
433 494 713 533 799 14 803 234 255 929 449 442 191 921 787 634 817 358 609 648 317 885 
23
2 4 16 31 34 51 54 61 80 85 96 100 110 116 118 128 131 141 148 152 155 187 199 
59 28
928 166 916 304 929 557 740 722 991 234 787 876 385 802 679 619 57 960 420 851 151 693 990 137 511 349 98 159 
18
16 32 50 57 61 62 64 76 80 84 99 102 156 161 164 169 181 190 
60 26
983 17 595 501 286 251 431 195 991 505 186 225 292 62 962 94 934 503 54 354 206 400 345 695 911 694 
23
6 8 33 38 40 45 49 52 53 61 79 87 99 123 138 151 157 164 166 167 170 188 190 
61 24
422 712 777 439 659 631 77 911 62 273 902 567 811 480 211 226 442 306 320 728 809 726 83 516 
20
8 11 17 24 34 38 39 40 42 58 59 60 77 99 115 133 141 155 160 171 
62 24
835 213 980 746 259 774 168 971 903 959 631 534 389 894 948 662 148 867 825 79 51 775 737 723 
21
0 9 18 19 41 42 54 57 59 63 84 88 94 97 106 111 129 149 160 165 172 
63 23
898 450 938 414 734 773 979 714 519 238 840 39 210 96 351 193 982 740 439 931 402 587 150 
28
1 6 10 26 27 50 53 62 66 68 69 73 82 87 105 106 107 115 123 131 149 162 170 180 184 187 190 193 
64 27
568 581 631 343 670 354 198 569 804 137 335 539 910 315 605 782 553 798 821 115 894 172 308 876 264 747 159 
22
19 28 39 47 52 57 59 71 84 89 90 98 109 129 135 143 164 168 178 182 192 195 
65 28
687 310 598 255 243 229 950 914 583 500 835 740 637 170 631 900 485 236 682 391 34 855 506 280 380 167 157 644 
15
16 35 85 104 113 120 124 130 144 158 169 172 179 191 194 
66 26
316 663 953 978 261 560 222 490 862 488 425 363 323 517 0 845 148 252 331 737 934 74 123 790 580 404 
19
1 14 35 39 48 51 63 84 86 109 110 120 131 147 158 159 174 198 199 
67 22
747 561 166 14 229 181 319 208 442 880 782 284 742 270 710 457 945 579 810 790 728 62 
18
2 10 41 44 69 73 80 83 88 106 109 110 113 134 143 148 154 155 
68 23
465 997 547 940 139 128 344 13 227 257 179 593 487 361 913 695 155 793 829 440 887 99 502 
20
31 33 52 63 82 89 90 91 95 100 108 113 128 130 131 138 146 183 187 197 
69 25
396 81 155 186 809 217 660 626 566 559 567 57 687 263 70 267 521 602 860 360 963 773 55 118 918 
22
29 30 38 44 48 50 52 53 63 67 80 82 104 115 120 155 160 164 181 185 191 198 
70 24
910 158 335 412 503 731 494 10 269 655 227 929 282 146 489 201 203 528 816 626 795 337 228 8 
24
1 10 31 36 43 51 54 56 75 76 81 86 97 100 101 113 117 121 125 127 132 143 157 195 
71 27
543 133 104 661 404 340 924 562 27 336 417 758 182 427 28 838 6 309 472 504 150 25 708 31 841 686 178 
26
5 14 18 19 34 40 41 46 52 64 111 121 128 133 140 143 147 148 149 150 152 160 174 182 188 199 
72 29
914 186 228 457 672 685 470 76 377 394 990 405 83 407 515 265 543 103 192 205 927 697 707 952 757 738 794 443 269 
21
2 9 24 27 32 38 47 76 83 90 109 127 133 136 147 151 163 177 185 193 194 
73 25
709 455 905 518 479 590 988 907 968 735 897 725 818 304 240 435 842 136 539 35 341 84 400 771 193 
22
15 19 24 31 38 47 51 63 67 90 91 96 103 108 123 126 140 151 153 167 175 177 
74 21
917 988 760 242 697 567 499 47 442 555 954 762 642 852 487 812 508 727 248 703 863 
17
24 29 36 55 85 90 110 112 114 128 161 171 181 187 188 194 198 
75 29
90 556 957 174 728 719 448 997 707 208 239 756 775 91 323 533 230 129 295 225 333 782 37 193 509 285 896 725 424 
18
7 17 22 40 43 44 70 81 106 115 122 133 141 152 187 189 193 199 
76 26
281 382 512 238 462 231 38 460 290 246 51 46 374 494 721 548 27 304 29 322 529 714 456 918 260 318 
14
17 18 45 46 50 56 59 70 72 115 138 150 169 171 
77 24
156 43 980 495 324 714 359 915 529 591 953 989 233 552 392 632 278 887 353 178 266 9 560 941 
19
9 22 25 34 37 54 55 61 81 89 95 115 136 138 144 160 164 184 195 
78 28
274 397 457 534 715 13 43 110 993 538 787 60 897 54 589 840 359 930 74 911 322 706 541 561 411 720 828 421 
18
2 13 19 29 34 42 51 86 92 95 108 126 138 143 171 180 191 192 
79 22
769 311 906 518 120 793 586 133 836 696 479 726 835 539 975 889 480 168 249 410 242 512 
21
1 4 10 12 21 30 60 90 93 104 121 125 130 141 147 153 155 156 167 190 191 
80 22
300 54 294 63 126 474 836 758 595 148 16 113 620 809 699 106 997 748 585 723 583 476 
19
5 14 22 27 43 49 51 58 59 67 69 109 111 121 122 157 173 174 175 
81 29
473 956 219 722 366 813 586 450 113 640 96 528 118 570 365 228 165 865 245 631 837 54 330 943 404 78 127 14 356 
18
34 44 45 70 75 77 100 122 130 132 144 146 147 159 165 166 169 170 
82 28
487 664 397 561 30 210 147 481 675 140 929 556 610 852 273 839 17 138 84 0 975 490 331 271 894 761 799 374 
23
0 3 18 22 27 35 42 56 63 68 69 90 93 112 136 142 151 152 173 176 186 193 195 
83 25
508 904 614 172 302 527 203 864 27 36 892 519 317 448 129 169 721 968 539 211 404 538 247 222 809 
15
0 1 5 17 25 28 51 67 72 116 117 133 149 179 192 
84 21
984 961 867 111 469 772 78 641 426 957 196 290 584 182 503 902 630 985 423 703 953 
25
4 22 23 27 29 47 48 59 62 64 66 90 99 120 141 142 143 157 160 171 176 181 185 188 194 
85 22
914 710 854 453 957 76 262 450 412 223 318 876 44 90 954 686 516 263 234 158 248 171 
20
24 33 39 52 55 58 65 74 88 99 113 125 135 137 154 179 186 191 196 198 
86 21
103 73 323 440 848 379 746 811 293 456 17 98 413 93 713 863 858 936 533 734 981 
25
2 3 25 26 32 38 44 48 50 51 54 56 66 70 78 95 96 106 113 119 126 151 154 155 192 
87 25
40 19 491 303 605 2 903 776 343 359 849 18 799 50 397 545 213 43 1 230 141 766 675 854 982 
16
25 37 51 60 63 103 115 137 138 148 150 163 168 172 178 198 
88 23
143 515 267 476 491 307 847 334 963 452 336 866 229 31 225 430 50 377 480 799 274 693 194 
25
6 15 21 30 41 55 62 67 85 96 101 115 117 121 131 139 140 146 157 164 166 168 171 179 186 
89 26
275 336 394 951 542 376 484 37 244 752 513 735 411 360 69 374 165 758 593 789 170 824 191 547 657 343 
29
1 2 18 40 51 52 64 68 77 95 99 105 108 112 113 117 127 130 132 133 142 144 148 157 163 166 177 180 187 
90 22
350 537 450 626 225 844 929 768 573 413 157 817 517 23 904 383 325 655 900 83 248 294 
18
16 24 44 64 68 72 73 74 79 82 84 92 129 138 155 159 173 175 
91 23
771 471 64 318 128 407 492 830 297 294 808 522 139 737 642 151 800 233 20 823 137 949 558 
24
3 20 35 41 44 57 68 73 93 104 106 110 115 129 136 159 164 165 167 172 182 189 195 196 
92 22
957 459 546 557 105 771 328 576 187 999 56 947 491 887 244 138 47 766 629 785 761 693 
23
7 11 20 24 28 35 37 57 78 90 106 108 110 114 146 147 152 156 165 169 187 192 198 
93 28
913 926 308 88 63 610 646 877 919 457 423 476 915 546 157 843 734 156 900 681 999 139 277 137 186 395 766 323 
17
0 18 33 79 82 91 97 123 150 156 162 165 168 172 175 177 185 
94 26
459 963 421 737 272 509 152 234 508 30 153 317 805 629 232 704 786 428 438 294 680 471 819 748 783 357 
12
3 31 57 62 108 113 141 149 154 171 177 180 
95 25
550 33 4 361 996 425 451 620 935 603 854 443 985 359 760 143 341 345 847 127 773 637 774 453 108 
23
1 33 37 43 48 57 68 77 78 86 89 107 113 115 118 122 124 140 173 179 187 195 196 
96 20
624 208 203 333 703 753 366 59 467 363 485 918 335 420 873 190 215 859 549 327 
13
9 52 58 73 86 88 101 119 127 135 176 186 187 
97 24
242 24 201 722 797 838 496 602 298 916 578 506 119 912 561 225 630 621 44 993 458 962 329 878 
26
3 5 6 11 23 38 53 62 70 93 120 127 128 131 136 143 146 150 158 170 174 177 188 190 194 196 
98 27
871 445 398 772 752 15 797 953 737 946 143 585 901 441 501 479 299 972 743 213 197 374 834 241 719 292 555 
21
11 15 19 25 27 32 38 46 53 55 64 99 103 115 153 168 169 186 191 192 194 
99 20
522 743 623 319 141 396 91 246 763 240 199 852 539 695 437 440 136 290 271 788 
30
6 11 15 19 45 50 54 56 59 60 61 84 85 89 98 102 114 117 118 128 130 147 153 158 163 168 187 188 194 197 
100 22
367 1 812 741 187 405 831 961 565 705 56 188 24 549 936 467 795 699 708 347 903 247 
17
14 15 17 41 53 58 68 70 81 101 102 112 133 136 144 149 159 
101 22
692 39 530 982 310 318 245 29 671 409 122 858 814 935 41 775 500 746 183 40 770 733 
13
15 16 45 70 88 96 100 124 152 159 162 167 174 
102 27
238 880 28 298 227 932 897 621 624 936 152 959 598 822 204 628 494 613 750 704 779 37 746 555 889 844 90 
20
19 59 99 100 105 112 118 123 131 140 142 145 156 160 170 173 174 177 180 189 
103 20
967 175 259 205 56 287 855 283 571 752 257 548 40 409 507 638 231 63 618 77 
14
0 2 6 51 73 87 98 108 117 122 134 159 175 197 
104 28
721 782 807 758 880 714 0 724 805 930 691 980 541 248 388 828 455 24 400 207 281 300 247 690 238 273 870 856 
12
9 20 65 69 79 91 107 145 164 176 188 192 
105 23
898 577 837 705 688 717 772 793 970 485 909 511 85 298 691 541 322 443 748 603 743 348 645 
24
1 2 8 14 20 25 26 51 63 89 102 106 114 129 133 144 148 152 161 164 172 175 191 197 
106 20
938 270 772 794 973 22 724 810 80 764 879 852 452 673 429 774 158 690 637 243 
20
10 39 41 53 62 63 67 75 86 91 92 105 127 145 154 156 177 183 185 196 
107 28
680 784 310 124 885 265 219 585 910 122 523 181 894 669 506 917 745 317 349 509 196 201 313 869 982 87 379 672 
23
16 18 27 34 35 46 54 55 63 95 104 109 113 114 116 132 133 134 139 165 166 175 183 
108 26
975 661 757 111 323 881 996 589 100 933 851 222 808 384 469 478 891 738 223 208 87 733 756 288 46 978 
18
11 22 34 46 68 73 78 89 92 94 103 124 143 146 148 166 167 187 
109 22
486 357 294 914 332 307 671 444 631 904 792 572 78 775 931 886 160 400 716 403 490 940 
20
40 47 56 64 66 67 72 80 107 124 129 138 145 172 175 177 188 189 191 196 
110 21
577 25 719 217 423 697 839 261 407 486 176 739 793 847 535 776 104 680 700 461 110 
24
12 30 35 42 50 58 66 67 74 91 92 115 122 124 125 154 155 156 158 169 180 181 184 187 
111 26
392 996 988 145 713 391 635 5 354 565 382 73 134 157 123 974 771 530 812 947 621 957 146 509 734 250 
13
39 53 62 71 80 123 137 173 181 183 189 190 197 
112 21
434 63 651 262 456 647 250 601 712 641 588 69 995 153 803 421 288 313 544 614 84 
22
8 10 13 31 35 49 74 82 89 100 102 129 136 142 146 151 154 156 161 164 173 174 
113 24
426 31 47 383 529 556 469 132 97 256 195 748 518 3 769 604 812 762 193 234 758 698 37 179 
22
35 37 41 48 50 52 65 67 68 70 85 86 89 94 95 107 144 148 167 170 189 194 
114 26
350 723 600 786 149 378 169 548 114 699 105 583 183 554 839 303 710 382 403 479 338 567 241 883 801 351 
21
14 16 40 42 46 48 51 74 92 99 105 107 116 122 123 129 130 148 149 178 183 
115 22
191 530 920 893 605 873 680 106 603 849 655 717 900 112 653 83 666 844 814 321 554 196 
23
5 25 41 61 63 69 75 76 77 87 88 91 95 98 110 128 134 139 143 144 156 170 181 
116 24
385 886 644 979 770 445 330 704 988 213 976 234 170 849 266 629 453 115 284 522 368 748 175 451 
19
3 4 8 10 11 23 58 83 107 114 125 135 143 158 169 170 172 190 196 
117 24
372 265 736 926 813 812 664 52 456 643 174 254 325 878 594 890 206 828 61 56 94 42 509 562 
17
1 3 14 34 41 51 70 83 88 89 99 103 155 165 168 177 190 
118 28
383 930 426 559 733 840 283 351 928 561 516 93 225 568 901 220 742 507 546 972 102 788 179 282 849 235 377 891 
13
26 27 51 54 57 58 95 99 102 122 143 148 163 
119 26
291 921 479 573 347 390 306 540 673 9 468 235 526 913 812 94 815 33 837 322 931 809 776 719 340 59 
12
11 31 86 96 135 151 162 165 166 178 190 193 
120 21
575 788 164 23 431 86 855 4 433 245 310 325 271 672 794 858 198 59 670 292 874 
13
1 3 37 54 65 66 69 84 97 123 141 182 198 
121 25
481 549 986 643 677 58 983 88 331 911 876 495 934 659 933 141 663 719 739 326 44 10 998 190 220 
11
16 28 70 71 79 80 88 147 155 187 195 
122 26
250 890 840 476 298 322 377 284 965 55 694 948 143 25 211 372 873 498 31 806 639 47 525 378 373 922 
22
13 19 21 23 34 46 47 57 75 80 81 95 103 110 114 118 125 140 144 165 185 186 
123 20
371 112 960 919 362 203 759 839 501 81 568 137 398 623 832 347 119 209 910 843 
28
20 30 34 38 45 47 48 49 51 54 60 63 73 93 102 111 114 120 128 131 138 141 143 144 158 171 180 187 
124 22
408 226 241 48 273 118 426 646 40 519 369 153 479 640 867 682 400 58 535 833 627 673 
19
15 21 55 65 95 101 108 109 110 128 130 149 153 155 164 172 176 183 187 
125 22
602 857 579 721 66 489 916 501 250 143 94 298 416 212 76 415 605 595 136 758 75 777 
15
14 23 25 41 70 79 85 110 116 122 152 155 156 180 190 
126 27
109 177 36 997 10 15 670 242 617 527 173 691 945 607 798 265 750 892 915 167 105 991 934 710 587 70 820 
17
10 18 20 22 30 32 41 52 73 78 86 129 152 153 158 190 196 
127 24
847 149 475 376 537 472 739 552 494 333 170 373 859 213 319 874 820 469 491 571 362 406 90 819 
17
27 28 36 54 70 72 89 96 97 106 130 141 155 166 175 178 190 
128 29
376 881 688 446 53 702 646 202 178 374 740 2 113 292 497 799 814 870 658 379 541 884 200 11 375 123 373 133 213 
26
1 7 18 23 25 32 37 52 56 57 58 68 71 74 97 99 115 123 124 143 147 150 167 181 195 198 
129 22
234 941 425 923 387 478 625 385 680 155 112 420 510 577 65 7 376 231 877 34 611 419 
24
1 29 36 45 49 51 52 62 64 90 91 105 109 112 114 126 142 146 154 160 161 171 176 182 
130 20
811 782 997 286 155 130 851 699 717 792 124 640 531 602 617 917 282 125 381 55 
20
7 11 25 34 53 65 68 79 81 89 99 114 124 127 133 137 160 175 178 194 
131 25
958 472 642 687 703 871 73 666 344 829 424 341 115 931 824 966 630 541 758 106 181 290 708 798 559 
21
5 14 15 17 31 37 38 42 58 63 66 68 88 97 102 123 137 142 150 176 185 
132 23
275 940 750 910 250 222 552 937 277 776 11 296 418 355 125 195 696 593 126 520 911 109 413 
17
2 13 43 48 70 81 89 107 140 142 150 155 165 184 188 189 196 
133 20
215 594 312 276 745 223 971 20 515 73 283 765 647 187 55 963 66 572 734 773 
27
14 16 17 21 24 28 33 43 48 61 71 72 75 83 89 100 105 107 130 137 139 141 152 156 172 178 179 
134 20
281 821 643 407 694 906 868 107 576 436 54 240 64 151 815 35 171 330 460 806 
16
10 11 15 18 24 39 42 67 103 107 115 151 171 178 182 194 
135 26
107 994 151 383 957 569 308 43 342 358 324 163 353 84 209 259 952 317 188 388 371 780 804 522 596 191 
23
1 15 19 22 29 34 36 39 45 55 64 85 96 116 119 152 158 161 162 163 164 165 183 
136 25
926 651 852 374 758 198 877 494 155 798 802 551 140 512 875 656 217 311 865 476 264 534 16 4 905 
17
9 33 48 57 72 77 82 91 97 100 112 146 160 169 175 179 191 
137 27
809 779 393 0 177 671 4 29 46 114 227 275 960 734 74 637 214 626 513 222 843 824 440 672 326 688 797 
14
9 20 85 87 111 130 131 133 141 144 145 163 178 183 
138 22
485 958 363 230 540 902 314 921 300 429 500 575 389 235 649 504 872 216 482 737 790 678 
24
6 13 17 18 28 43 45 56 60 68 76 77 78 87 90 109 123 155 160 162 181 185 189 195 
139 24
230 350 706 557 390 503 141 228 461 856 458 772 397 712 86 318 12 867 171 588 609 406 589 465 
19
3 5 9 17 20 21 23 53 57 88 107 115 133 146 157 176 180 186 187 
140 20
805 947 720 596 977 634 178 327 692 87 718 196 580 946 657 437 756 429 186 821 
17
3 10 20 31 34 37 43 50 71 73 88 95 102 122 132 169 179 
141 28
856 833 735 27 773 344 433 363 161 416 520 109 488 116 86 122 647 766 814 734 836 362 315 134 20 104 890 801 
26
8 11 23 37 38 40 54 58 61 75 79 84 94 120 123 127 133 137 155 161 168 173 174 175 178 187 
142 20
711 669 146 897 757 174 22 453 959 737 615 375 258 76 863 726 162 337 373 280 
18
7 34 37 48 53 57 82 84 89 102 112 129 131 132 155 168 178 197 
143 24
460 116 866 775 602 238 879 845 40 169 908 61 667 805 818 841 828 272 801 917 239 176 175 315 
21
7 20 33 64 67 70 71 78 84 97 108 115 116 118 123 128 146 149 150 156 167 
144 22
902 829 729 627 110 585 87 578 804 214 181 42 445 26 434 966 934 496 634 740 666 475 
25
15 25 57 65 77 81 89 100 105 113 115 122 123 137 157 165 166 175 179 186 189 193 194 196 197 
145 20
290 628 837 529 805 365 844 549 619 674 630 598 136 216 686 714 372 252 895 414 
20
22 32 44 55 102 104 106 109 137 147 154 162 164 176 180 182 183 185 191 198 
146 20
273 201 16 208 697 2 300 715 830 572 6 458 761 887 615 126 732 164 97 758 
23
1 2 9 21 38 44 50 52 68 81 88 92 97 108 112 129 136 139 143 149 154 162 185 
147 25
696 894 363 382 960 735 986 208 501 36 481 702 405 689 751 407 989 467 237 913 825 48 675 712 663 
20
6 27 32 40 41 54 56 66 71 72 79 81 92 99 121 128 145 157 176 185 
148 23
796 180 251 554 327 947 800 690 681 761 777 19 969 630 56 450 333 813 492 436 220 833 255 
24
5 20 21 22 24 32 56 58 67 71 87 89 105 108 113 114 118 150 159 162 172 180 185 198 
149 20
747 80 210 774 145 873 927 941 53 530 848 380 477 648 422 510 761 551 730 182 
18
1 2 18 39 62 63 71 83 94 100 114 124 143 146 151 170 171 186 
150 28
533 867 751 377 303 323 210 911 485 309 343 695 83 488 569 363 430 974 893 278 707 723 481 233 40 33 115 770 
21
25 30 39 51 57 71 76 87 93 97 128 131 132 143 148 157 163 172 174 183 198 
151 27
53 655 434 156 32 89 480 595 0 965 904 344 661 340 184 582 55 614 908 948 244 967 671 523 449 257 563 
21
15 20 37 45 51 60 72 73 82 86 112 119 134 149 166 167 171 179 182 189 199 
152 22
372 685 49 778 693 835 934 77 924 414 672 277 380 929 973 393 621 157 327 676 772 235 
22
5 7 42 45 49 50 58 71 75 82 92 101 105 125 126 133 135 157 162 174 181 197 
153 24
368 203 648 243 4 257 806 838 629 844 887 407 889 74 342 966 350 108 639 627 840 920 600 233 
16
0 8 30 37 43 50 51 73 79 98 99 124 126 156 190 194 
154 21
110 912 569 882 500 545 602 55 193 846 59 450 4 897 432 200 136 839 89 210 533 
21
20 26 28 42 45 46 67 85 86 94 106 110 112 129 145 146 155 159 165 171 191 
155 26
912 642 47 540 482 319 492 68 212 602 980 781 836 832 326 791 887 520 637 946 322 993 195 754 194 683 
33
8 10 11 22 31 44 48 50 58 61 67 69 79 86 90 110 117 121 124 125 127 132 138 141 142 154 157 159 174 185 188 191 197 
156 26
635 245 831 691 158 473 90 50 308 409 542 728 621 497 708 754 333 541 81 476 780 953 113 79 627 459 
18
36 40 47 59 79 92 93 102 106 110 112 115 125 133 143 153 170 189 
157 24
382 653 958 680 288 203 511 332 361 337 422 763 997 184 306 725 157 155 785 912 840 678 345 317 
21
7 16 32 35 48 60 70 80 84 88 89 139 144 147 150 152 155 158 167 195 199 
158 29
298 782 538 277 241 164 659 894 474 691 535 678 555 219 391 244 641 155 177 813 318 687 968 103 951 808 296 477 593 
18
11 18 20 26 35 49 65 66 97 99 110 116 123 126 135 157 189 191 
159 26
260 483 223 501 647 235 748 474 278 283 152 833 502 895 77 495 402 670 25 567 988 712 887 444 663 48 
17
16 23 48 57 66 81 90 91 100 101 103 148 154 155 163 187 193 
160 28
311 525 171 609 785 6 832 287 5 419 35 479 698 670 983 883 172 231 313 19 633 44 553 324 108 440 768 123 
22
0 10 12 13 20 23 38 39 41 52 61 62 69 71 77 84 102 129 130 136 138 196 
161 28
698 434 14 221 43 799 227 228 438 232 999 473 64 697 143 47 933 667 278 246 687 264 229 83 817 905 192 609 
14
11 27 37 52 59 74 105 112 129 135 141 174 181 198 
162 25
315 98 723 750 464 944 145 263 523 725 54 108 527 172 774 23 571 707 690 202 305 729 466 887 813 
23
0 6 8 18 37 48 52 63 93 101 119 135 138 145 146 148 152 165 166 168 174 176 178 
163 25
792 5 244 170 320 694 893 422 158 190 920 774 65 645 828 173 722 355 697 849 378 621 908 421 823 
21
4 12 13 15 24 33 46 72 87 89 99 118 135 137 150 159 165 167 168 182 189 
164 24
150 289 101 963 276 245 968 520 415 641 215 661 63 373 203 335 147 268 333 327 794 55 683 843 
22
9 10 18 29 44 53 57 59 60 64 69 77 88 91 104 105 112 124 135 145 165 179 
165 26
413 464 165 186 287 731 337 928 184 652 204 429 973 77 197 614 292 858 29 17 365 517 681 698 844 827 
25
19 28 29 40 55 62 81 91 92 93 107 117 119 122 132 135 144 154 162 163 164 175 182 184 187 
166 25
879 671 362 645 487 831 127 962 520 55 146 173 612 927 689 476 112 333 686 141 350 99 506 867 133 
18
11 16 27 28 32 39 60 81 88 89 107 108 119 127 144 151 162 169 
167 26
64 960 662 295 631 376 940 471 607 124 598 569 644 653 67 169 617 346 315 306 823 779 639 861 921 342 
24
1 10 21 25 30 32 50 54 60 73 79 91 101 108 113 128 143 151 157 163 183 188 193 196 
168 21
779 561 94 688 625 406 702 921 390 78 213 861 37 337 459 958 334 464 377 503 82 
22
3 11 14 17 21 43 50 64 87 88 93 98 99 117 141 142 162 163 169 171 191 195 
169 23
171 740 898 950 732 760 223 74 73 3 635 167 43 613 573 745 886 963 823 451 176 212 789 
21
14 34 37 38 50 53 57 59 65 76 81 92 98 110 116 136 140 166 168 197 198 
170 25
170 123 100 547 978 534 622 149 274 521 452 6 633 675 80 706 30 68 873 73 33 798 818 271 114 
15
13 15 18 27 51 60 63 81 97 102 113 115 116 149 156 
171 23
722 290 205 863 278 727 338 730 274 317 264 249 818 538 770 270 897 403 298 329 461 328 749 
24
9 14 22 37 38 48 49 61 74 76 78 84 88 94 123 129 134 149 151 154 168 177 194 196 
172 24
402 782 484 572 405 950 566 128 241 123 343 519 851 682 249 477 999 865 726 169 403 848 440 652 
19
10 18 30 35 38 48 62 65 87 91 93 105 109 116 124 133 148 150 192 
173 23
90 982 64 418 731 750 172 866 587 745 271 537 663 751 778 786 95 649 989 129 250 467 128 
11
3 24 41 80 82 90 95 102 111 112 141 
174 25
545 649 871 746 441 875 349 531 857 766 950 941 516 474 807 103 219 430 993 882 182 771 21 629 773 
22
16 26 37 39 43 46 48 51 66 71 80 97 101 102 112 141 150 152 155 161 162 197 
175 20
758 375 829 238 843 727 887 66 473 329 941 174 212 151 940 162 92 809 989 899 
21
12 26 30 50 55 73 80 90 93 103 105 107 109 127 130 136 141 144 165 177 195 
176 24
208 681 257 443 215 381 816 844 506 178 602 881 8 192 724 735 80 142 761 84 382 325 235 675 
17
17 36 43 45 52 82 84 96 104 124 129 131 139 145 147 162 194 
177 28
679 484 829 930 748 37 611 358 832 827 739 648 671 245 626 478 187 170 555 274 250 697 834 363 133 568 689 720 
18
8 16 28 29 72 73 89 93 94 97 102 106 109 117 171 175 180 189 
178 23
529 399 79 358 329 180 747 293 538 932 120 629 143 874 111 121 352 298 292 907 572 894 957 
20
3 6 18 46 54 64 87 114 119 127 130 133 134 137 141 142 162 181 188 199 
179 26
610 90 975 651 811 570 180 210 650 890 892 830 989 185 720 921 657 349 854 152 223 317 626 927 616 918 
17
18 30 36 65 83 85 88 95 133 136 140 144 151 164 183 185 188 
180 27
540 164 144 299 774 234 626 425 397 196 957 960 198 199 204 28 189 389 748 462 398 97 316 902 672 986 528 
18
15 28 32 63 78 89 94 102 110 123 125 139 145 148 177 189 196 199 
181 22
602 798 139 494 963 283 145 737 869 771 515 619 320 472 579 518 672 783 899 213 524 999 
16
13 15 31 44 59 69 74 84 110 111 115 128 138 152 161 178 
182 25
274 449 344 176 473 330 705 425 284 503 916 778 818 551 924 556 421 47 71 40 367 895 971 238 919 
17
6 20 40 52 64 71 91 120 129 134 145 151 163 165 186 195 199 
183 24
489 132 630 840 160 904 641 504 80 115 186 137 892 470 993 809 600 811 360 876 719 133 924 142 
19
3 4 19 21 28 54 68 106 107 111 114 124 135 137 145 150 167 179 198 
184 25
643 390 496 233 309 602 74 794 232 915 306 488 908 810 921 375 348 58 268 818 403 429 770 567 141 
15
0 1 11 14 16 17 41 63 77 110 132 165 185 187 194 
185 27
638 275 923 781 152 566 523 1 800 184 603 226 978 188 141 284 676 402 446 597 777 146 8 397 316 411 826 
23
10 24 28 34 44 45 52 69 72 84 93 106 122 131 138 145 146 147 148 155 179 184 195 
186 27
330 968 734 969 595 657 102 99 575 625 100 727 809 704 954 140 244 447 776 920 849 870 627 73 878 24 390 
21
7 14 17 26 27 30 56 82 85 88 96 98 122 139 144 149 182 188 195 197 198 
187 21
203 477 324 523 563 293 470 572 747 569 499 724 670 227 885 726 533 25 322 980 154 
28
2 3 21 37 38 40 58 63 68 74 75 89 92 95 96 99 108 110 121 123 124 139 141 159 165 184 194 195 
188 24
182 81 464 161 154 694 537 544 688 92 373 12 615 288 657 85 860 404 7 712 128 29 939 13 
23
8 13 22 23 34 38 41 60 71 74 84 97 99 104 109 132 155 167 178 179 186 189 195 
189 27
824 391 429 156 897 23 338 330 840 851 484 534 389 381 574 481 106 586 449 395 243 886 607 999 893 319 127 
25
13 19 20 29 42 47 75 91 102 109 111 113 132 138 144 151 156 158 163 177 180 188 194 195 199 
190 24
610 493 381 434 236 162 591 485 538 929 815 378 133 651 264 522 384 839 355 491 777 156 886 21 
20
15 36 42 50 52 56 57 59 60 63 79 97 111 116 117 119 125 126 127 153 
191 23
845 20 288 165 500 563 775 345 296 562 933 811 153 418 349 434 233 79 567 236 343 441 621 
19
1 13 55 65 69 78 79 85 98 105 109 136 145 154 155 158 168 193 195 
192 24
149 112 312 305 350 685 348 547 57 989 64 909 904 840 254 200 754 539 363 907 957 712 693 542 
16
6 14 16 18 34 36 49 57 64 78 83 86 92 98 104 172 
193 21
613 779 487 54 752 21 555 216 685 861 918 370 561 465 428 550 530 689 806 722 944 
10
63 72 75 82 119 144 159 167 191 195 
194 29
476 835 722 735 793 435 428 687 578 41 466 65 448 570 87 3 786 772 864 704 495 778 170 275 680 52 964 487 774 
24
1 10 13 28 41 49 54 65 72 74 84 97 98 99 113 130 134 144 153 171 176 184 187 189 
195 20
846 602 96 568 337 889 355 117 576 934 159 395 999 959 965 438 962 104 563 179 
30
7 8 20 26 28 31 33 36 37 44 64 70 77 82 91 95 121 128 138 157 168 175 182 185 186 187 188 189 191 193 
196 28
58 309 330 685 989 382 649 476 508 910 674 110 358 595 447 247 950 565 175 884 76 922 236 35 240 26 349 344 
19
5 27 46 48 52 85 91 95 97 106 109 116 126 132 144 160 167 171 180 
197 29
880 504 999 189 187 684 179 921 686 7 430 948 682 540 306 277 988 905 227 432 464 981 707 52 368 947 78 717 643 
17
2 3 31 42 48 68 99 103 105 111 142 144 152 155 169 174 186 
198 20
598 499 371 787 686 408 318 608 446 326 390 394 8 930 700 637 270 957 216 527 
20
2 21 35 39 43 66 69 74 85 87 92 120 128 145 148 150 161 169 183 186 
199 29
32 508 96 84 228 395 515 946 390 887 896 890 610 35 928 18 354 888 464 278 210 392 209 910 29 831 219 597 359 
15
8 20 40 48 55 58 66 71 75 151 157 178 180 182 189 
