200 1000
0 26
534 189 329 570 384 786 685 662 28 147 251 279 485 221 980 371 475 821 890 510 755 857 450 990 823 672 
23
4 5 13 15 16 54 58 65 76 77 79 85 91 106 124 130 138 144 160 172 173 195 197 
1 25
24 680 453 692 214 642 21 785 379 807 822 41 188 321 292 819 806 513 800 529 340 973 772 202 728 
20
19 20 33 39 47 68 85 86 93 120 126 137 139 144 155 158 165 178 182 184 
2 29
652 718 453 676 655 829 357 108 522 923 751 895 708 130 55 882 171 243 555 815 414 714 680 566 21 539 15 223 619 
22
4 30 33 38 41 43 50 53 59 63 68 78 80 99 123 130 140 151 154 161 180 181 
3 25
228 337 450 256 345 631 613 453 505 537 204 401 597 686 456 832 857 699 387 24 465 101 705 32 697 
22
10 38 43 49 53 57 96 101 113 117 119 120 140 141 142 144 152 159 175 182 193 194 
4 26
923 712 301 543 709 881 232 511 138 577 143 751 31 648 640 587 401 590 274 857 422 483 908 161 508 374 
22
0 2 19 37 44 58 72 82 88 94 119 125 126 131 149 167 169 172 176 190 191 198 
5 23
213 758 312 291 681 376 944 576 86 826 809 949 964 386 444 67 769 445 60 357 846 650 983 
17
0 16 19 35 49 65 75 82 84 121 122 134 143 158 159 185 191 
6 26
424 818 964 585 326 690 200 891 448 512 182 482 889 479 58 327 305 219 276 269 606 73 688 727 518 748 
18
9 19 35 52 59 76 89 93 113 115 131 132 140 146 155 160 163 173 
7 26
716 398 419 772 822 238 737 760 916 779 960 160 580 825 694 62 714 173 472 393 478 692 21 99 650 94 
21
9 11 13 15 24 27 28 56 63 68 69 83 93 97 103 106 118 154 168 187 194 
8 28
377 964 536 166 681 287 585 453 461 175 542 221 444 322 534 604 902 359 298 316 73 472 140 466 302 832 839 402 
22
25 28 38 40 42 49 60 61 74 96 99 106 112 114 121 122 148 156 162 164 181 182 
9 24
934 190 564 898 78 730 579 717 667 385 179 195 927 752 639 249 286 595 503 645 893 171 70 664 
29
6 7 17 25 26 31 41 44 49 58 60 75 79 84 85 90 112 122 127 129 147 151 165 167 179 181 183 193 196 
10 28
20 496 728 774 683 14 316 247 912 394 977 844 464 996 229 643 191 156 395 182 758 34 777 613 679 23 137 102 
21
3 13 18 19 21 23 34 35 55 61 74 76 93 96 101 109 129 146 158 160 193 
11 20
801 342 112 649 70 886 332 84 202 931 349 949 260 545 413 257 774 408 800 282 
17
7 12 52 62 69 74 78 87 115 129 137 150 156 161 183 190 193 
12 25
983 392 189 760 6 221 783 495 675 876 296 17 340 945 440 579 630 133 561 225 82 822 770 847 431 
21
11 24 27 29 36 49 51 57 79 87 94 97 101 123 125 127 165 168 182 186 192 
13 26
607 231 179 763 214 571 952 327 929 525 110 424 200 338 72 218 679 370 658 258 352 534 391 913 112 826 
15
0 7 10 30 67 105 118 121 133 135 147 151 167 174 184 
14 27
234 25 870 131 633 102 662 396 668 585 700 995 867 226 458 643 778 148 716 348 827 438 6 437 790 893 181 
12
16 20 23 61 68 77 91 101 108 124 147 154 
15 25
357 359 143 591 384 365 74 369 819 88 765 488 674 818 835 541 396 645 184 174 794 252 523 973 690 
14
0 7 19 57 67 74 108 124 138 145 146 148 171 189 
16 21
411 480 126 944 888 483 303 383 427 39 748 853 409 568 942 526 408 968 344 243 861 
17
0 5 14 26 36 39 52 66 83 91 97 130 133 134 154 167 188 
17 22
889 45 267 683 650 142 656 692 375 419 525 502 715 413 337 18 796 116 410 544 322 171 
26
9 24 31 35 37 47 62 77 84 87 90 100 105 117 124 136 138 145 157 173 180 181 184 185 188 196 
18 24
264 697 872 232 394 116 93 486 357 490 105 392 492 247 48 185 623 820 62 477 535 475 166 906 
23
10 26 40 51 56 57 61 63 66 75 87 90 95 106 108 129 130 136 143 161 162 176 182 
19 21
635 668 167 957 839 984 573 536 856 157 282 324 602 769 33 444 874 425 937 474 826 
29
1 4 5 6 10 15 26 38 59 62 66 69 72 75 76 83 93 103 131 133 134 138 152 153 155 163 172 175 198 
20 24
449 646 536 278 533 363 444 791 634 431 459 153 740 298 137 313 187 346 822 469 22 424 590 56 
16
1 14 46 61 64 65 70 87 92 94 122 128 133 157 188 189 
21 29
465 481 158 939 307 632 740 305 520 18 191 883 814 982 869 246 442 22 338 92 512 652 279 210 826 101 232 251 691 
18
10 24 31 35 38 47 63 85 87 92 93 129 137 152 166 170 175 194 
22 20
472 508 122 630 799 781 262 539 439 782 557 665 372 964 534 970 758 908 308 851 
15
34 46 58 90 95 98 108 129 155 165 180 187 188 190 194 
23 22
312 130 334 139 231 567 390 275 207 862 783 681 844 583 815 106 122 606 240 680 588 257 
21
10 14 24 39 57 78 84 93 108 127 131 136 138 146 147 170 171 177 181 184 196 
24 24
552 143 374 311 403 34 514 176 347 644 862 486 228 429 855 989 442 638 22 286 221 189 744 696 
22
7 12 17 21 23 32 44 45 62 66 80 85 108 110 128 129 153 156 170 177 198 199 
25 25
336 728 383 593 132 936 736 858 599 491 244 113 19 591 109 882 429 689 663 9 544 4 803 183 27 
21
8 9 42 43 45 48 58 61 62 68 72 77 91 95 97 112 118 123 142 146 177 
26 29
756 216 185 804 12 521 532 747 466 16 683 554 226 634 46 471 65 62 209 947 844 898 963 853 443 967 657 978 994 
29
9 16 18 19 34 39 44 51 52 60 62 65 74 80 83 94 119 120 138 144 148 151 170 175 179 182 185 190 191 
27 28
86 563 636 891 927 509 775 674 976 792 710 530 18 344 576 489 444 994 904 653 293 100 903 256 953 698 224 962 
17
7 12 28 31 55 66 68 94 110 114 119 132 153 167 169 179 187 
28 28
570 413 115 485 401 358 412 910 133 439 886 277 149 769 296 845 345 137 289 691 393 294 985 493 550 593 799 600 
15
7 8 27 43 67 97 105 114 122 131 146 147 152 160 185 
29 29
113 629 92 878 96 577 279 806 342 542 939 781 780 217 930 549 865 775 247 354 417 938 100 63 275 945 965 869 744 
16
12 51 53 62 76 95 100 108 156 159 166 169 173 183 197 199 
30 26
390 210 195 482 88 291 60 720 97 402 262 388 183 42 957 465 944 174 592 191 881 361 129 981 425 757 
20
2 13 31 34 36 41 45 50 75 98 102 108 109 132 146 148 154 181 182 192 
31 28
742 978 23 308 368 585 503 851 25 146 911 745 595 665 359 336 200 754 293 698 820 609 889 701 971 370 34 748 
18
9 17 21 27 30 41 81 87 94 105 106 120 124 164 169 176 194 197 
32 27
312 490 105 687 799 826 272 654 677 298 153 940 395 748 605 755 84 157 861 730 174 559 550 783 800 603 106 
15
24 37 41 56 67 77 84 102 118 131 142 160 168 194 199 
33 20
989 206 650 653 49 107 341 200 933 965 854 962 615 7 902 11 108 859 118 544 
13
1 2 34 42 46 47 53 81 85 86 143 168 198 
34 26
979 274 190 890 176 326 690 779 432 212 120 639 214 774 688 674 115 888 607 94 922 48 102 824 411 562 
22
10 22 26 30 33 37 43 49 52 83 109 110 111 117 124 125 134 142 147 161 167 184 
35 26
881 106 52 212 733 595 102 909 921 144 41 353 708 161 344 923 935 32 597 402 272 556 187 367 478 235 
21
5 6 10 17 21 38 45 49 60 71 78 80 87 88 91 115 123 124 128 131 142 
36 21
655 998 383 43 879 841 447 91 574 42 545 836 963 41 877 669 749 390 13 24 678 
23
12 16 30 46 48 49 52 56 59 67 82 95 103 106 130 131 132 157 166 176 179 191 198 
37 28
973 432 22 530 619 389 360 206 210 367 204 945 762 435 139 878 713 252 775 549 568 816 778 589 918 521 954 294 
22
4 17 32 34 42 44 47 51 65 70 85 98 99 101 111 118 155 157 159 176 185 192 
38 29
704 268 631 727 150 603 116 862 809 679 230 366 976 992 153 115 554 384 181 807 159 82 328 213 316 598 734 270 892 
19
2 3 8 19 21 35 39 41 49 63 69 70 83 88 110 113 142 150 196 
39 25
327 160 268 54 310 871 170 173 33 201 755 751 530 99 256 645 654 640 178 813 152 613 892 832 826 
20
1 16 23 26 38 52 57 61 81 103 115 122 151 162 171 176 177 186 188 199 
40 28
430 560 830 322 845 157 835 113 211 497 337 734 22 722 287 129 473 817 229 729 815 235 993 400 226 958 292 58 
13
8 18 43 56 70 76 84 101 118 137 144 177 193 
41 24
852 488 696 34 162 541 192 349 7 755 847 841 869 418 129 999 243 298 580 324 113 167 46 459 
19
2 9 30 31 32 38 44 57 58 59 75 84 123 137 143 145 162 176 184 
42 27
624 417 211 682 554 63 522 250 97 685 144 641 34 503 749 233 199 590 103 969 71 454 212 370 536 835 553 
20
8 25 33 37 57 70 71 82 83 91 99 109 111 114 128 136 143 161 162 198 
43 25
646 472 559 416 683 594 970 98 116 220 547 153 364 541 540 867 290 773 418 232 228 387 304 682 951 
21
2 3 25 28 34 40 70 83 88 96 103 105 107 110 114 129 149 175 176 181 192 
44 26
68 840 861 621 127 860 93 686 276 776 632 598 226 749 170 774 254 535 667 794 754 957 920 525 189 148 
23
4 9 24 26 37 41 60 79 80 83 86 88 92 106 114 119 140 147 148 170 177 183 198 
45 24
845 183 216 871 251 56 85 873 297 318 221 573 95 206 523 673 307 693 799 561 580 466 708 687 
17
24 25 30 35 50 74 79 83 95 111 124 130 134 136 137 142 181 
46 25
980 212 317 128 476 162 663 44 34 915 100 471 140 635 768 458 209 693 905 415 216 579 722 909 730 
18
20 22 33 36 50 52 69 82 91 96 98 111 116 134 146 164 168 198 
47 25
490 197 343 529 324 323 741 641 804 569 467 614 190 734 66 661 874 54 781 333 615 474 590 30 42 
24
1 17 21 33 37 72 82 89 101 105 110 115 121 131 140 142 145 151 153 164 168 173 176 185 
48 29
104 951 900 91 793 449 787 322 773 462 415 266 337 571 86 761 172 369 774 47 775 555 732 390 381 772 423 844 876 
21
25 36 57 67 74 75 90 93 95 98 103 108 114 136 166 170 174 177 188 189 192 
49 26
96 968 872 897 755 546 670 217 962 437 836 299 8 274 602 121 446 323 895 845 99 802 929 489 183 604 
25
3 5 8 9 12 34 35 36 38 65 74 80 82 102 114 145 146 147 151 157 181 186 195 196 198 
50 24
958 448 490 685 896 810 557 793 917 103 815 487 417 253 675 68 613 301 670 87 99 346 982 945 
17
2 30 45 46 58 60 68 106 114 127 140 160 161 169 170 183 194 
51 25
137 226 286 320 830 900 279 630 743 316 526 905 873 319 175 328 135 662 746 740 689 814 705 990 837 
20
12 18 26 29 37 59 63 72 74 100 102 128 131 144 150 151 167 188 189 195 
52 22
89 183 127 386 980 264 613 618 936 443 519 567 426 614 883 952 756 624 694 85 111 708 
25
6 11 16 26 34 36 39 46 57 76 79 128 134 140 142 144 161 162 163 166 178 182 183 187 195 
53 23
851 397 997 556 739 834 701 829 369 828 215 349 92 968 28 624 839 596 50 805 479 354 324 
19
2 3 29 33 61 63 78 81 88 91 93 94 128 152 167 169 184 191 196 
54 28
978 371 25 89 431 208 292 181 205 201 920 392 902 101 761 730 317 111 174 497 202 473 270 150 875 75 630 230 
14
0 56 57 58 69 70 94 110 131 157 169 173 177 187 
55 21
570 560 474 595 650 258 155 294 439 360 495 711 104 749 813 866 831 482 329 5 331 
12
10 27 63 93 104 121 130 147 172 189 193 197 
56 20
560 805 382 710 680 457 692 262 823 387 209 825 645 364 119 436 77 967 147 181 
17
7 18 32 36 40 54 58 59 61 95 98 113 117 134 155 167 180 
57 28
312 399 900 794 728 257 478 488 817 635 870 528 315 679 572 930 592 187 753 979 396 976 113 49 412 542 368 911 
30
3 12 15 18 23 39 41 42 48 52 54 59 68 74 91 96 103 112 114 116 127 132 134 136 140 155 169 185 187 191 
58 25
437 224 475 337 370 203 594 200 692 764 835 914 644 503 216 433 186 403 538 517 152 468 493 617 869 
24
0 4 9 22 25 41 50 54 56 66 88 116 119 137 140 155 156 165 166 167 184 185 189 197 
59 25
159 238 168 586 675 392 61 364 115 265 310 315 309 74 151 575 70 654 521 287 439 707 42 977 576 
22
2 6 19 36 41 51 56 57 75 87 92 97 98 100 116 117 142 157 168 169 171 192 
60 24
797 69 163 666 326 674 904 495 261 931 887 322 647 354 939 310 22 600 736 173 176 807 179 697 
20
8 9 26 35 44 50 63 74 79 93 101 110 125 139 158 167 168 170 185 188 
61 24
970 757 136 947 333 683 744 755 846 762 81 873 19 576 134 950 816 456 170 748 260 192 700 348 
22
8 10 14 18 20 25 39 53 56 63 65 75 97 98 111 129 138 153 174 179 184 198 
62 27
876 155 248 926 249 218 35 738 517 368 773 613 123 971 376 557 844 395 133 978 697 949 787 647 472 887 259 
18
11 17 19 24 25 26 29 75 77 90 100 115 140 152 157 165 170 176 
63 26
587 608 734 816 115 334 742 717 905 777 807 422 497 580 36 973 551 764 530 748 159 15 78 208 965 217 
23
2 7 18 21 38 51 53 55 60 61 69 71 74 80 107 114 122 130 131 133 136 159 170 
64 28
437 104 819 805 692 779 891 508 895 226 602 612 131 731 419 905 228 999 293 553 902 57 83 2 568 451 81 129 
14
20 68 70 84 105 106 115 124 126 138 144 146 181 192 
65 26
298 337 205 755 156 10 799 936 902 659 831 480 261 795 963 344 214 868 572 565 514 478 819 571 913 174 
21
0 5 20 26 37 49 61 87 110 134 135 136 142 143 150 164 167 168 178 193 198 
66 22
364 255 621 780 905 310 337 12 466 700 811 754 954 470 937 434 83 732 397 427 298 617 
22
16 18 19 24 27 58 71 85 92 104 108 112 113 119 122 137 138 147 150 158 166 190 
67 22
215 131 830 387 55 743 561 899 108 168 520 240 425 182 930 438 648 630 601 755 584 424 
28
13 15 28 32 36 48 68 72 74 81 96 99 101 114 115 117 120 123 131 134 135 138 141 142 173 181 188 193 
68 22
370 507 777 119 287 427 736 991 643 220 173 30 627 916 943 526 376 111 398 969 888 580 
22
1 2 7 14 25 27 50 57 64 67 69 72 97 99 109 122 133 177 178 180 196 197 
69 29
326 580 881 928 335 817 352 380 187 211 509 658 850 936 746 841 931 966 14 313 945 283 256 471 11 719 221 980 608 
15
7 11 19 38 46 54 63 68 115 131 150 151 155 163 194 
70 23
231 934 734 464 214 421 281 918 153 820 482 662 478 332 599 225 526 530 543 892 844 489 527 
19
20 37 38 40 42 43 54 64 107 121 123 133 137 147 156 172 180 196 199 
71 22
312 539 172 534 871 780 687 455 714 773 919 281 195 553 199 348 725 33 363 204 366 962 
23
35 42 63 66 87 91 106 107 114 120 121 122 140 144 159 161 162 163 179 180 182 183 194 
72 21
244 844 324 488 40 165 16 493 478 907 665 12 130 797 699 585 511 825 857 144 20 
17
4 19 25 47 51 67 68 81 92 104 109 120 121 146 167 182 199 
73 22
696 720 487 729 83 43 447 397 824 691 594 501 180 634 666 548 127 144 807 156 937 941 
13
85 96 97 98 112 122 132 147 163 177 181 182 197 
74 28
875 805 33 732 301 405 846 997 477 333 727 561 377 174 310 553 218 904 54 750 539 73 298 18 217 105 515 726 
30
8 10 11 15 26 45 48 49 51 57 60 63 67 82 87 94 105 113 115 118 121 133 139 146 147 167 170 175 177 185 
75 24
808 286 269 965 319 353 267 76 199 264 553 533 991 466 262 518 777 167 736 33 222 486 924 647 
22
5 9 18 19 30 41 48 59 61 62 76 86 88 92 99 110 122 125 145 163 169 171 
76 26
295 864 593 810 590 987 618 876 257 584 547 610 203 975 467 529 695 811 347 309 329 476 65 510 50 903 
22
0 6 10 19 29 40 52 75 79 81 88 114 116 118 129 137 145 150 174 180 191 194 
77 24
697 391 729 562 984 891 504 971 862 733 580 798 632 191 1 608 353 468 489 400 279 836 709 313 
17
0 14 17 25 32 62 82 86 104 111 138 140 159 161 163 168 191 
78 25
25 175 236 280 609 285 671 691 847 655 582 704 979 796 437 559 594 421 102 595 29 807 416 518 207 
18
2 11 23 35 53 80 81 85 114 122 125 132 144 160 162 163 170 195 
79 25
707 268 656 372 806 33 547 42 314 508 327 337 199 527 993 134 231 324 930 20 235 877 441 338 472 
16
0 9 12 44 45 52 60 76 86 132 138 142 163 176 184 192 
80 23
497 888 693 57 936 400 325 944 772 131 977 319 525 643 828 205 981 379 732 326 865 315 650 
14
2 24 26 35 44 49 63 78 107 131 150 177 187 189 
81 26
687 885 673 480 575 497 303 425 738 349 482 674 749 159 618 874 291 947 545 168 591 725 373 924 105 457 
17
31 33 39 53 67 72 76 78 85 90 110 119 120 140 181 182 188 
82 22
970 124 252 118 163 489 143 644 417 641 299 842 379 0 676 405 750 835 375 976 478 322 
23
4 5 36 42 46 47 49 74 77 98 112 121 124 134 141 144 149 156 157 185 188 191 196 
83 21
999 265 247 372 541 704 182 143 26 658 395 145 822 237 640 818 654 281 469 848 12 
24
7 16 19 26 34 38 42 43 44 45 93 96 109 113 118 121 122 125 126 134 146 159 190 192 
84 20
876 769 572 711 144 548 542 467 421 541 84 668 265 626 724 447 751 458 517 248 
17
5 9 17 23 32 40 41 64 109 118 126 129 143 145 160 168 179 
85 20
754 888 450 760 522 271 960 886 93 836 656 665 899 800 565 441 619 987 982 704 
22
0 1 9 21 24 33 37 66 73 78 81 94 102 117 119 129 137 142 149 166 187 197 
86 27
248 330 732 47 451 835 505 968 83 137 74 323 939 186 197 211 498 436 304 334 92 322 586 244 239 27 864 
13
1 33 44 75 77 79 96 102 111 141 182 189 196 
87 26
362 568 234 962 250 318 9 53 505 867 374 588 356 448 263 296 987 813 859 485 249 515 172 341 189 110 
25
11 12 17 18 20 21 31 35 59 65 71 74 92 96 110 125 127 130 143 154 157 166 176 181 194 
88 25
429 137 801 7 851 721 593 813 323 911 175 377 416 394 751 356 750 551 972 398 890 785 609 728 34 
14
4 35 38 43 44 53 58 75 76 91 126 145 148 177 
89 27
900 727 666 362 664 447 499 466 455 351 539 48 516 863 960 691 240 728 85 343 437 188 894 409 586 785 546 
11
6 47 102 136 141 156 164 167 170 178 186 
90 28
865 932 25 765 11 43 127 675 491 978 493 946 681 33 994 198 248 306 241 840 387 327 183 824 867 429 585 453 
17
9 17 18 22 48 62 81 97 100 114 118 138 157 168 169 179 186 
91 26
483 353 431 767 378 548 778 422 27 805 913 6 299 211 39 684 205 589 284 864 831 124 251 510 307 427 
28
0 14 16 25 35 42 46 53 57 71 88 92 98 108 118 121 131 134 135 153 160 167 171 181 192 193 197 199 
92 27
736 364 182 303 199 536 734 966 266 283 744 688 310 549 953 668 200 164 60 236 722 649 520 586 480 644 189 
21
20 21 44 59 66 72 75 87 91 94 96 103 107 108 115 133 136 151 162 171 198 
93 22
951 968 71 40 332 254 343 531 142 429 497 408 64 593 449 727 402 747 695 919 807 931 
22
1 6 7 10 19 21 23 48 53 55 60 83 95 97 100 106 131 151 158 170 174 180 
94 21
457 452 579 289 96 120 632 400 88 703 440 420 309 135 303 803 564 152 212 981 745 
24
4 12 20 26 27 31 53 54 74 85 92 95 97 128 129 130 134 142 162 169 172 174 181 187 
95 23
708 239 415 807 934 686 615 866 679 424 318 258 65 766 730 49 166 818 105 958 590 414 93 
20
18 22 25 29 36 45 48 56 93 94 108 118 122 124 126 135 160 182 191 195 
96 25
218 10 397 782 991 494 795 51 734 562 210 20 601 825 886 280 556 891 667 675 621 716 841 440 821 
24
3 8 10 43 46 57 67 73 83 86 87 92 112 117 119 131 133 157 159 160 178 180 185 190 
97 22
382 588 245 628 158 255 25 940 598 520 87 1 606 212 626 602 37 865 883 991 773 126 
22
7 12 16 25 28 59 61 68 73 90 93 94 103 121 130 153 165 181 187 188 191 192 
98 28
448 747 726 642 539 900 794 922 488 39 550 646 647 927 938 245 799 377 247 757 378 459 384 981 848 601 216 191 
14
22 30 37 46 48 56 59 61 73 82 91 130 180 189 
99 24
342 849 823 441 928 465 981 828 259 255 668 650 157 666 297 436 604 895 588 494 345 359 953 81 
12
2 8 37 42 67 68 75 111 161 168 184 188 
100 22
153 682 908 345 57 250 546 232 44 826 49 377 654 660 632 674 310 141 340 960 577 944 
25
17 29 51 59 62 90 93 101 114 116 117 121 141 142 151 152 156 159 174 178 181 184 186 189 194 
101 25
165 277 349 863 989 654 944 681 159 979 590 504 36 192 403 620 236 229 669 613 329 597 910 991 90 
18
3 10 12 14 37 40 47 60 67 100 124 159 175 180 186 187 190 198 
102 21
951 668 547 158 185 825 507 48 814 513 345 495 673 324 437 529 712 982 932 332 570 
13
30 32 49 51 85 86 89 140 147 156 176 177 183 
103 24
353 536 750 682 133 660 25 224 263 977 244 811 135 781 636 995 182 802 860 527 649 533 851 439 
12
7 19 36 39 43 48 57 92 97 119 171 190 
104 23
563 421 347 247 991 861 600 879 611 634 13 624 659 589 239 988 185 50 476 966 38 823 148 
7
55 66 72 77 121 190 191 
105 22
683 675 842 217 878 281 632 441 54 979 40 397 841 640 277 804 626 290 780 638 231 20 
15
13 17 28 31 43 47 64 74 111 160 162 174 181 191 199 
106 26
416 70 454 734 461 277 883 653 313 558 495 882 789 128 514 230 182 845 623 580 686 263 209 843 242 851 
23
0 7 8 18 31 36 44 50 64 71 93 117 126 133 136 150 155 162 168 181 183 184 185 
107 23
880 82 643 858 850 66 313 584 527 942 467 532 607 378 380 489 167 508 355 749 43 201 372 
15
43 63 70 71 80 92 117 119 134 140 150 162 176 187 188 
108 25
239 988 184 434 230 35 58 110 469 53 968 319 119 633 903 646 576 723 531 183 101 911 25 620 419 
22
14 15 18 22 23 24 29 30 48 66 91 92 95 118 128 150 156 159 165 166 174 188 
109 20
369 814 933 94 789 525 82 325 959 664 712 17 774 181 71 500 190 728 756 189 
23
10 30 34 42 68 72 83 84 123 125 132 135 138 142 146 158 167 172 181 191 192 195 196 
110 26
479 720 839 580 983 864 552 754 597 921 569 530 367 710 55 801 36 465 748 384 239 282 807 686 782 350 
22
24 27 34 38 43 47 54 60 65 75 81 87 125 136 143 144 155 179 180 191 192 198 
111 24
538 891 70 17 963 261 949 946 478 501 700 75 775 269 957 142 332 365 296 368 732 761 468 353 
24
34 37 42 45 46 61 77 86 99 105 115 119 131 135 143 146 164 169 172 183 189 195 196 199 
112 20
276 39 885 626 453 423 517 875 793 480 136 94 426 614 596 478 41 723 748 351 
15
8 9 25 57 66 73 82 96 133 155 156 170 173 179 193 
113 25
80 716 161 800 275 620 268 628 723 544 667 608 522 472 383 391 347 528 871 835 623 649 450 219 128 
14
3 6 38 56 66 74 83 121 130 150 163 180 181 188 
114 23
294 228 194 511 660 262 673 460 62 300 432 683 928 155 579 947 763 102 419 499 493 118 27 
27
8 27 28 42 43 44 48 49 50 57 63 67 71 76 78 90 100 118 128 130 148 149 154 159 165 166 172 
115 27
953 650 718 755 221 846 599 515 426 145 27 86 408 52 898 822 352 331 505 632 486 85 579 250 539 350 101 
21
6 11 35 39 47 62 64 67 69 74 92 111 123 137 157 167 171 173 178 183 188 
116 24
468 128 101 773 131 820 529 704 18 480 220 445 977 599 531 737 3 430 560 707 113 417 339 854 
14
46 57 58 59 76 100 118 124 130 133 172 179 182 192 
117 20
201 393 972 302 130 440 783 231 565 914 403 94 618 422 926 190 219 904 789 102 
18
3 17 34 56 59 67 85 96 100 106 107 142 150 154 161 167 169 177 
118 21
144 884 553 851 997 971 542 597 177 164 798 571 136 453 53 928 236 284 494 150 40 
23
7 13 25 32 37 40 74 76 83 84 90 91 95 108 114 116 130 132 168 176 183 193 194 
119 20
120 462 867 311 33 123 452 135 116 949 20 670 800 17 993 695 966 170 859 117 
20
3 4 26 27 44 58 66 81 85 96 103 107 111 129 139 147 161 186 188 193 
120 23
348 570 146 276 806 783 122 308 823 63 780 637 930 443 670 405 896 157 521 197 529 191 349 
14
1 3 26 31 67 71 72 81 123 137 146 153 187 194 
121 29
536 44 865 707 256 982 800 604 904 299 232 62 82 355 722 905 418 503 894 700 946 916 105 194 73 978 391 603 522 
26
5 8 13 47 55 70 71 72 74 82 83 91 97 100 104 113 122 123 129 131 139 144 148 150 154 188 
122 21
502 58 137 719 117 393 54 270 349 958 569 582 21 3 289 95 260 59 598 154 759 
27
5 8 9 20 28 39 63 66 68 71 73 75 78 83 95 121 135 137 151 154 165 168 171 174 178 193 196 
123 27
70 216 91 143 194 835 98 68 928 600 127 65 672 596 811 726 866 512 684 435 94 57 438 735 153 698 794 
14
2 12 25 35 41 67 70 109 115 120 121 134 159 192 
124 23
204 553 0 274 121 444 770 668 631 868 736 559 821 215 976 493 812 787 219 678 300 255 466 
16
0 14 15 17 31 34 35 45 64 82 95 101 116 131 138 156 
125 26
313 256 834 818 307 628 921 511 534 274 138 7 718 908 675 349 128 764 260 301 979 236 794 143 376 365 
14
4 12 34 60 75 78 83 87 109 110 144 173 181 198 
126 24
28 621 640 126 286 248 960 104 555 941 377 67 475 651 557 482 721 465 510 70 945 274 682 247 
23
1 4 64 83 84 88 95 106 142 145 147 154 156 157 159 163 164 175 176 179 187 189 190 
127 25
271 393 101 647 759 275 27 732 267 153 370 515 466 826 71 407 203 490 234 207 399 68 928 216 578 
11
9 12 23 50 57 87 150 154 161 170 199 
128 21
161 204 33 760 162 304 154 263 303 265 538 682 997 157 188 719 672 654 545 95 413 
13
20 24 35 42 51 52 53 94 108 114 149 156 197 
129 20
937 647 307 336 67 236 552 646 939 66 202 972 826 364 629 980 627 284 245 517 
19
9 10 11 18 21 22 24 43 61 76 84 85 94 119 121 143 145 151 157 
130 29
594 674 507 313 347 161 858 794 926 959 732 925 266 420 992 854 973 638 793 39 193 118 865 557 99 198 185 735 443 
21
0 2 16 18 36 45 55 63 87 94 97 98 113 114 116 118 131 145 152 163 190 
131 22
54 38 729 561 351 428 74 562 222 0 521 306 925 139 727 918 346 52 908 491 91 101 
31
4 6 19 23 28 32 35 36 47 51 54 63 67 69 80 91 93 96 111 121 124 130 145 147 149 154 164 169 174 175 178 
132 21
308 11 60 506 196 148 302 250 202 692 331 116 43 759 542 605 334 895 478 640 820 
20
6 27 30 36 57 73 78 79 109 118 134 140 144 151 156 164 170 172 178 192 
133 20
719 90 316 771 351 807 214 804 769 523 815 181 381 363 329 35 614 884 727 297 
20
13 16 19 20 63 68 70 74 92 96 106 112 116 140 155 165 170 174 178 188 
134 22
771 57 894 728 391 789 559 383 962 529 103 404 845 874 755 652 89 560 773 964 727 307 
22
5 16 19 34 45 46 52 56 57 65 67 82 83 91 94 107 123 132 151 183 191 196 
135 25
91 636 381 57 872 108 354 224 231 411 471 312 154 260 871 538 574 400 641 979 597 515 734 601 956 
13
13 65 67 91 95 109 111 122 142 143 144 162 166 
136 26
375 920 726 682 618 817 670 351 874 895 811 580 471 43 992 942 707 498 555 578 36 129 330 29 108 927 
18
17 18 23 42 45 48 57 63 65 89 92 106 110 154 159 166 184 198 
137 27
195 528 853 193 255 774 919 289 744 736 312 95 962 207 906 543 678 301 887 973 8 385 938 657 268 803 118 
18
1 11 21 40 41 45 58 66 70 76 85 115 120 122 155 177 182 199 
138 27
700 313 76 554 506 683 680 426 973 424 514 285 519 477 492 777 372 522 79 259 495 87 996 375 26 770 33 
25
0 15 17 19 23 26 61 64 66 67 77 79 90 109 124 142 144 146 153 158 167 168 171 181 188 
139 24
926 503 842 978 816 270 884 674 953 564 100 278 340 615 563 211 444 407 989 282 68 75 777 507 
11
1 60 74 119 121 149 152 153 169 170 176 
140 23
153 533 546 538 180 472 41 374 450 209 996 687 883 301 603 336 580 944 303 495 155 747 903 
23
2 3 6 44 47 50 52 57 58 62 71 77 81 102 107 132 133 145 149 159 165 184 191 
141 26
563 185 564 990 314 424 765 819 957 311 709 489 783 102 863 586 859 273 547 161 876 883 741 172 186 588 
14
3 67 82 86 89 100 143 144 145 148 150 167 189 196 
142 20
933 491 176 848 28 93 190 695 517 955 514 826 267 576 316 402 678 179 340 990 
31
3 25 32 34 35 38 45 47 52 59 65 67 79 85 94 100 109 117 126 135 138 146 150 153 169 175 176 183 184 192 193 
143 21
965 537 904 194 772 997 366 958 585 46 243 429 575 443 457 20 633 504 889 588 19 
21
5 18 33 41 42 65 84 87 110 111 129 135 141 145 149 160 176 178 180 193 199 
144 25
207 947 383 610 625 563 950 967 306 916 504 210 462 276 828 586 144 227 829 573 154 624 31 174 257 
20
0 1 3 26 40 51 52 64 71 78 82 110 121 125 132 135 138 141 159 165 
145 27
63 198 258 130 405 205 514 367 831 429 670 798 735 938 655 297 400 283 856 228 870 0 807 51 574 961 676 
21
15 17 41 47 49 75 76 84 88 126 129 130 131 140 141 143 146 158 171 177 187 
146 27
135 285 844 550 483 103 33 889 308 547 608 491 328 278 290 63 216 945 712 616 580 568 197 450 4 854 494 
23
6 10 15 23 25 28 30 46 49 64 72 74 83 109 111 120 138 142 145 167 185 186 189 
147 26
882 451 453 167 648 356 651 751 389 892 411 288 500 903 616 779 545 679 347 842 743 964 422 311 161 225 
18
9 13 14 23 28 34 44 49 55 66 70 73 74 102 119 126 131 162 
148 21
165 79 726 483 313 529 937 480 177 645 280 34 727 44 322 228 299 290 359 844 321 
12
8 15 26 30 44 88 114 121 141 152 188 199 
149 26
686 64 22 108 375 183 333 958 701 764 36 536 77 566 825 910 95 470 393 728 856 121 124 530 423 820 
15
4 43 82 85 114 128 131 139 140 143 155 174 189 192 198 
150 22
267 141 470 305 205 493 413 932 28 99 891 81 215 279 618 645 845 443 555 293 266 300 
21
11 38 51 65 66 69 76 80 106 107 108 113 117 121 127 141 142 162 180 181 182 
151 23
122 773 497 653 474 920 825 238 187 967 709 844 172 554 609 457 582 60 700 16 276 979 634 
23
2 9 13 26 39 47 49 51 69 92 93 100 122 129 132 134 168 169 174 176 178 188 198 
152 23
177 429 180 470 695 480 843 170 254 340 175 80 612 0 671 151 967 380 995 492 934 604 949 
14
3 19 21 28 53 62 100 130 139 148 161 163 164 167 
153 28
665 649 884 293 980 870 566 157 652 746 627 347 578 822 869 184 514 44 617 126 45 288 277 364 20 624 856 306 
15
19 24 27 47 61 91 97 120 138 139 142 155 174 182 195 
154 29
157 174 894 158 411 539 139 633 105 296 285 203 276 985 781 98 854 966 965 899 583 91 223 721 660 243 345 517 549 
20
2 7 14 16 30 87 114 117 121 122 126 127 131 136 156 157 160 179 181 186 
155 24
674 75 820 185 838 359 324 472 816 620 757 19 248 742 153 347 949 119 312 848 54 755 496 277 
20
1 6 19 22 37 56 57 58 69 106 110 112 133 137 149 153 162 172 178 197 
156 26
156 520 174 673 421 748 700 496 921 885 687 632 561 159 801 533 268 172 782 363 325 481 312 796 145 512 
19
8 11 24 29 58 70 82 89 100 102 108 112 124 126 128 132 154 178 182 
157 20
900 8 479 729 164 999 903 190 772 3 242 269 276 308 909 40 467 62 573 735 
19
17 20 36 37 49 54 59 62 82 87 90 96 115 126 129 154 161 179 191 
158 24
355 98 560 836 762 356 333 274 559 234 282 38 315 799 390 570 989 162 573 583 783 850 62 91 
16
1 5 10 60 66 93 109 138 145 161 169 170 171 174 176 193 
159 21
102 910 173 27 998 759 383 448 319 571 211 28 905 485 939 491 120 977 806 919 719 
22
3 5 29 37 63 71 77 83 96 100 101 108 114 123 126 136 140 144 177 178 187 191 
160 26
260 234 301 843 369 503 257 461 966 359 723 491 386 721 251 121 170 570 45 733 950 889 793 690 219 951 
17
0 6 10 28 32 50 78 84 91 95 96 105 143 154 174 176 184 
161 21
290 327 573 524 980 416 894 484 25 707 802 736 430 294 123 504 545 596 674 467 641 
19
2 11 18 34 42 50 52 71 77 99 117 119 127 152 157 158 170 176 191 
162 29
418 943 329 659 736 20 230 687 333 873 366 907 397 699 675 643 535 701 702 337 437 133 631 912 989 528 509 15 996 
21
8 18 39 41 42 52 71 78 92 94 105 106 107 135 147 150 155 165 166 181 192 
163 22
774 766 446 103 777 182 123 8 222 457 881 940 716 630 639 391 274 174 92 328 864 530 
18
6 19 52 69 71 73 75 77 78 79 113 126 130 152 170 184 185 199 
164 21
495 442 450 24 303 465 372 806 591 138 252 695 915 786 170 275 360 979 508 301 491 
11
8 31 46 47 65 89 111 126 131 132 152 
165 22
87 765 467 179 93 683 61 907 178 504 709 554 159 527 278 965 118 768 217 165 36 356 
14
1 9 12 22 58 62 97 108 114 122 133 140 144 162 
166 26
311 716 315 172 369 11 663 662 450 780 481 981 225 164 43 484 694 899 194 249 58 73 879 24 543 648 
17
21 29 36 48 52 58 66 85 87 108 114 135 136 162 174 188 195 
167 23
709 684 301 45 347 18 712 519 387 75 534 401 525 314 882 507 892 46 550 376 741 801 922 
27
4 9 13 16 27 34 51 53 56 58 60 65 72 74 89 91 109 115 117 138 141 146 152 174 179 193 195 
168 22
859 995 221 235 891 181 600 257 482 997 605 500 61 476 240 137 11 641 14 677 876 521 
23
7 12 32 33 46 47 59 60 65 77 84 90 99 106 118 122 138 151 169 185 192 194 195 
169 29
922 423 946 15 224 220 709 436 216 931 23 459 504 204 411 762 687 760 367 539 821 195 779 310 558 773 325 236 649 
22
4 27 29 31 50 53 54 57 59 75 90 94 111 117 131 139 142 151 158 168 184 186 
170 28
157 923 974 103 939 550 324 648 986 892 931 10 703 788 566 114 253 874 269 793 47 816 924 358 375 697 35 963 
27
21 23 24 26 44 48 50 60 62 63 74 78 89 93 112 127 132 133 139 158 161 163 176 179 187 188 196 
171 28
233 120 622 207 224 913 758 900 96 144 197 458 847 337 25 313 887 278 539 508 71 586 324 348 296 51 45 331 
19
15 23 39 59 75 91 92 103 115 122 138 145 158 172 177 185 194 196 199 
172 24
96 565 135 70 124 711 983 882 963 248 331 459 797 789 658 134 814 971 373 93 510 233 516 448 
16
0 4 19 55 70 94 109 111 114 116 132 155 171 186 194 196 
173 20
864 745 961 262 428 976 358 345 463 470 174 763 704 489 363 35 948 161 825 606 
12
0 6 17 29 47 54 67 112 115 125 178 197 
174 27
639 577 21 84 439 606 601 239 516 817 984 478 79 765 806 789 110 621 217 580 147 332 285 636 696 672 584 
23
13 48 61 76 93 94 100 105 108 122 131 133 149 151 153 158 160 166 167 180 184 190 192 
175 29
497 542 208 489 471 581 925 910 188 526 501 704 696 486 534 127 603 340 917 713 313 294 460 819 931 96 867 955 32 
12
3 19 21 26 43 74 101 126 131 142 179 181 
176 28
805 574 636 294 45 570 219 307 758 98 809 462 146 647 997 273 250 689 190 315 3 677 961 463 848 244 912 67 
24
4 18 31 36 37 39 41 43 47 62 79 87 102 107 118 126 139 142 143 151 158 160 161 170 
177 20
944 847 5 871 835 299 268 405 870 576 163 320 737 978 466 736 975 740 986 16 
21
23 24 25 39 40 44 48 54 68 73 74 80 88 102 117 137 145 159 171 186 196 
178 20
653 19 959 615 835 159 859 747 578 59 43 425 64 914 613 715 535 370 586 463 
19
1 52 65 68 89 96 100 115 122 131 132 133 143 151 155 156 159 173 179 
179 24
906 200 864 725 936 191 465 274 207 747 927 227 707 542 414 218 754 161 149 813 204 926 878 471 
22
9 26 27 36 61 71 84 90 110 112 116 126 154 157 167 170 175 178 183 194 197 199 
180 29
945 6 910 883 469 796 142 21 660 867 309 851 332 583 58 79 862 637 138 757 403 709 511 564 858 324 121 784 554 
19
2 17 22 56 68 70 71 76 93 96 98 101 110 113 143 150 174 191 195 
181 24
324 852 302 586 735 123 382 877 144 394 744 453 597 428 388 7 508 602 645 998 359 48 707 222 
29
2 8 9 17 23 30 43 45 49 64 67 73 81 87 91 94 97 100 105 106 109 113 125 138 150 154 162 175 185 
182 25
565 899 438 350 805 382 674 657 684 260 745 807 994 622 303 388 719 756 337 147 496 344 655 450 341 
20
1 3 8 12 18 26 30 52 71 72 73 81 86 95 116 137 150 153 156 193 
183 24
162 390 713 384 707 279 635 145 629 441 879 655 450 563 267 195 722 261 818 25 1 537 133 338 
17
9 11 29 44 50 52 71 102 106 111 115 118 134 142 179 185 187 
184 26
629 682 44 431 24 698 593 766 763 978 825 42 965 322 671 406 201 678 209 116 945 404 838 558 574 863 
21
1 13 17 23 34 41 53 58 61 79 99 100 106 136 140 142 160 163 169 174 190 
185 21
463 996 249 500 977 284 544 408 660 594 354 778 357 684 955 400 649 277 423 478 102 
20
5 17 26 28 37 47 57 58 60 74 82 96 106 146 163 168 171 181 183 192 
186 27
946 47 21 784 958 596 647 869 59 995 471 559 324 755 455 84 767 49 438 897 407 122 852 159 124 481 582 
14
12 39 49 89 90 100 101 119 146 154 169 172 177 189 
187 22
311 36 149 257 436 522 41 394 118 40 263 530 387 734 441 711 841 897 795 960 298 586 
20
7 22 27 52 54 57 80 85 94 97 101 107 120 126 145 159 170 183 188 189 
188 27
57 60 61 216 184 542 151 716 853 187 217 462 975 740 503 369 210 895 985 282 71 182 993 913 431 141 225 
26
16 17 20 22 39 48 51 60 67 81 82 97 99 107 108 113 115 119 121 133 138 148 151 166 170 187 
189 29
79 83 787 139 496 355 324 391 506 392 596 46 610 59 21 702 914 743 912 810 80 653 92 151 187 438 416 970 931 
20
15 20 48 51 55 58 80 86 98 100 111 126 141 146 149 186 187 190 197 198 
190 22
51 10 77 838 149 573 546 825 964 52 570 561 450 532 972 824 234 886 567 498 696 999 
16
4 11 22 26 66 83 96 101 103 104 126 130 174 184 189 196 
191 23
141 150 690 931 919 12 214 561 64 224 990 254 725 915 800 903 880 205 473 793 655 5 765 
21
4 5 26 36 53 57 76 77 82 95 97 104 105 109 110 134 140 157 159 161 180 
192 29
591 3 398 89 52 397 593 193 900 635 476 171 648 690 84 712 266 74 318 991 989 119 894 221 676 719 366 331 724 
22
12 30 37 43 48 59 64 79 83 91 97 109 110 116 123 132 142 149 162 168 174 185 
193 21
163 315 487 561 757 539 311 350 84 563 985 560 734 633 602 818 697 868 244 368 211 
18
3 9 10 11 40 55 65 67 91 112 118 119 122 142 143 158 167 182 
194 23
839 458 807 515 177 173 846 254 657 9 921 144 923 678 683 586 380 119 501 366 31 235 351 
19
3 7 21 22 31 32 50 69 71 76 87 100 118 120 168 171 172 179 199 
195 23
405 401 853 1 769 416 586 608 874 393 475 404 919 321 10 576 683 283 720 958 314 755 544 
13
0 49 51 52 78 95 109 111 153 166 167 168 180 
196 24
226 45 60 257 632 764 890 389 165 95 390 286 511 328 246 738 722 721 494 641 394 856 569 429 
20
9 17 23 38 49 53 68 70 82 86 109 111 122 134 141 170 171 172 177 190 
197 29
641 387 453 748 283 500 974 680 912 231 664 676 473 405 193 568 147 831 431 476 77 521 550 150 15 543 897 223 112 
14
0 29 31 55 58 68 73 85 91 128 155 173 179 189 
198 26
363 753 66 168 501 701 668 475 734 581 706 750 609 531 156 803 99 303 634 882 131 64 404 681 214 771 
19
4 19 24 33 36 42 44 46 49 61 65 92 101 110 125 136 149 151 189 
199 24
463 347 336 790 710 441 208 230 942 261 899 417 995 832 475 746 6 254 244 457 909 231 692 41 
17
24 29 32 39 70 72 91 105 111 127 137 143 148 163 171 179 194 
