200 1000
0 21
131 611 628 866 753 818 182 582 882 73 844 869 936 435 394 253 578 652 601 310 84 
21
3 20 28 55 62 66 74 87 94 97 111 115 128 137 140 145 153 156 166 167 198 
1 26
623 575 572 179 692 530 82 228 161 566 839 141 784 945 311 966 527 193 392 723 62 328 158 457 582 88 
16
9 22 26 70 81 83 105 109 111 112 122 131 166 177 183 189 
2 21
183 398 897 481 373 472 53 552 165 935 987 745 449 553 584 942 689 529 606 656 56 
17
28 29 38 63 67 70 99 107 111 116 139 141 145 153 168 171 192 
3 29
48 132 214 728 290 23 310 731 836 845 481 733 326 855 558 732 759 75 19 98 820 3 756 763 693 286 369 349 694 
20
0 7 14 16 22 33 42 70 75 99 108 112 120 124 134 139 147 158 173 194 
4 20
749 826 86 477 469 109 140 200 297 985 681 31 664 888 941 396 648 16 767 98 
25
22 25 47 51 53 55 63 83 100 101 109 122 139 154 155 156 163 165 182 183 186 190 191 194 195 
5 26
588 102 592 703 795 230 72 496 277 944 245 103 31 74 924 492 214 476 790 552 510 821 216 398 762 612 
20
6 13 19 36 59 66 84 101 107 132 134 136 145 152 153 154 169 171 176 179 
6 28
130 379 497 318 967 599 262 670 746 493 94 242 770 391 839 225 422 913 502 914 480 978 56 32 488 877 248 239 
26
5 10 18 19 25 29 37 42 55 58 59 70 103 105 121 125 134 137 141 142 148 180 181 183 184 198 
7 21
212 637 121 943 486 791 911 85 54 933 831 899 380 425 21 123 264 246 545 530 100 
17
3 14 66 72 92 100 102 120 135 139 141 144 146 149 172 184 193 
8 21
10 79 868 394 919 97 994 158 441 206 796 914 149 634 706 412 720 760 698 903 659 
16
9 12 14 20 35 38 61 68 69 92 95 128 150 154 156 166 
9 20
329 32 553 945 278 450 475 731 613 837 810 833 583 729 931 577 888 724 135 36 
28
1 8 11 12 19 22 45 49 58 67 73 79 85 94 102 114 120 141 142 144 146 147 149 152 156 183 187 193 
10 28
285 670 344 49 742 456 99 998 467 529 679 499 434 624 130 884 452 861 498 289 671 331 873 752 614 802 992 338 
18
6 24 53 61 85 95 103 105 129 130 134 137 144 156 158 161 164 167 
11 28
380 977 575 403 673 976 497 130 76 495 597 957 526 97 392 503 227 628 955 440 478 596 111 162 821 215 776 624 
16
9 36 62 63 85 86 88 91 109 120 132 141 147 161 163 179 
12 20
467 914 940 796 489 695 469 817 193 951 893 40 901 851 567 998 595 70 577 223 
20
8 9 14 18 24 50 72 77 86 104 112 134 137 143 154 160 176 178 186 190 
13 27
17 54 973 480 216 147 47 344 123 607 811 37 900 959 878 595 781 695 140 732 941 181 633 144 100 983 739 
24
5 30 33 36 48 70 73 80 82 90 97 107 120 125 128 131 135 138 139 165 176 178 184 190 
14 22
560 314 899 929 720 224 761 936 371 809 281 846 768 444 883 668 404 113 616 185 756 269 
30
3 7 8 12 19 21 25 42 43 44 46 58 68 75 79 96 99 116 119 128 134 144 146 162 163 165 179 181 187 199 
15 22
289 903 246 389 886 337 911 799 3 162 80 724 739 842 660 110 293 309 771 90 192 792 
19
17 27 32 54 60 66 75 84 101 110 129 130 140 150 172 188 190 192 199 
16 24
658 760 31 819 868 300 921 158 555 167 899 794 856 163 945 859 325 377 935 416 219 948 527 574 
19
3 25 41 45 56 68 77 85 89 117 121 126 131 133 136 155 172 173 179 
17 23
188 698 683 380 490 529 38 602 560 857 470 213 130 980 120 649 232 266 505 395 211 717 72 
18
15 18 29 37 50 61 62 78 102 117 125 138 148 164 166 170 185 189 
18 29
4 489 160 952 368 735 546 556 433 581 288 275 111 679 877 23 888 699 588 19 32 709 20 264 975 878 11 539 595 
24
6 12 17 23 33 34 41 45 51 67 68 79 80 94 112 113 118 152 153 169 182 186 188 199 
19 25
480 951 924 640 904 644 727 802 552 512 383 193 787 494 872 16 870 112 68 458 483 100 167 504 716 
25
5 6 9 14 27 31 43 47 50 75 76 78 80 84 97 101 122 132 134 144 151 153 158 177 183 
20 25
382 727 34 329 162 514 280 439 506 536 435 234 338 988 746 74 181 886 920 405 254 790 517 322 249 
23
0 8 32 34 52 60 63 80 83 88 91 98 106 118 121 123 139 144 169 172 189 191 196 
21 21
774 768 857 490 263 591 569 649 920 84 515 552 875 374 89 310 608 779 650 706 205 
16
14 25 29 40 47 50 58 73 77 85 103 127 155 156 170 198 
22 23
944 126 588 199 916 458 521 517 811 648 286 668 490 901 259 60 903 531 496 770 83 723 144 
15
1 3 4 9 26 46 65 69 93 98 111 144 163 193 194 
23 24
33 104 656 36 163 861 219 107 987 160 306 256 970 180 773 781 828 59 801 670 313 412 82 568 
25
18 33 37 40 41 55 69 73 74 85 88 94 108 116 119 136 138 139 147 149 153 173 177 180 194 
24 25
578 338 378 301 835 255 687 291 911 723 454 124 294 914 112 806 220 720 776 752 493 909 932 905 62 
17
10 12 36 41 42 53 71 78 94 113 140 146 161 166 176 187 189 
25 23
218 474 685 138 121 616 476 500 917 311 107 956 603 370 31 409 494 678 323 958 484 896 613 
20
4 6 14 16 21 68 82 88 93 98 99 111 120 122 136 151 178 183 190 192 
26 20
172 874 933 429 289 888 999 115 925 137 237 541 613 89 811 277 196 767 232 566 
23
1 22 32 40 43 53 62 88 100 116 119 135 138 147 150 153 158 173 177 185 191 193 196 
27 21
993 60 829 317 19 665 565 49 630 221 505 850 650 146 90 649 261 16 786 498 909 
17
15 19 34 42 61 78 80 104 107 108 111 151 154 159 181 188 192 
28 22
587 72 29 783 840 613 701 343 606 114 172 275 485 837 534 820 758 108 325 960 823 403 
13
0 2 48 75 93 111 129 131 146 158 168 173 185 
29 20
84 771 898 583 680 2 170 753 31 306 945 996 7 288 603 121 460 878 958 649 
15
2 6 17 21 54 56 63 105 108 110 117 118 139 141 198 
30 21
493 469 829 601 146 141 711 969 544 823 54 315 722 989 348 724 511 101 108 817 398 
17
13 42 56 61 73 74 77 86 104 109 116 124 134 140 154 172 183 
31 24
177 686 59 650 498 938 609 499 9 454 321 190 55 467 331 766 789 228 590 195 543 664 184 891 
24
19 33 34 62 67 79 80 82 85 100 103 104 124 127 132 135 136 144 147 152 166 168 175 199 
32 20
695 344 848 865 742 305 394 780 364 44 630 302 5 130 663 459 451 205 514 270 
18
15 20 26 34 50 75 86 96 98 110 134 142 147 159 166 179 188 194 
33 27
633 59 117 575 606 660 239 790 904 331 838 600 180 55 695 837 449 827 201 493 458 856 499 940 871 958 391 
21
3 13 18 23 31 35 43 50 60 73 87 104 112 141 143 155 176 180 185 191 195 
34 27
825 13 966 458 425 83 33 31 95 624 822 351 955 12 952 487 67 647 324 516 474 878 9 284 734 860 224 
18
18 20 27 31 32 54 95 96 97 106 108 120 138 143 150 175 186 191 
35 25
171 967 34 996 981 0 454 406 435 839 437 531 815 611 882 122 623 186 610 690 833 286 558 660 164 
22
8 33 37 53 80 88 93 98 107 115 116 119 128 134 135 136 138 153 162 163 189 193 
36 20
296 898 780 521 856 951 488 242 299 469 243 105 227 678 665 561 111 276 444 234 
19
5 11 13 24 51 65 67 99 101 103 143 144 146 152 153 157 162 179 195 
37 20
630 196 942 816 482 501 828 999 421 124 249 553 997 457 857 486 700 156 307 295 
12
6 17 23 35 65 79 98 118 119 133 166 184 
38 22
535 973 910 200 887 22 828 331 608 728 313 156 23 481 990 876 309 989 649 786 591 202 
20
2 8 48 55 66 69 82 92 110 119 135 154 156 161 165 180 189 192 198 199 
39 23
48 59 269 748 568 929 43 182 464 369 92 664 256 466 844 939 426 573 604 582 948 86 925 
10
119 129 133 138 141 143 154 158 175 195 
40 24
747 266 473 533 857 27 669 906 439 290 6 7 219 50 541 683 771 633 699 379 452 544 318 878 
16
21 23 26 49 54 55 57 74 75 104 116 128 135 145 178 196 
41 29
922 813 769 8 738 593 108 4 418 641 862 445 662 120 884 953 126 243 524 528 784 560 299 770 259 678 222 155 348 
22
16 18 23 24 50 62 78 104 113 118 124 126 130 141 144 150 157 162 174 175 183 192 
42 20
976 271 913 745 631 3 690 739 360 460 733 222 258 747 694 494 700 820 738 225 
18
3 6 14 24 27 30 45 46 48 80 105 115 127 140 154 157 179 194 
43 21
874 785 0 644 396 31 866 904 379 967 232 2 330 986 588 372 725 948 833 810 170 
23
14 19 26 33 48 50 53 64 94 97 110 111 119 127 129 152 153 158 162 168 172 189 198 
44 23
558 216 937 610 388 27 187 89 902 324 442 546 73 825 413 977 204 732 561 559 316 891 545 
16
14 68 85 90 94 106 118 135 138 143 145 162 178 180 185 197 
45 24
616 622 852 801 785 374 244 343 590 533 305 331 561 493 420 815 817 862 361 242 687 126 219 210 
18
9 16 18 42 46 49 68 84 88 98 101 103 114 154 167 174 190 192 
46 23
155 527 376 52 783 992 674 988 793 459 362 389 154 305 923 460 636 484 408 299 474 623 12 
20
14 22 42 45 54 61 63 67 75 82 90 95 98 102 118 133 134 168 178 197 
47 27
662 491 288 258 701 421 413 580 150 465 716 142 492 704 303 66 677 458 723 600 270 711 436 927 120 87 401 
17
4 19 21 55 58 91 103 111 115 117 123 127 137 159 162 166 171 
48 25
452 470 757 943 759 16 996 532 781 577 682 247 293 825 91 349 113 394 415 142 204 491 95 826 554 
18
13 28 38 42 43 56 62 90 106 124 131 136 142 154 155 157 191 198 
49 23
753 674 971 507 769 775 977 879 718 88 895 66 621 676 995 303 275 288 480 366 637 945 113 
18
9 40 45 52 64 78 82 99 102 103 118 136 138 152 158 165 178 188 
50 25
88 317 248 183 144 802 418 249 829 389 756 950 516 86 586 174 76 653 147 105 648 451 732 289 931 
13
12 17 19 21 32 33 41 43 63 121 171 176 183 
51 29
278 229 564 35 317 881 283 852 377 438 270 627 267 12 735 569 528 173 399 467 348 827 120 847 932 768 298 665 409 
16
4 18 36 53 54 66 97 105 106 112 136 144 145 180 190 198 
52 22
116 688 811 32 75 480 913 711 332 291 149 954 270 768 318 357 337 847 531 88 666 231 
20
20 49 79 81 90 96 97 101 116 119 124 133 143 148 157 162 171 182 195 199 
53 26
786 78 200 906 377 217 316 311 685 356 122 717 431 602 983 142 286 626 643 592 896 763 911 253 101 110 
21
4 10 24 26 35 43 51 56 75 91 102 113 119 127 141 156 165 173 184 189 193 
54 26
541 776 367 457 914 446 10 820 175 227 488 838 265 844 960 982 628 965 122 552 591 118 496 839 881 407 
15
15 29 34 40 46 51 59 71 89 100 133 146 161 173 199 
55 25
982 869 581 524 645 949 333 559 747 343 732 922 923 220 760 188 417 72 522 45 338 840 519 242 783 
19
0 4 6 23 38 40 47 64 67 74 77 80 93 110 126 130 158 177 192 
56 27
738 623 871 146 68 853 367 649 729 365 950 415 276 697 110 8 971 33 581 83 573 998 155 448 395 845 288 
22
16 29 30 48 53 57 60 62 64 68 75 104 119 125 130 132 150 168 169 181 189 197 
57 26
87 71 904 826 46 775 324 114 980 691 116 62 408 66 477 685 764 587 693 735 973 274 819 898 624 326 
19
40 56 58 66 83 84 86 89 99 126 128 145 146 154 157 158 178 179 193 
58 26
19 524 986 286 611 58 542 789 104 669 465 571 649 509 687 63 917 753 892 602 869 832 648 605 805 274 
25
6 9 14 21 47 57 67 69 71 76 78 99 102 108 118 128 145 146 148 149 158 169 188 193 194 
59 26
55 899 454 754 270 330 740 556 294 798 450 83 255 119 901 826 121 410 865 536 327 618 429 282 488 261 
18
5 6 54 75 86 88 91 93 103 107 124 132 133 136 145 155 177 179 
60 20
445 418 204 573 473 455 379 227 726 710 320 634 4 470 85 439 725 556 340 903 
21
15 20 33 56 62 67 76 93 94 106 109 112 113 123 146 170 176 183 189 194 197 
61 27
750 768 214 430 739 995 64 579 256 346 24 674 550 949 499 358 328 79 84 38 399 718 394 869 155 834 947 
20
8 10 17 27 30 46 80 83 124 125 137 147 158 168 171 179 182 183 194 198 
62 22
174 850 741 277 971 307 59 710 302 123 289 558 469 665 584 371 614 84 729 294 515 165 
19
0 11 17 26 31 41 48 56 60 76 80 98 106 127 130 153 178 179 186 
63 23
914 236 727 135 391 913 82 455 88 285 549 365 256 856 776 318 159 899 959 69 368 624 654 
30
2 4 11 20 29 46 50 65 66 74 76 78 79 81 84 89 111 113 114 116 122 127 131 139 160 161 164 167 181 189 
64 21
590 90 821 884 605 338 569 871 574 649 6 318 562 441 773 650 726 322 367 334 531 
18
43 49 55 56 66 69 81 90 93 105 107 122 126 140 142 154 177 192 
65 23
652 690 394 611 111 114 587 765 206 177 207 27 61 812 717 631 683 292 280 42 962 194 835 
10
22 36 37 63 78 133 144 152 157 172 
66 27
197 561 762 916 895 293 60 899 335 806 510 446 921 97 564 127 626 771 506 687 584 223 670 619 867 302 13 
20
0 5 7 15 38 51 57 63 64 75 103 111 127 137 142 157 176 183 188 193 
67 29
497 848 917 46 761 679 962 8 972 374 907 307 181 769 105 102 218 669 581 844 441 87 884 377 310 554 348 530 209 
24
2 9 18 31 36 46 55 58 60 74 83 114 115 118 126 137 148 154 160 174 178 182 189 197 
68 22
359 706 562 276 104 324 307 66 332 279 441 240 938 622 361 44 76 580 65 657 424 506 
22
8 14 16 18 25 44 45 56 79 81 82 109 116 129 131 140 144 145 149 150 193 198 
69 24
308 883 406 215 232 936 424 946 648 482 508 276 586 184 584 652 517 93 109 154 67 470 550 143 
20
8 22 23 38 58 64 73 75 90 108 109 112 148 152 162 179 180 185 187 195 
70 22
615 800 179 474 896 487 709 655 54 293 943 478 239 591 312 100 868 898 284 452 903 801 
20
1 2 3 6 13 71 78 79 87 118 124 127 132 140 150 154 169 170 191 198 
71 27
348 262 173 416 85 75 911 487 43 64 666 517 960 506 578 967 560 872 391 463 502 703 563 722 602 200 174 
19
24 54 58 70 73 74 77 80 84 90 118 122 139 159 160 170 179 193 194 
72 27
353 194 205 616 367 621 701 443 533 188 486 597 207 355 909 713 933 877 273 157 140 664 642 720 536 365 322 
11
7 12 116 125 139 142 146 155 162 187 195 
73 26
891 179 90 85 736 706 805 358 759 600 243 299 438 192 506 793 453 571 78 682 197 236 822 213 857 817 
26
9 13 21 23 30 33 69 71 84 85 96 112 113 115 119 139 140 141 142 143 149 166 180 183 195 196 
74 23
393 534 607 482 425 786 572 863 875 630 668 585 389 268 828 40 706 372 547 851 825 470 281 
21
0 23 30 40 55 63 67 71 78 81 106 108 114 126 151 157 158 164 169 171 198 
75 28
667 517 682 881 726 499 814 472 33 422 954 459 560 878 674 435 508 342 20 249 962 200 289 572 188 223 750 659 
28
3 14 15 19 28 32 40 46 53 56 59 66 69 80 103 114 118 121 123 128 136 146 158 163 165 181 186 189 
76 24
610 326 22 292 559 100 792 374 924 177 148 230 988 60 108 662 496 968 4 868 217 318 69 507 
17
19 58 60 62 63 81 88 89 105 111 126 131 141 163 164 188 199 
77 20
993 47 913 95 706 418 705 385 792 998 296 244 142 22 169 319 170 399 308 231 
17
12 16 21 30 55 71 80 105 107 119 123 128 137 147 171 179 182 
78 28
322 79 828 679 947 46 997 368 905 688 714 952 953 809 11 371 515 748 865 44 760 359 67 929 678 237 680 338 
21
17 19 24 27 41 49 58 63 65 70 74 93 112 130 135 143 154 172 176 190 198 
79 20
540 13 899 369 692 199 415 689 919 672 729 633 624 683 443 987 406 310 735 922 
19
9 14 18 31 37 52 63 68 70 80 82 83 92 167 171 187 190 195 196 
80 27
780 682 886 847 963 916 436 643 607 257 536 620 508 905 312 707 672 353 979 344 83 612 320 118 407 308 524 
27
13 18 19 20 27 31 35 42 55 61 62 71 75 77 79 89 98 110 118 127 161 168 169 170 180 182 187 
81 29
43 446 596 823 480 482 22 443 399 459 439 358 68 975 978 576 880 290 636 552 643 615 896 78 579 216 196 987 876 
21
1 52 63 64 68 74 76 83 89 97 100 101 110 121 141 144 148 150 172 181 184 
82 21
408 920 167 5 95 648 839 118 443 590 929 882 948 997 857 926 573 737 568 561 641 
18
13 25 31 38 46 49 68 79 84 99 100 122 134 157 179 180 182 194 
83 22
176 889 290 108 458 839 95 334 560 855 254 79 860 702 52 820 523 642 101 757 591 98 
21
1 4 20 57 61 67 79 81 85 89 124 135 151 152 153 167 179 180 181 183 185 
84 25
869 23 704 438 585 346 2 113 587 292 221 45 483 668 380 43 524 986 475 736 688 554 788 860 429 
19
5 15 19 45 57 63 71 73 82 109 119 131 148 152 158 161 172 182 194 
85 21
961 187 374 411 154 243 435 858 681 20 556 683 485 496 328 707 541 163 375 273 207 
20
9 10 11 16 21 23 31 44 73 83 91 120 142 143 146 157 166 169 184 195 
86 21
612 34 988 652 940 776 513 722 559 826 261 933 238 415 529 25 625 562 397 534 598 
19
11 12 30 32 57 59 87 98 111 114 122 123 129 132 158 159 164 176 181 
87 22
30 926 589 923 89 317 197 648 568 809 34 908 461 975 37 326 697 596 505 958 882 95 
13
0 33 70 86 107 109 121 146 155 168 177 182 183 
88 25
411 120 350 325 517 236 923 399 266 849 341 542 291 10 739 930 900 678 839 713 653 228 392 702 176 
26
11 20 23 25 26 35 45 59 76 99 116 129 133 138 139 143 145 153 156 158 159 164 168 185 190 197 
89 27
12 58 344 737 821 464 439 147 333 28 70 732 646 272 425 188 915 435 279 558 366 179 236 557 245 241 785 
20
16 54 57 63 76 80 81 83 91 100 105 108 109 120 124 138 144 163 183 195 
90 27
295 961 886 307 372 582 396 545 46 188 44 379 568 115 463 214 739 889 755 6 676 34 916 394 566 153 951 
18
13 44 46 48 52 64 69 71 92 99 100 122 123 135 163 167 169 185 
91 21
746 88 800 394 402 38 53 774 620 802 671 18 342 716 749 910 183 212 476 922 453 
13
11 20 47 53 59 85 89 100 129 172 178 181 190 
92 21
280 130 266 196 876 184 701 828 995 800 268 147 194 670 537 247 796 509 49 468 527 
20
7 8 38 79 90 95 96 113 117 126 147 152 153 159 164 171 172 179 180 189 
93 21
536 276 301 719 840 778 993 294 361 273 776 627 821 652 163 523 832 510 323 101 657 
18
22 25 28 35 55 59 60 64 78 94 97 107 109 111 132 135 180 191 
94 29
123 546 116 272 55 518 92 934 909 628 562 563 347 403 693 340 49 54 965 825 34 786 829 197 661 662 708 336 115 
19
0 9 18 23 24 43 44 60 93 103 129 146 153 156 157 165 179 180 186 
95 27
205 590 616 674 214 671 192 306 958 453 286 520 368 633 275 413 325 324 820 642 501 206 781 331 403 442 345 
14
8 10 34 46 92 96 111 134 146 151 152 172 181 182 
96 23
131 812 533 336 754 149 362 969 172 906 275 130 712 914 651 432 547 926 846 225 603 666 219 
21
14 32 34 52 73 92 95 97 100 104 106 110 115 139 148 178 184 188 190 198 199 
97 24
872 0 787 627 795 132 443 926 944 976 614 699 477 977 20 649 235 647 780 947 561 783 380 461 
20
0 13 19 34 43 51 52 81 93 96 98 99 105 112 114 119 127 179 187 191 
98 21
578 686 664 596 257 121 468 258 908 447 405 41 242 331 337 218 945 388 47 274 408 
20
20 22 25 32 35 37 45 46 62 80 86 97 102 117 131 139 146 173 177 183 
99 27
862 56 477 809 617 612 541 78 673 119 116 690 67 726 811 887 336 719 335 741 112 577 72 450 148 369 190 
18
2 3 14 25 36 49 57 58 82 88 90 97 122 132 155 179 195 198 
100 25
996 951 244 858 7 73 19 976 685 913 407 711 384 875 401 452 601 212 339 937 283 674 30 396 604 
22
4 7 26 31 54 81 82 89 90 91 96 104 109 113 128 155 165 170 177 188 192 198 
101 22
198 104 824 388 299 172 339 544 30 698 617 401 27 655 314 786 366 699 13 767 151 615 
24
4 5 15 19 36 45 52 81 103 106 120 122 123 125 128 130 132 151 157 170 171 175 188 196 
102 21
490 904 614 517 935 362 121 389 560 225 565 949 876 737 640 772 119 339 742 521 718 
19
7 9 17 46 49 53 58 98 106 132 134 143 154 162 164 174 177 192 198 
103 27
835 504 115 534 517 234 37 484 565 528 741 531 45 28 894 518 769 806 95 335 755 323 424 748 448 896 439 
24
6 10 21 31 36 45 47 49 59 66 75 94 101 106 122 126 129 134 135 140 166 186 193 195 
104 20
417 157 939 604 13 406 491 530 640 528 367 557 408 108 88 805 488 334 323 257 
20
12 27 30 31 33 40 41 56 96 100 109 122 126 138 144 161 164 165 174 181 
105 21
770 944 248 446 721 996 894 617 435 84 34 592 375 990 957 781 481 488 773 362 207 
21
1 6 10 29 42 51 64 76 77 89 97 112 116 120 124 129 152 161 178 183 196 
106 20
770 315 418 928 155 753 603 412 246 374 709 494 820 430 491 714 47 278 150 433 
21
20 34 44 48 51 60 62 74 96 101 102 103 114 115 116 128 130 151 163 173 188 
107 23
877 423 180 10 257 20 783 619 227 113 741 894 883 669 49 988 273 462 234 647 171 729 819 
17
2 5 13 27 35 59 64 77 87 93 111 139 149 153 176 181 192 
108 23
572 885 0 202 387 433 425 264 208 958 274 465 978 409 436 206 522 178 100 405 199 502 394 
24
3 23 27 29 34 58 69 74 89 109 124 125 130 143 148 151 162 166 175 181 183 186 189 193 
109 22
964 980 471 487 709 290 440 633 527 792 836 914 577 613 530 137 571 156 955 902 565 391 
19
1 4 11 30 60 68 69 84 87 89 93 100 104 108 122 132 145 168 171 
110 20
87 921 912 845 121 414 591 593 730 571 417 217 633 59 9 266 587 153 454 853 
16
15 29 32 38 43 55 80 81 96 122 131 152 165 168 172 194 
111 22
420 384 220 343 540 175 597 106 566 57 545 840 970 390 961 333 906 115 905 675 684 538 
21
0 1 2 22 25 27 28 43 47 63 66 76 86 93 95 107 139 161 171 188 192 
112 25
46 156 322 199 963 175 282 735 911 502 430 452 29 28 558 947 85 455 787 55 198 100 792 531 359 
23
1 3 12 18 33 51 60 69 73 78 97 105 124 128 144 153 156 157 161 179 189 190 192 
113 27
788 34 943 678 769 989 187 443 541 150 971 823 237 882 677 667 686 58 695 596 5 781 52 145 188 250 245 
17
18 24 41 53 60 63 73 92 100 114 119 120 132 133 135 177 184 
114 22
133 956 591 922 991 535 600 112 876 787 908 417 289 231 592 526 465 621 546 152 679 241 
17
9 45 63 67 74 75 86 97 106 113 121 124 167 177 180 181 194 
115 28
37 374 800 182 915 402 779 247 536 736 839 458 79 726 410 543 602 198 451 372 682 964 718 148 938 264 652 617 
12
0 35 42 47 67 73 96 106 122 127 165 198 
116 27
400 654 584 201 188 499 955 968 98 491 56 289 301 135 15 712 678 970 262 482 342 101 516 306 819 16 244 
22
2 14 23 26 30 35 40 52 63 68 72 88 105 106 121 130 131 147 150 185 193 199 
117 25
668 214 293 69 220 877 622 409 728 577 729 826 137 116 370 272 483 434 302 453 696 136 795 798 653 
16
16 17 29 47 92 98 121 132 133 135 136 146 164 180 197 198 
118 24
969 21 698 405 690 264 50 111 485 927 733 246 7 662 327 185 83 464 301 806 736 137 240 390 
26
18 20 29 37 41 44 46 49 58 67 70 71 75 80 126 135 142 148 161 169 171 181 183 186 194 199 
119 20
937 527 738 87 532 192 56 553 890 813 595 507 863 706 992 142 791 590 149 454 
24
14 23 26 35 37 38 39 43 52 53 56 73 77 84 97 113 122 137 161 168 175 185 186 193 
120 27
687 889 381 340 695 469 477 936 211 420 225 90 158 312 622 350 720 528 592 534 475 99 397 182 443 892 325 
17
3 7 9 11 13 25 34 85 89 101 105 113 134 143 178 179 191 
121 23
393 131 302 80 21 683 421 716 504 898 4 670 229 158 828 541 133 178 262 13 771 148 488 
20
6 16 20 50 75 81 87 114 116 117 133 138 161 172 174 175 176 180 190 191 
122 22
897 22 666 789 348 51 535 831 354 615 852 389 388 921 894 639 925 962 309 155 120 138 
22
1 4 19 25 63 64 71 82 86 90 99 101 103 104 109 110 115 119 156 162 171 194 
123 28
605 316 662 618 439 810 107 708 129 680 849 829 731 384 661 85 352 513 475 740 786 721 379 712 35 41 219 507 
14
20 47 60 75 77 86 90 101 124 144 159 167 174 190 
124 29
619 113 847 282 731 639 444 838 653 152 320 333 354 149 64 738 810 502 90 676 329 183 462 402 914 526 437 955 745 
19
3 30 31 41 48 52 59 61 70 83 89 105 108 112 114 123 157 159 160 
125 24
486 365 57 686 999 141 325 443 979 978 948 651 663 302 801 79 392 963 581 835 639 262 18 454 
15
6 13 17 56 61 72 101 108 142 145 148 177 181 183 186 
126 24
932 980 101 240 78 398 795 807 764 794 948 441 589 280 771 889 931 434 191 732 866 936 48 447 
16
16 41 55 57 64 67 74 76 92 103 104 118 160 163 164 197 
127 21
39 710 789 493 726 73 826 828 665 256 226 744 51 385 860 197 334 302 138 614 425 
16
21 31 42 43 47 53 62 63 66 70 80 97 115 143 146 164 
128 28
545 212 571 630 78 507 678 525 278 69 587 419 563 314 493 741 494 510 997 72 606 400 457 467 597 143 121 735 
19
0 8 13 14 35 40 57 58 75 77 100 101 106 112 129 132 146 152 184 
129 27
898 763 655 110 335 637 188 194 667 66 473 736 5 892 651 671 737 392 517 600 741 589 206 141 399 25 90 
25
10 15 28 39 43 68 86 88 91 94 103 105 128 135 145 147 157 158 164 166 168 170 176 178 186 
130 22
498 826 652 397 941 307 859 628 296 48 823 963 466 648 699 471 540 703 495 630 95 12 
18
10 15 41 55 56 62 78 101 106 108 116 134 139 143 159 160 169 170 
131 20
189 954 788 330 353 814 421 247 664 599 899 61 892 558 921 521 206 321 696 169 
23
1 13 16 28 48 63 68 76 84 98 110 116 132 134 154 160 162 163 175 176 177 189 199 
132 27
344 221 610 236 924 105 866 371 470 448 560 424 237 243 129 403 16 728 67 615 980 481 507 538 402 380 745 
25
5 11 19 31 56 59 70 86 93 99 101 102 109 113 117 128 131 134 135 142 146 149 163 183 188 
133 25
76 266 862 420 839 824 9 763 282 875 487 752 676 399 528 913 642 668 658 737 735 273 717 216 133 
19
16 37 39 46 52 54 59 65 88 113 117 121 152 153 174 175 181 188 192 
134 28
970 513 705 45 942 323 259 714 163 84 723 278 718 951 765 822 627 165 702 892 159 711 560 818 800 647 443 870 
27
3 5 6 10 12 14 19 30 32 35 46 82 95 102 103 120 130 131 132 156 166 167 171 172 185 191 192 
135 24
928 478 834 794 535 232 736 858 491 450 21 927 174 652 645 477 417 819 104 934 521 996 446 908 
25
7 13 26 31 35 38 40 44 78 83 90 93 103 113 117 118 129 132 143 168 175 185 186 189 193 
136 24
385 555 59 255 771 340 85 958 134 620 190 870 478 33 672 852 961 846 504 323 273 778 779 208 
18
5 16 23 25 31 35 48 49 51 59 75 117 142 164 165 167 182 193 
137 29
127 654 884 35 270 621 943 681 876 714 21 961 672 155 581 214 377 411 248 50 263 561 767 519 924 393 649 703 953 
15
0 6 10 12 47 61 66 67 77 119 143 144 152 164 198 
138 21
831 607 537 218 229 158 161 262 34 876 284 347 900 791 928 115 169 691 363 219 955 
19
13 17 23 26 34 35 39 44 49 88 89 104 121 142 143 164 171 184 189 
139 24
467 74 795 391 445 95 420 746 278 379 635 496 960 793 10 223 179 886 859 526 138 650 806 253 
23
2 3 4 7 13 20 23 29 63 71 72 73 88 96 98 107 111 130 142 160 171 183 186 
140 29
497 616 38 804 892 858 231 688 249 698 485 696 471 583 326 202 218 175 163 11 185 738 190 423 597 68 561 247 874 
16
0 15 24 30 42 64 68 70 73 103 154 173 183 187 190 196 
141 25
419 723 783 809 880 28 667 111 716 269 553 317 632 136 644 835 354 819 350 717 4 440 259 779 37 
21
2 6 7 9 11 29 33 39 41 53 73 76 81 148 151 158 164 171 180 190 199 
142 27
340 636 553 507 407 628 291 217 508 671 236 619 739 857 781 292 175 765 428 819 952 134 990 654 851 346 94 
23
6 9 32 48 64 66 72 73 85 118 125 132 136 138 139 145 152 159 160 167 185 192 196 
143 22
125 483 141 465 472 46 325 879 674 968 448 535 639 37 506 378 894 670 69 405 450 240 
27
12 33 34 36 39 44 52 73 78 85 88 102 108 120 127 130 135 137 138 147 151 156 157 174 175 187 196 
144 27
584 582 12 787 928 458 601 405 942 742 871 414 140 548 645 814 516 446 701 155 483 208 885 377 847 555 799 
26
7 9 10 14 19 20 22 31 36 41 51 65 68 81 89 104 112 123 137 151 155 165 173 182 184 186 
145 24
357 39 314 293 622 678 432 902 136 33 308 430 127 531 196 267 79 842 433 595 640 135 102 123 
19
0 2 5 40 44 51 57 58 59 68 88 109 125 129 142 151 159 188 197 
146 25
987 500 894 299 499 251 691 165 896 665 843 328 919 979 713 227 410 840 110 606 107 541 800 892 488 
26
7 9 14 24 28 36 54 57 58 60 72 75 85 87 94 95 98 117 127 128 132 148 151 154 180 195 
147 20
27 590 563 74 577 416 969 823 67 820 426 110 985 322 775 828 650 695 159 363 
17
3 9 11 23 26 31 32 61 77 92 116 129 143 154 159 170 194 
148 24
921 555 737 528 662 278 680 907 767 121 934 357 36 361 287 804 330 110 224 502 537 334 839 211 
16
6 17 52 58 67 69 81 84 96 108 118 125 141 146 165 195 
149 22
667 862 509 178 577 783 100 133 520 980 147 151 660 54 918 341 275 522 702 914 326 384 
14
7 9 23 58 68 73 107 132 150 162 167 180 181 195 
150 27
902 238 266 237 77 477 51 744 691 560 922 269 695 374 402 568 354 549 719 15 956 637 500 297 264 22 351 
19
8 15 26 34 41 56 68 70 81 116 149 158 160 163 167 180 188 191 197 
151 21
701 735 908 603 973 526 192 50 3 243 146 695 803 420 316 851 795 718 419 501 619 
18
19 25 27 74 83 95 101 106 108 141 143 144 145 146 166 173 185 188 
152 28
516 575 127 17 224 391 274 92 662 182 48 987 60 240 389 416 836 535 463 991 308 779 842 455 849 261 956 468 
26
5 9 18 31 36 43 49 65 69 83 84 92 95 105 110 128 133 137 142 156 163 166 170 175 188 199 
153 21
825 396 878 842 972 622 585 548 896 678 562 431 726 550 491 318 939 907 154 475 370 
23
0 2 5 18 19 23 26 35 36 43 62 83 88 92 94 107 112 133 157 165 173 185 188 
154 26
135 149 988 590 350 602 898 819 353 723 567 232 917 539 854 503 439 750 533 2 181 259 552 25 929 491 
26
4 5 8 12 27 30 38 39 42 45 48 57 64 67 70 78 102 131 140 146 147 155 173 187 192 194 
155 22
84 318 655 582 805 156 922 395 507 524 646 678 878 369 245 110 639 784 316 142 576 418 
18
4 16 21 33 48 59 72 87 99 100 144 154 164 169 171 175 186 196 
156 25
578 952 286 130 977 215 973 261 651 644 916 233 449 425 156 197 932 680 843 610 910 212 207 372 851 
19
0 4 8 9 10 21 38 53 88 94 112 122 134 143 152 164 183 190 196 
157 23
688 345 919 459 372 497 411 658 979 740 226 953 1 877 597 270 463 398 695 619 595 651 438 
19
36 41 42 48 52 57 65 66 74 82 85 94 101 112 124 129 143 153 176 
158 21
914 3 148 286 206 843 327 552 763 786 924 612 197 935 592 937 161 897 290 390 846 
26
3 10 19 26 28 39 43 49 55 57 58 61 74 75 84 86 88 129 141 150 166 170 172 173 181 190 
159 20
853 244 607 824 840 938 828 630 879 742 633 379 28 192 575 355 96 338 493 372 
18
27 32 47 71 86 88 92 123 124 130 142 145 147 166 176 177 189 197 
160 22
690 307 246 979 820 143 270 211 341 182 416 586 142 241 778 80 69 408 312 163 394 43 
14
12 63 67 71 124 126 130 131 139 142 150 163 180 191 
161 21
938 618 899 34 308 392 406 963 435 714 209 414 886 705 36 97 46 219 866 984 361 
17
10 11 24 38 54 63 80 84 104 105 111 112 118 119 121 182 192 
162 27
114 793 528 875 457 691 621 501 234 559 471 133 593 132 878 999 95 313 65 656 79 952 361 116 401 760 687 
19
14 35 36 41 43 44 47 52 69 72 102 108 122 131 149 163 166 184 196 
163 27
744 400 726 211 545 254 86 3 297 707 856 532 266 327 665 459 895 210 906 560 628 563 640 932 924 108 333 
22
4 11 14 22 35 75 76 89 90 106 126 131 132 150 152 160 162 168 173 181 188 192 
164 26
147 953 133 547 31 344 92 286 430 447 583 489 303 467 107 631 485 318 442 380 880 701 941 508 264 933 
24
10 17 63 74 76 86 88 92 102 104 117 126 127 129 136 137 138 141 155 156 167 172 178 195 
165 20
540 393 126 577 431 710 87 462 406 531 100 188 979 36 677 282 503 136 265 988 
20
4 13 14 38 49 53 75 94 100 104 110 115 136 144 148 153 178 183 184 198 
166 26
60 721 686 761 662 547 377 947 339 269 340 817 846 880 600 908 319 415 666 202 515 854 533 903 883 168 
25
0 1 8 17 24 31 32 37 47 73 85 103 108 129 134 151 152 158 159 162 173 174 175 185 189 
167 29
19 785 99 177 845 820 216 958 834 763 335 781 454 605 473 624 803 705 224 64 24 639 730 579 507 937 112 762 632 
20
0 10 45 63 79 83 90 114 123 134 136 142 149 150 164 169 173 179 189 196 
168 21
192 418 621 369 263 793 585 574 628 700 261 761 507 866 235 131 22 940 707 438 317 
17
2 28 31 43 46 56 61 80 87 88 109 110 119 129 135 163 175 
169 29
520 248 206 457 360 320 278 345 194 822 763 167 191 378 960 129 952 588 829 214 702 336 432 937 819 806 229 527 596 
18
5 18 20 56 58 70 74 80 85 90 118 130 155 167 177 188 194 195 
170 26
226 117 146 784 926 859 104 204 650 26 967 817 570 697 778 699 718 880 216 420 569 0 709 388 159 939 
16
17 21 60 70 71 80 100 101 129 130 147 152 158 189 190 195 
171 27
755 837 493 224 984 277 151 195 734 355 399 736 718 554 656 415 684 707 417 754 587 985 527 508 986 236 897 
23
2 5 47 50 52 61 74 77 79 92 101 109 111 118 122 134 138 139 141 155 181 193 195 
172 27
527 164 252 717 10 477 53 639 628 248 725 335 647 462 421 365 16 429 132 52 136 550 158 76 535 685 584 
21
7 15 16 20 30 43 65 78 81 84 91 92 95 110 121 134 158 164 173 179 195 
173 23
274 833 370 153 350 623 870 360 452 275 999 432 523 725 119 522 187 541 239 555 322 372 959 
22
3 16 23 26 28 53 54 98 106 140 144 151 153 154 158 163 166 167 172 183 185 193 
174 29
922 117 535 809 803 471 683 429 305 53 582 655 28 453 367 832 728 718 264 604 443 384 126 982 277 366 889 599 90 
12
41 45 67 102 104 121 123 133 143 166 181 188 
175 28
410 364 318 297 173 473 769 208 902 426 614 484 433 994 937 800 827 18 518 91 622 314 100 648 104 818 538 56 
18
31 34 39 41 101 108 119 121 131 133 135 143 152 155 166 168 180 190 
176 28
738 818 272 56 116 798 529 237 6 783 663 972 268 96 967 557 248 794 575 118 549 432 65 2 81 521 820 971 
19
5 12 13 24 33 50 60 66 78 86 107 121 129 131 157 159 178 182 187 
177 29
729 61 748 353 470 864 151 351 101 510 135 116 482 403 564 801 960 812 595 888 930 185 789 715 250 791 148 123 612 
20
1 19 23 26 55 59 64 87 98 100 102 113 114 125 131 159 169 179 180 192 
178 21
53 693 532 801 46 354 17 550 706 470 412 841 586 246 596 150 48 908 314 995 148 
20
12 13 25 40 44 46 49 57 62 67 91 96 105 120 129 164 165 176 180 188 
179 26
180 938 311 782 81 811 906 45 282 90 167 112 489 521 481 39 227 951 803 420 537 49 16 687 449 277 
26
5 11 14 16 32 36 42 57 59 61 62 69 71 77 82 83 92 94 97 99 112 120 167 172 177 187 
180 23
445 425 949 977 715 613 760 149 424 666 546 59 329 637 226 441 126 747 922 517 327 873 320 
26
6 23 33 38 44 51 69 73 80 82 83 92 93 94 114 117 121 141 146 149 150 160 175 177 178 186 
181 29
762 721 468 801 171 745 154 968 522 455 945 238 68 57 739 845 75 285 904 404 922 130 400 229 119 269 908 344 941 
25
6 14 27 56 63 75 81 83 86 91 95 104 107 108 114 118 125 133 149 158 163 171 174 182 198 
182 28
106 663 476 259 186 573 413 506 95 869 451 685 937 509 424 782 584 710 38 989 984 520 737 102 658 6 10 2 
18
4 18 52 61 67 77 80 82 84 87 95 136 144 161 176 181 186 199 
183 28
370 461 611 198 720 149 771 486 655 867 707 458 904 996 319 329 779 256 391 169 245 375 690 783 112 792 441 119 
28
1 4 6 9 19 25 30 41 50 60 61 66 73 83 87 89 98 105 108 118 125 132 139 140 156 165 173 192 
184 24
796 419 525 609 382 723 681 531 847 167 538 66 874 996 970 871 668 299 2 924 42 171 521 418 
18
6 7 13 37 53 81 85 96 113 128 138 144 162 165 187 193 195 198 
185 23
304 882 5 98 353 512 246 124 37 855 506 112 536 311 56 927 377 930 924 348 153 944 999 
18
17 26 28 33 44 69 83 88 90 116 119 134 135 142 151 153 166 173 
186 25
868 42 679 389 812 892 693 46 250 143 752 114 876 151 596 383 615 133 772 279 541 700 656 471 976 
20
4 12 18 34 62 75 94 103 108 118 119 125 129 135 139 144 155 180 182 197 
187 26
977 920 708 132 788 102 163 177 914 408 222 312 10 718 64 124 107 293 627 56 676 594 541 448 873 82 
14
9 14 24 69 72 79 80 97 140 143 154 176 179 184 
188 20
882 905 476 590 748 298 367 536 400 530 65 666 290 640 979 300 358 395 776 817 
24
15 18 27 32 49 58 66 76 96 100 101 106 111 132 133 145 150 151 152 153 163 169 174 178 
189 28
403 873 716 998 414 517 223 848 17 105 754 846 696 636 594 346 3 483 99 886 900 765 176 892 96 829 602 844 
23
1 17 20 24 35 38 43 53 56 60 63 67 75 92 108 112 131 135 138 159 166 167 170 
190 25
420 884 361 645 601 359 412 118 934 260 487 40 14 333 88 651 280 786 6 763 885 892 15 421 908 
22
4 12 13 15 25 45 51 78 79 88 91 96 112 121 123 140 141 156 158 170 175 198 
191 29
250 510 295 207 282 180 568 280 781 279 692 251 214 952 738 606 319 72 46 322 352 832 328 467 718 573 834 721 994 
15
4 20 26 33 34 48 70 93 97 120 121 134 150 160 199 
192 22
172 596 605 468 155 887 648 724 519 781 355 211 32 921 516 770 879 835 194 925 157 898 
22
2 15 25 27 38 41 45 55 64 100 102 107 111 112 133 134 142 154 161 163 177 183 
193 20
837 717 828 410 552 901 756 646 73 352 251 541 508 491 584 10 322 291 222 354 
20
7 9 22 26 35 53 57 58 66 68 71 103 108 116 119 135 136 171 173 184 
194 23
90 477 444 277 671 370 434 922 480 623 639 660 34 191 561 790 838 986 495 89 528 355 932 
19
3 4 22 23 32 42 58 60 61 71 82 84 110 114 118 122 147 154 169 
195 29
291 943 744 582 517 98 147 607 575 592 884 599 314 670 521 146 645 160 806 679 704 719 822 542 705 669 983 585 24 
23
4 33 36 39 52 69 72 73 79 85 89 99 103 146 148 149 164 169 170 171 172 184 196 
196 26
655 667 211 751 249 80 849 749 687 777 341 923 376 945 801 590 761 959 622 465 678 796 7 383 817 343 
15
20 26 40 73 79 101 105 140 142 143 155 156 162 167 195 
197 29
193 259 976 860 822 727 109 902 928 210 941 705 551 216 433 558 513 34 711 455 796 22 429 261 700 225 621 436 394 
12
44 46 56 60 67 88 117 126 145 150 159 186 
198 24
757 587 575 85 447 397 812 909 651 92 119 592 150 23 160 935 581 673 970 645 128 766 667 558 
24
0 6 21 29 38 43 48 51 61 68 70 74 78 96 99 100 102 115 117 137 165 181 184 190 
199 29
720 135 0 156 530 964 913 117 539 350 565 288 514 826 939 606 945 883 756 968 43 44 902 68 14 547 197 132 566 
16
14 15 18 31 38 52 54 76 96 116 118 131 141 152 182 191 
