200 1000
0 22
161 690 673 653 380 712 150 687 459 848 852 331 71 272 325 667 169 749 560 494 118 460 
22
3 13 37 40 42 49 53 67 97 111 124 130 141 161 174 175 178 182 187 190 192 199 
1 22
316 55 557 171 120 44 561 785 205 603 458 211 336 522 713 23 981 228 312 984 500 638 
13
6 7 13 103 122 123 129 142 144 149 156 180 188 
2 21
669 739 212 515 857 24 107 173 431 17 696 904 413 257 689 618 213 499 181 549 22 
15
10 27 39 43 44 52 66 91 118 136 145 147 148 184 198 
3 26
924 3 159 152 668 143 4 658 795 25 397 359 541 255 735 0 780 167 369 477 423 782 86 464 753 299 
23
0 4 17 22 28 31 39 57 64 86 95 109 115 124 130 140 141 160 162 176 178 183 184 
4 23
286 848 337 533 773 341 692 277 361 836 282 19 983 307 416 342 200 23 77 553 804 596 922 
28
3 9 11 23 35 37 59 84 86 95 97 107 108 115 131 132 133 139 149 153 155 158 159 162 165 168 177 180 
5 23
19 57 71 483 810 371 799 96 571 136 629 696 829 674 974 542 510 608 561 493 915 330 187 
14
11 28 62 75 77 120 121 137 147 163 165 166 180 193 
6 28
353 616 21 509 565 295 494 936 352 566 772 162 937 571 611 508 59 592 205 241 266 531 783 128 139 697 621 406 
27
1 19 34 44 49 61 64 84 94 104 107 109 111 116 122 123 125 126 132 151 153 156 178 181 184 189 195 
7 27
160 874 732 777 247 242 694 543 736 630 895 654 402 410 591 973 21 452 385 965 9 626 232 892 761 712 31 
17
1 16 18 59 69 81 93 115 123 129 151 152 154 158 178 180 197 
8 28
686 437 485 846 664 570 975 911 164 669 454 900 300 350 907 54 760 850 28 133 302 765 98 663 391 682 555 504 
17
24 45 54 73 90 94 95 98 104 105 113 114 126 158 175 182 189 
9 25
586 963 81 376 800 279 40 370 255 951 534 276 406 787 928 108 694 983 220 544 363 353 199 128 803 
21
4 18 23 39 55 62 78 87 91 97 107 110 133 134 152 161 163 170 173 188 198 
10 22
871 838 770 375 585 708 338 18 84 139 297 124 861 904 428 396 181 186 535 109 294 229 
18
2 20 36 37 39 49 68 76 85 89 95 122 123 129 135 143 169 175 
11 22
866 125 807 571 324 935 374 539 806 564 309 534 149 17 872 167 454 363 465 578 577 721 
21
4 5 15 18 25 29 57 60 81 89 98 101 108 116 142 146 150 156 162 168 179 
12 28
973 902 544 508 364 190 89 808 408 214 616 979 539 551 706 430 710 270 739 244 420 108 468 939 562 184 756 493 
23
27 48 57 61 76 79 80 96 99 107 111 127 130 146 151 160 164 179 182 183 193 194 196 
13 21
478 851 86 732 748 946 96 290 35 905 699 249 521 678 140 424 384 570 486 7 661 
17
0 1 16 37 38 41 45 54 67 90 94 104 110 111 141 190 191 
14 22
427 770 551 718 332 87 827 825 848 305 29 934 37 777 880 486 419 267 391 118 868 264 
25
16 22 34 37 39 46 51 54 56 75 77 78 79 80 84 95 96 100 107 125 131 133 142 154 165 
15 29
9 40 885 931 527 892 945 609 671 715 512 390 399 599 217 577 447 874 606 733 263 735 965 749 154 584 492 625 453 
18
11 21 22 32 39 54 60 63 96 103 122 126 142 143 155 158 163 196 
16 26
126 814 797 11 97 676 904 42 285 575 109 798 965 509 397 534 86 197 408 692 282 672 779 600 773 184 
23
7 13 14 19 20 38 42 43 60 62 63 80 91 94 103 109 112 126 129 140 143 144 199 
17 26
910 989 22 36 803 171 48 901 847 304 943 485 879 53 635 845 914 384 731 0 933 492 44 568 516 175 
27
3 19 27 29 38 45 53 65 66 71 82 88 95 100 106 110 116 119 124 143 144 156 158 171 172 174 190 
18 28
289 460 704 555 371 694 930 759 849 453 159 750 653 463 46 138 343 451 125 540 365 509 623 717 443 115 113 11 
12
7 9 11 38 54 55 107 129 140 176 181 187 
19 21
288 531 921 748 587 828 471 633 758 231 483 564 742 585 217 206 631 707 901 434 832 
26
6 16 17 31 33 41 45 52 71 82 83 99 104 109 118 125 142 144 153 163 168 171 174 186 192 199 
20 23
151 693 416 868 136 532 981 499 515 269 382 436 370 970 617 841 603 375 424 438 291 167 24 
16
10 16 25 28 41 42 70 73 108 128 144 159 173 176 190 199 
21 20
725 7 567 626 794 751 419 945 445 187 814 933 719 147 785 587 417 167 23 139 
13
15 50 63 78 79 92 97 105 110 132 137 193 197 
22 29
640 980 93 368 405 531 11 572 907 872 649 267 439 275 61 543 46 6 340 585 820 273 657 968 410 244 737 578 876 
24
3 14 15 35 38 63 66 70 71 83 86 95 97 108 123 131 134 137 147 154 160 165 168 178 
23 27
260 208 512 980 613 396 991 537 303 863 186 922 655 813 983 198 211 990 890 797 162 163 454 130 926 50 219 
21
4 9 25 34 39 42 58 60 69 74 75 84 104 115 122 124 148 185 186 189 198 
24 26
669 447 923 929 656 788 261 269 184 605 159 839 820 697 762 475 511 745 25 74 87 915 223 250 431 29 
19
8 35 36 40 54 57 60 67 93 95 128 145 151 161 175 180 182 190 198 
25 22
357 79 952 213 749 751 488 30 407 628 292 29 812 249 540 4 69 237 766 545 100 863 
25
11 20 23 31 37 43 45 50 51 61 62 68 71 110 111 117 129 139 141 146 166 167 170 174 181 
26 22
175 303 190 398 553 973 780 285 330 859 589 895 608 693 735 991 100 364 635 481 528 884 
14
46 51 63 81 87 88 99 100 106 119 125 129 169 180 
27 21
532 953 611 650 850 711 866 125 886 169 315 637 722 288 417 359 970 628 301 217 589 
20
2 12 17 33 49 51 61 66 72 73 74 91 148 152 153 165 169 180 186 190 
28 24
952 580 446 668 215 928 549 451 301 81 404 912 84 607 624 950 732 862 119 47 851 193 687 620 
18
3 5 20 32 46 58 66 67 68 69 99 139 152 154 157 187 189 196 
29 22
657 601 205 874 190 199 178 122 998 689 278 748 140 579 181 544 844 265 503 820 215 235 
20
11 17 47 49 63 69 92 103 113 116 126 132 148 152 153 155 167 174 191 199 
30 24
686 282 238 879 969 858 784 978 811 989 204 1 541 383 123 539 934 812 817 682 304 748 863 849 
5
79 114 149 155 192 
31 22
481 352 764 696 940 799 735 574 37 614 896 247 398 874 59 740 79 60 281 814 536 820 
24
3 19 25 33 43 70 82 95 115 117 120 128 129 131 137 141 148 152 181 186 187 191 193 198 
32 28
700 989 782 5 737 645 206 682 478 910 446 527 850 597 262 777 634 228 673 234 979 547 293 719 626 705 0 792 
16
15 28 40 41 53 76 77 86 88 97 136 141 145 155 169 175 
33 23
172 540 294 513 322 651 250 320 209 284 798 471 83 325 680 939 99 667 168 124 901 147 671 
16
19 27 31 62 82 92 116 117 129 130 154 169 172 177 179 193 
34 24
866 650 251 218 442 845 742 335 491 255 9 494 857 329 703 480 174 577 157 848 257 97 299 276 
17
6 14 23 64 65 72 86 93 96 116 118 136 163 165 167 177 189 
35 27
423 177 764 447 723 982 97 975 552 891 172 294 226 15 901 236 509 110 917 564 604 397 738 181 555 939 791 
27
4 22 24 38 45 58 72 75 78 85 95 100 104 122 123 126 129 136 139 156 167 170 175 181 192 195 196 
36 24
238 67 621 14 597 737 461 320 719 558 647 271 449 171 917 28 186 170 264 695 280 181 259 885 
15
10 24 46 49 61 80 88 92 109 115 123 180 182 191 196 
37 21
350 418 838 641 209 842 879 629 815 245 226 552 706 898 271 616 546 894 717 811 446 
19
0 4 10 13 14 25 55 65 67 77 85 95 98 116 119 129 146 151 171 
38 26
981 62 951 613 243 563 498 526 265 269 364 906 478 206 137 459 373 383 685 925 441 584 548 58 482 442 
22
13 16 17 18 22 35 45 72 87 92 93 115 116 119 136 142 147 150 156 159 176 180 
39 26
551 605 922 807 938 336 111 552 579 26 402 106 643 671 822 549 502 381 38 961 754 773 999 680 215 935 
20
2 3 9 10 14 15 23 43 47 53 68 86 94 106 119 133 139 152 160 199 
40 20
273 769 23 101 320 980 375 480 919 711 591 471 642 969 225 100 612 897 923 513 
17
0 24 32 41 47 50 62 63 82 89 111 118 122 134 139 141 172 
41 21
304 551 64 410 325 63 442 892 350 23 165 119 46 618 792 26 993 272 297 56 863 
23
13 19 20 32 40 42 43 53 55 80 94 100 102 120 124 128 138 146 155 175 187 188 193 
42 28
698 832 346 799 444 243 722 957 378 860 410 788 537 474 231 429 176 606 946 296 4 564 88 382 909 360 680 965 
22
0 16 20 23 41 53 56 60 62 65 73 94 119 121 135 153 161 166 171 183 198 199 
43 25
800 664 759 146 815 555 741 889 864 87 267 724 498 407 262 324 990 691 500 596 148 600 554 236 983 
16
2 16 25 31 39 41 70 73 91 92 103 114 149 164 179 197 
44 26
948 663 781 875 815 797 986 962 964 541 703 853 405 143 472 130 641 880 744 965 222 787 817 819 777 966 
16
2 6 47 59 61 71 72 105 106 112 119 128 140 157 158 167 
45 21
684 554 106 500 855 121 633 730 937 783 717 899 747 610 954 601 16 97 73 498 738 
22
8 13 17 19 25 35 38 56 68 92 105 109 112 120 131 132 141 147 170 176 181 182 
46 25
594 55 880 381 873 699 511 191 822 195 745 929 47 600 50 680 683 987 463 752 238 563 362 193 164 
15
14 26 28 36 109 111 113 117 134 145 159 160 165 167 199 
47 20
642 589 228 733 247 822 140 127 556 13 178 419 204 0 614 302 281 902 332 45 
24
29 39 40 44 51 75 77 81 88 89 92 96 106 128 149 151 154 157 162 182 185 188 194 195 
48 27
671 861 689 910 424 52 455 940 782 449 529 363 182 776 537 323 255 93 688 433 512 245 434 478 547 715 843 
13
12 51 75 79 93 94 102 113 147 173 192 197 199 
49 21
399 889 739 71 102 428 333 526 832 788 466 967 237 347 682 772 476 219 447 731 665 
20
0 6 10 27 29 36 52 67 76 104 125 151 154 167 182 186 189 190 194 196 
50 27
165 529 732 951 360 631 18 203 433 418 444 524 841 546 304 174 424 137 314 242 456 903 590 138 27 66 357 
18
21 25 40 60 72 78 102 112 114 121 124 126 132 137 138 177 180 187 
51 24
149 374 962 314 904 46 617 264 678 988 819 463 406 616 987 599 162 291 125 939 780 439 181 236 
21
14 25 26 27 47 48 60 73 74 80 82 109 115 129 140 162 176 178 193 195 197 
52 24
123 726 722 189 84 196 691 810 510 357 714 909 975 330 939 963 502 402 721 118 741 672 632 384 
13
2 19 49 71 88 94 118 120 122 134 141 157 162 
53 27
571 517 236 753 105 930 876 832 4 418 268 201 109 78 63 466 145 972 793 475 911 108 329 665 829 447 758 
19
0 17 32 39 41 42 64 65 68 75 79 87 120 134 151 156 174 187 199 
54 21
80 143 298 651 12 886 756 117 169 985 301 173 755 569 726 864 0 142 682 497 114 
18
8 13 14 15 18 24 65 75 81 85 87 99 107 111 120 155 182 198 
55 28
972 378 936 302 395 766 101 154 619 181 649 270 185 661 508 941 130 677 278 432 203 33 353 281 897 705 423 932 
10
9 18 37 41 85 122 129 134 155 198 
56 22
890 760 527 620 696 181 15 814 282 521 434 816 170 56 1 183 564 294 314 594 573 98 
20
14 42 45 57 62 71 96 108 112 126 135 143 157 158 164 168 171 194 197 199 
57 29
606 451 430 856 509 206 788 711 448 900 238 420 596 771 787 763 54 309 549 222 479 605 223 663 521 517 977 115 90 
12
3 11 12 24 56 58 61 75 129 151 170 193 
58 27
616 49 878 399 905 387 957 693 451 757 593 41 177 541 813 964 656 219 273 205 441 753 162 16 768 684 533 
14
23 28 35 57 65 69 82 135 153 159 163 182 193 195 
59 27
151 976 524 768 25 754 519 930 142 476 975 945 233 920 986 410 813 726 470 370 0 675 163 105 838 179 225 
21
4 7 44 60 61 62 66 69 73 79 82 90 94 117 119 129 130 139 141 158 171 
60 22
65 322 25 41 846 145 418 600 664 348 94 140 675 39 725 595 378 487 408 881 214 878 
20
11 15 16 23 24 42 50 51 59 82 85 95 119 120 137 150 153 165 171 173 
61 24
566 906 767 23 744 299 248 618 364 570 995 405 416 141 175 368 805 523 463 298 550 854 145 232 
22
6 12 25 27 36 44 57 59 62 69 70 71 80 81 105 122 161 164 174 183 191 194 
62 21
905 466 77 136 70 643 42 837 666 138 914 108 852 836 103 257 252 244 784 620 402 
24
5 9 16 25 33 40 42 56 59 61 70 77 86 98 114 137 143 157 159 160 171 178 190 199 
63 27
435 700 209 290 75 354 874 938 612 340 15 748 410 10 790 600 28 280 88 294 388 941 130 491 550 734 335 
21
15 16 21 22 26 29 40 66 67 74 78 80 94 110 119 137 144 164 173 180 198 
64 27
842 994 142 542 204 784 969 910 11 260 522 703 627 622 114 638 764 66 18 44 506 313 432 447 795 276 350 
22
3 6 34 53 74 78 84 90 92 103 113 120 123 125 129 130 134 136 150 163 179 185 
65 20
716 685 237 558 679 731 452 235 516 773 146 527 33 20 230 661 643 696 651 407 
15
17 34 37 42 53 54 58 68 74 79 91 126 128 160 178 
66 24
21 452 621 334 236 68 482 864 418 12 932 455 601 490 487 332 294 722 848 220 727 101 593 310 
19
2 17 22 27 28 59 63 70 74 79 85 91 95 121 152 158 164 181 185 
67 24
236 6 765 995 473 787 447 94 36 514 955 252 285 319 185 740 920 675 579 253 970 654 453 390 
20
0 13 24 28 37 49 63 71 72 81 103 120 125 137 139 156 170 184 188 190 
68 24
533 491 819 843 958 55 201 75 51 674 214 850 120 688 238 635 995 272 667 676 364 939 703 944 
28
10 25 28 39 45 53 65 74 80 81 86 95 103 106 114 115 131 132 144 150 160 171 176 177 184 195 196 199 
69 22
25 598 998 767 824 883 259 644 726 569 51 279 102 306 859 305 426 547 543 413 894 34 
23
7 23 28 29 58 59 61 72 78 84 97 100 105 110 123 156 158 173 177 181 186 189 198 
70 25
913 62 50 853 118 994 397 495 944 395 263 768 630 874 764 708 443 816 988 87 918 294 946 223 720 
25
20 22 31 43 61 62 66 79 86 94 99 112 121 126 142 150 158 171 176 177 184 189 190 197 199 
71 25
119 134 92 505 171 5 568 221 858 38 215 256 533 159 3 148 280 986 22 44 694 817 860 682 905 
20
17 19 22 25 44 52 56 61 67 92 106 120 128 134 145 153 157 173 174 199 
72 21
328 203 354 49 401 825 535 493 331 706 850 251 928 61 289 495 669 174 7 24 323 
19
27 34 35 38 44 50 67 69 75 85 94 102 124 126 135 144 157 158 179 
73 27
10 697 683 705 515 544 739 772 675 68 327 381 469 728 207 4 573 538 62 776 789 342 837 430 838 858 604 
23
8 20 27 42 43 51 59 82 84 91 100 139 142 148 161 164 174 175 182 185 187 191 197 
74 27
882 279 484 893 329 519 950 844 63 689 968 90 109 647 472 578 376 31 582 301 569 997 429 710 339 266 140 
20
23 27 51 63 64 65 66 68 80 83 87 97 101 105 141 164 179 187 188 189 
75 29
124 96 726 359 728 562 604 57 82 554 253 497 595 221 588 705 220 60 635 948 443 218 250 12 567 679 74 906 298 
20
5 14 23 35 47 48 53 54 57 72 114 118 126 130 134 143 158 162 169 181 
76 26
788 774 14 866 133 742 781 89 799 215 995 52 712 591 625 300 648 846 283 794 155 853 396 519 772 428 
22
10 12 32 49 79 88 100 104 107 110 116 119 120 124 130 131 137 160 172 179 180 196 
77 25
31 78 863 819 852 878 37 338 620 818 427 772 33 423 176 746 366 154 398 352 463 1 146 970 855 
22
5 14 32 37 47 62 78 79 90 95 97 112 114 115 127 138 144 147 153 155 169 181 
78 25
490 979 323 787 10 753 651 829 605 529 219 295 501 37 723 625 71 498 802 169 864 308 919 582 660 
21
9 14 21 35 50 63 64 69 77 101 108 121 123 127 128 143 146 167 173 182 188 
79 22
583 158 705 790 53 195 770 728 334 780 481 985 962 439 866 181 734 368 570 809 345 993 
26
12 14 21 30 48 53 59 65 66 70 76 77 80 81 86 98 108 112 116 118 130 142 156 167 189 196 
80 27
499 162 523 807 434 457 467 168 41 978 873 831 31 420 953 112 755 86 945 740 400 736 607 581 471 327 503 
15
12 14 16 36 41 51 61 63 68 74 79 102 106 175 193 
81 22
672 497 940 172 659 815 979 445 273 799 614 314 777 487 160 908 803 624 663 889 922 755 
21
7 11 26 47 54 61 67 68 79 83 84 115 120 125 128 153 155 176 181 196 197 
82 29
658 362 222 129 41 725 762 714 574 54 238 586 221 569 31 494 368 645 160 497 485 10 745 813 634 408 556 515 695 
25
17 19 31 33 40 51 58 59 60 73 90 102 103 115 126 132 133 144 146 158 160 161 162 163 178 
83 25
878 269 696 271 346 810 985 921 216 223 507 438 793 890 284 513 536 445 11 373 807 118 972 7 378 
16
19 22 74 81 87 88 100 104 105 110 113 124 129 131 158 177 
84 26
393 73 483 623 694 179 895 40 342 232 961 558 808 820 348 601 711 633 466 599 430 829 972 237 202 442 
18
4 6 14 23 64 69 73 81 89 110 122 133 137 138 144 150 153 188 
85 29
562 320 587 478 65 12 961 41 706 492 288 746 834 520 60 745 328 232 93 281 295 726 748 894 156 929 218 132 660 
20
10 35 37 54 55 60 66 72 110 114 117 121 130 142 144 156 170 179 180 198 
86 26
694 332 245 524 750 257 485 791 963 977 431 62 164 951 474 909 632 58 2 913 354 81 13 248 589 943 
23
3 4 22 32 34 39 62 68 70 79 101 109 116 120 134 154 162 165 173 179 185 192 198 
87 29
687 427 831 993 121 164 239 997 266 496 482 409 812 811 840 226 975 143 52 236 775 110 591 689 464 672 54 65 613 
15
9 26 38 53 54 74 83 99 100 108 113 126 155 161 183 
88 27
236 300 424 67 294 897 583 885 894 849 381 728 610 545 892 450 123 867 594 175 456 721 638 47 762 454 71 
18
17 26 32 36 47 52 76 83 90 108 109 114 119 124 140 155 173 186 
89 27
871 684 166 107 337 943 175 631 840 758 868 87 960 601 167 570 147 59 21 622 279 967 798 735 688 788 134 
17
10 11 40 47 84 110 112 117 129 144 145 148 156 166 170 183 197 
90 23
242 205 620 466 889 786 573 226 729 748 209 922 859 77 361 819 31 880 389 178 292 762 152 
15
8 13 59 64 77 82 88 94 109 119 132 143 156 181 195 
91 21
729 302 658 770 90 792 573 685 349 545 151 238 331 76 817 413 825 378 687 36 808 
26
2 9 16 27 43 65 66 73 93 100 101 107 113 114 124 143 149 152 160 163 164 168 171 185 186 191 
92 20
855 839 280 596 369 572 359 521 495 88 824 505 210 266 649 783 951 998 328 102 
23
21 29 33 36 38 43 45 47 64 71 99 113 117 135 137 139 141 144 166 179 185 188 198 
93 29
12 179 406 777 356 136 464 744 944 216 599 135 848 195 504 773 906 378 268 995 202 126 205 468 775 341 772 774 21 
15
7 24 34 38 48 91 94 95 107 138 149 156 178 197 198 
94 26
363 33 757 121 810 465 609 626 209 906 194 160 41 43 708 898 816 614 276 436 961 830 562 519 650 690 
22
6 8 13 16 39 41 42 48 52 59 63 70 72 90 93 95 103 121 132 143 166 176 
95 20
422 816 881 1 531 267 758 652 429 224 613 56 433 519 602 946 561 645 654 459 
27
3 4 8 10 14 17 22 24 31 35 37 60 66 68 77 93 94 114 125 126 133 137 139 148 150 176 198 
96 23
268 87 250 230 269 164 749 919 854 961 694 670 194 695 553 461 453 205 891 29 171 299 463 
12
12 14 15 34 47 56 147 159 160 177 186 194 
97 20
901 761 251 899 415 62 712 683 501 962 265 770 479 366 690 685 679 736 708 874 
17
0 4 9 21 22 32 69 74 77 111 112 123 161 168 171 179 194 
98 21
261 687 236 819 578 266 990 229 81 680 483 842 284 382 257 698 446 292 200 761 910 
19
8 11 37 62 79 105 106 107 108 111 125 129 130 139 140 148 160 167 171 
99 20
240 276 12 925 956 100 633 182 531 895 869 768 66 800 34 56 29 467 736 864 
14
12 19 26 28 54 70 87 92 111 123 137 157 173 188 
100 29
20 598 566 719 45 210 271 806 120 593 398 749 958 675 705 58 661 239 590 556 108 710 974 908 96 30 290 563 766 
15
14 17 26 35 41 69 73 76 83 87 91 102 129 194 196 
101 26
872 139 105 790 210 502 352 833 308 473 426 58 222 384 733 279 443 394 870 385 302 978 447 276 239 543 
14
11 74 78 86 91 108 118 121 125 137 168 182 193 196 
102 26
529 458 425 35 682 916 492 824 478 994 176 311 654 1 737 64 223 474 798 854 269 544 724 6 847 55 
18
41 48 50 72 80 82 100 116 121 122 124 126 133 152 155 160 175 186 
103 23
475 294 348 782 175 806 559 562 840 55 664 305 401 616 56 842 705 120 417 179 270 624 448 
26
1 15 16 29 43 64 67 68 82 94 105 116 128 129 130 136 139 152 156 161 163 164 167 174 190 191 
104 25
700 806 14 755 259 489 49 959 623 224 117 182 139 957 9 194 621 314 595 462 282 3 656 988 476 
19
6 8 13 19 23 35 49 76 83 111 128 140 143 152 160 177 191 193 199 
105 25
167 746 49 968 913 750 774 927 857 386 769 907 697 392 483 815 974 772 288 168 955 116 560 237 471 
16
8 21 44 45 61 69 74 83 98 103 112 123 139 164 165 176 
106 26
225 947 641 745 46 43 713 311 793 839 591 650 577 360 909 627 752 442 679 719 566 320 240 312 275 708 
17
17 26 39 44 47 68 71 80 98 108 140 144 145 152 153 159 197 
107 22
512 179 440 90 479 82 835 877 477 900 188 270 91 779 272 669 139 534 296 244 631 275 
20
4 6 9 12 14 18 54 76 91 93 98 111 120 126 134 142 150 173 185 186 
108 22
656 595 294 321 870 2 193 735 182 986 825 13 420 12 890 897 912 78 519 3 210 791 
23
4 11 20 22 56 78 79 87 88 98 101 106 124 128 149 157 166 175 179 180 191 195 197 
109 24
349 677 672 945 308 114 221 363 123 816 657 444 39 660 637 126 194 975 951 207 395 315 97 292 
18
3 6 16 19 36 45 46 51 86 88 90 113 120 125 127 163 183 184 
110 29
527 811 582 737 955 959 439 632 983 384 293 98 957 656 573 774 665 17 165 677 6 291 871 982 594 430 377 909 670 
19
9 13 17 21 25 63 69 76 83 84 85 89 125 134 157 173 182 197 198 
111 28
407 481 422 144 788 733 935 421 69 672 66 519 629 74 92 755 739 109 272 417 115 563 640 449 509 71 827 770 
20
0 6 12 13 25 40 46 54 97 98 99 104 107 112 134 141 145 158 191 193 
112 20
849 610 357 682 385 854 471 470 789 244 539 813 310 410 795 384 502 550 475 963 
25
16 44 45 50 56 70 77 79 89 97 105 111 115 119 132 136 137 147 149 155 156 169 175 180 189 
113 25
892 431 90 885 880 600 956 59 370 906 908 333 264 591 718 470 414 540 611 658 80 425 968 842 220 
20
8 29 46 48 64 83 87 91 92 109 121 122 127 141 149 161 168 169 171 183 
114 22
345 122 827 660 297 72 91 740 957 324 340 265 383 62 171 644 747 787 587 465 609 1 
21
8 30 43 50 62 68 75 77 85 88 91 95 118 125 131 137 147 152 156 161 168 
115 26
221 659 438 998 979 280 218 683 977 692 510 990 342 934 433 82 243 757 774 508 493 188 32 489 936 171 
23
3 4 7 23 31 36 38 51 68 77 81 82 112 116 120 135 136 140 165 167 171 175 177 
116 26
401 781 77 759 2 88 549 0 67 182 570 750 511 614 612 501 308 899 935 390 142 44 516 3 889 705 
22
6 11 17 29 33 34 37 38 76 79 86 102 103 115 125 151 157 166 179 186 191 195 
117 27
378 641 558 454 394 691 883 506 45 323 55 397 742 589 967 492 101 934 457 954 242 356 241 985 850 286 501 
16
25 31 33 46 59 85 89 92 140 141 144 146 156 184 195 198 
118 25
527 206 592 906 199 151 712 594 842 948 100 888 271 507 285 14 97 605 858 550 539 315 856 133 23 
18
2 19 34 40 52 75 79 101 114 122 141 157 158 166 179 181 190 192 
119 28
118 226 736 972 431 263 530 24 521 730 527 234 324 369 534 424 609 805 283 247 171 732 852 30 282 743 697 491 
24
17 26 37 38 39 42 44 59 60 63 76 88 90 112 123 126 138 146 149 172 178 184 195 197 
120 28
73 941 699 299 677 671 730 292 201 106 166 931 633 752 607 355 286 31 964 91 667 563 263 399 415 645 34 510 
27
5 31 41 45 52 53 54 60 64 67 71 76 81 86 107 109 115 133 134 135 136 137 154 161 176 177 182 
121 22
525 91 415 818 790 66 847 461 797 139 14 903 657 946 889 409 553 244 695 937 208 604 
25
5 42 50 66 70 78 85 94 101 102 113 125 139 149 150 151 155 165 176 180 182 184 186 195 198 
122 22
402 355 539 399 389 93 266 493 509 84 283 927 931 96 724 423 110 980 80 56 869 842 
22
1 6 10 15 23 35 40 52 55 61 84 102 113 118 124 126 135 138 149 152 154 197 
123 22
113 537 251 673 676 207 797 430 562 689 829 304 443 275 922 936 136 359 571 63 642 667 
21
1 6 7 10 22 35 36 64 69 78 97 99 105 119 131 132 153 160 167 183 196 
124 28
417 129 120 850 186 341 692 500 454 229 751 479 258 958 629 40 872 318 222 528 761 497 451 49 633 162 620 696 
23
0 3 17 23 41 50 72 76 83 88 91 102 108 122 136 140 148 168 170 171 174 187 199 
125 24
639 836 222 768 956 72 306 297 764 806 103 345 909 935 955 219 564 996 444 234 218 972 995 715 
23
6 14 19 26 49 64 67 81 95 98 101 109 110 114 116 121 145 148 153 162 166 168 172 
126 25
396 348 937 16 44 742 7 233 316 775 189 388 434 839 504 592 942 201 502 877 157 73 441 153 517 
27
6 8 15 16 29 35 50 56 65 70 72 75 82 87 95 102 107 119 122 130 137 143 147 183 184 190 194 
127 25
723 842 22 438 617 418 138 555 786 534 649 793 767 965 921 957 705 355 796 561 299 90 762 801 968 
15
12 77 78 109 113 128 140 141 147 148 152 173 177 197 199 
128 21
227 761 424 96 789 499 938 163 937 556 934 75 463 720 962 112 866 729 429 139 38 
21
20 24 31 41 44 47 65 71 78 81 103 104 108 127 137 144 151 152 163 167 174 
129 26
846 834 47 145 925 161 299 245 433 526 358 209 974 147 709 913 663 998 469 597 426 284 669 388 396 535 
29
1 7 10 16 18 25 26 31 33 35 37 51 55 57 59 64 83 89 98 100 103 147 156 158 161 166 176 182 196 
130 27
177 26 156 663 872 342 62 370 619 223 669 216 8 547 575 570 521 74 631 434 737 629 255 686 55 539 356 
20
0 3 12 33 59 64 75 76 79 85 98 103 126 134 143 152 165 178 184 185 
131 25
287 243 265 464 270 773 479 494 115 541 864 87 765 533 303 125 432 230 695 954 305 326 740 394 308 
14
4 14 22 31 45 68 76 83 114 123 168 175 185 190 
132 28
81 715 887 789 511 527 32 776 991 654 549 823 149 16 364 365 455 481 251 759 607 683 341 989 998 333 730 393 
18
4 6 21 29 45 50 68 82 90 94 112 123 147 151 157 169 192 197 
133 21
78 826 356 317 967 867 844 999 995 188 6 896 11 507 913 375 872 368 209 123 479 
12
4 9 14 39 82 84 95 102 120 145 182 189 
134 28
807 821 822 148 819 155 878 564 308 742 505 626 709 724 61 720 362 419 616 373 926 881 101 798 602 310 922 81 
23
9 22 40 46 52 53 55 64 71 75 86 107 110 111 120 130 139 153 160 171 173 198 199 
135 20
81 254 652 229 426 160 460 342 308 768 85 165 746 146 890 921 559 962 283 978 
15
10 42 56 58 72 92 115 120 122 143 156 158 167 188 199 
136 20
9 904 812 110 55 414 772 329 847 602 410 454 606 991 880 118 451 574 427 572 
19
2 32 34 35 38 64 103 112 115 120 124 143 144 145 158 159 185 189 190 
137 21
592 670 158 834 591 69 796 227 400 727 236 304 891 698 711 657 822 40 856 776 802 
25
5 21 22 31 50 60 62 63 67 76 84 92 95 99 101 112 114 120 126 128 155 158 164 188 195 
138 20
382 794 542 501 597 117 280 521 128 224 192 638 59 135 708 207 362 108 286 950 
14
41 50 77 84 93 119 122 151 155 160 176 178 186 187 
139 24
177 648 476 834 470 868 691 246 671 353 981 817 896 414 13 114 936 141 338 480 132 749 615 840 
23
4 25 28 35 39 40 59 67 73 92 95 98 103 105 121 134 140 148 150 151 158 164 188 
140 27
330 300 595 280 64 773 281 892 959 103 761 2 702 784 356 683 601 604 517 367 617 983 655 110 673 487 242 
23
3 16 18 44 51 88 98 104 106 115 117 124 127 139 145 146 154 159 163 165 181 192 197 
141 23
103 434 732 785 734 327 65 151 452 698 43 764 802 156 766 504 940 474 539 893 78 56 613 
21
0 3 13 25 31 32 40 45 52 59 74 92 111 113 117 118 127 149 155 175 188 
142 25
39 620 158 712 108 752 487 211 187 219 996 273 899 413 424 703 464 468 467 266 976 234 770 917 708 
15
1 11 14 15 19 38 70 73 79 85 107 159 163 180 195 
143 21
162 139 717 127 834 108 748 344 172 856 449 660 67 636 231 415 261 482 180 686 186 
25
10 15 16 17 56 62 75 78 90 91 94 104 126 130 135 136 146 150 152 155 156 158 159 179 181 
144 24
506 653 262 482 239 384 751 300 45 266 439 762 393 625 222 141 970 395 349 419 407 768 990 183 
24
1 16 17 19 20 63 68 72 77 82 84 85 89 92 106 117 128 136 158 169 170 181 186 189 
145 20
473 716 58 11 712 564 16 975 399 256 359 502 556 405 120 995 519 866 972 742 
21
2 24 32 46 71 89 106 111 125 133 136 140 159 161 172 174 182 185 191 194 198 
146 29
294 489 709 713 896 477 472 238 13 845 711 729 903 74 441 820 91 416 571 347 128 73 255 533 546 602 52 412 574 
15
11 12 25 37 41 78 82 117 119 140 143 150 175 178 194 
147 26
771 869 635 480 934 883 310 759 122 323 604 185 52 859 612 845 679 703 614 250 402 742 676 9 627 222 
17
2 5 22 38 45 48 77 96 112 114 126 127 129 132 148 152 160 
148 23
31 986 537 178 109 758 165 590 45 401 900 156 875 575 112 412 627 971 24 824 651 79 438 
20
2 23 27 29 31 73 89 95 98 124 125 127 139 147 150 151 167 180 188 193 
149 23
833 532 929 842 159 503 805 191 489 695 721 599 238 541 850 639 793 6 514 720 118 279 347 
16
1 4 30 43 47 91 93 108 112 113 119 121 122 141 190 196 
150 20
303 523 93 383 314 698 568 846 628 411 358 483 901 325 263 622 276 69 212 169 
23
11 38 60 64 68 70 84 95 107 121 139 143 146 148 159 161 163 172 174 176 184 186 195 
151 21
852 962 630 718 682 748 997 381 190 653 256 635 388 570 334 956 417 314 719 775 797 
21
6 7 12 24 37 47 49 53 57 116 121 128 132 138 139 148 158 161 177 188 198 
152 28
28 122 903 2 398 324 214 567 948 418 881 578 489 915 326 486 648 869 491 905 504 231 827 190 188 244 259 371 
26
7 9 27 28 29 31 39 66 91 102 103 104 106 114 122 127 128 130 143 147 160 173 174 184 190 195 
153 22
899 399 776 803 401 527 479 968 446 427 386 328 5 875 595 684 714 596 553 557 853 409 
21
4 6 19 27 29 42 58 60 71 77 81 84 106 123 125 134 156 173 178 183 187 
154 29
680 600 329 277 104 588 0 758 488 752 887 643 505 414 122 473 860 550 540 907 87 591 801 84 496 711 289 906 500 
16
7 14 22 28 33 47 49 86 120 122 140 160 162 183 193 196 
155 29
506 829 598 962 417 599 73 905 351 960 548 856 374 23 330 586 925 542 127 832 629 615 424 783 51 920 846 340 178 
23
4 15 29 30 32 41 54 55 77 81 87 88 102 112 121 137 138 141 143 168 170 188 190 
156 26
661 36 175 260 351 592 859 424 850 210 384 750 418 110 773 748 696 50 642 883 624 790 659 759 841 931 
26
1 6 11 17 35 38 53 67 69 79 85 89 90 93 103 112 114 117 129 135 143 153 157 168 169 185 
157 25
533 110 951 195 146 126 455 497 70 666 273 272 228 657 375 646 119 500 747 168 551 389 343 434 13 
18
28 44 47 52 56 62 71 72 99 108 110 116 118 132 156 162 188 193 
158 24
93 772 327 376 377 213 486 680 408 633 158 215 482 581 233 756 853 461 765 580 107 237 81 854 
28
4 7 8 15 17 44 56 59 66 69 70 72 75 82 83 111 118 129 135 136 137 139 143 144 151 161 166 184 
159 25
632 596 748 418 609 234 863 734 914 239 463 127 78 144 887 711 302 454 545 235 39 301 89 500 419 
18
4 20 38 46 58 62 96 106 136 140 142 143 145 150 163 169 173 185 
160 29
959 656 102 166 61 86 762 161 504 723 748 719 457 14 273 141 37 417 380 100 71 186 997 307 225 651 77 70 769 
24
3 12 22 39 46 62 65 68 76 82 91 96 98 102 104 123 134 138 147 152 154 166 174 192 
161 28
78 872 554 491 310 668 4 815 392 752 886 201 766 197 474 259 586 243 991 38 315 529 36 974 754 687 74 183 
20
0 9 24 42 61 73 82 87 97 103 113 114 120 129 145 150 151 158 163 185 
162 29
843 572 187 67 478 30 378 147 34 545 539 787 431 92 905 629 567 165 215 810 156 254 477 686 290 451 792 329 525 
16
3 4 11 47 51 52 75 82 86 125 154 157 172 178 193 196 
163 28
790 721 900 977 788 730 359 166 877 393 63 768 532 495 861 438 124 428 603 691 238 111 297 68 149 587 519 294 
18
5 9 15 19 34 58 64 82 91 103 109 128 140 142 150 159 161 198 
164 28
397 622 58 118 874 387 906 604 746 425 834 492 488 602 24 335 463 814 811 891 769 503 482 233 800 550 382 740 
16
12 43 56 61 63 66 73 74 91 103 105 137 139 165 166 190 
165 21
28 360 818 2 771 936 228 158 195 185 257 972 19 101 812 621 477 148 85 292 311 
21
4 5 14 22 27 34 46 60 86 105 115 121 130 140 164 166 171 172 191 194 197 
166 28
61 814 162 294 967 712 29 707 134 57 419 304 412 190 593 640 701 140 825 958 112 196 411 276 818 888 776 255 
19
5 25 42 89 92 94 108 116 118 125 129 158 160 164 165 175 193 195 199 
167 20
88 935 594 254 98 888 221 162 269 280 648 679 700 953 91 890 546 731 943 686 
21
25 29 34 35 44 46 49 78 79 98 103 115 123 128 135 148 174 180 194 197 198 
168 29
901 150 105 312 426 275 553 203 882 733 643 818 679 897 916 920 119 78 189 751 727 868 451 32 959 694 578 43 637 
17
4 11 19 22 56 91 97 101 113 114 124 125 131 155 156 179 182 
169 26
304 891 118 409 555 544 37 108 99 919 194 94 737 225 992 5 145 463 84 335 214 163 203 18 195 515 
14
10 26 27 32 33 75 77 112 113 132 144 156 159 198 
170 22
125 910 701 93 214 944 211 975 852 107 12 312 559 284 858 653 21 84 997 27 229 460 
16
9 25 35 45 57 67 85 89 124 144 155 173 181 182 189 199 
171 23
564 675 978 120 693 525 987 757 2 897 810 95 463 107 658 790 959 117 803 271 676 439 130 
21
17 19 37 42 56 59 60 62 68 70 91 97 98 113 115 124 134 165 173 181 184 
172 22
460 214 679 839 795 140 654 712 167 984 184 212 509 171 969 863 420 131 958 235 238 968 
12
17 33 40 76 119 125 145 150 162 165 195 196 
173 25
197 86 180 821 114 619 951 796 432 517 828 271 312 320 278 376 487 262 560 699 124 83 20 987 855 
23
9 20 48 60 63 69 71 78 86 88 99 107 110 127 134 152 153 159 170 171 185 195 199 
174 21
298 90 390 266 116 939 704 296 760 171 916 63 319 348 580 147 971 245 467 601 621 
19
0 17 19 25 29 53 61 71 73 103 124 128 145 150 152 160 167 179 193 
175 26
864 534 5 340 617 25 327 473 529 625 563 919 244 31 858 300 680 971 471 948 34 143 296 615 290 619 
19
0 8 10 24 32 35 41 73 80 102 108 112 115 131 141 146 166 176 179 
176 22
110 221 185 416 437 719 774 777 689 799 456 162 328 434 77 599 30 461 810 330 141 781 
24
3 18 20 38 45 51 68 70 81 94 95 105 120 121 129 138 150 175 178 184 185 192 193 196 
177 24
89 815 297 737 782 939 708 346 49 929 532 818 718 603 592 847 292 743 656 806 424 90 884 375 
16
4 33 34 50 68 69 70 83 96 104 115 120 127 151 180 185 
178 20
345 185 802 838 318 308 927 486 605 16 268 897 724 967 298 654 499 468 102 60 
19
0 3 6 7 22 51 62 65 82 93 119 130 138 146 153 162 176 185 191 
179 24
395 156 580 201 932 670 437 307 142 134 493 296 972 163 605 251 649 562 267 270 811 992 237 110 
22
11 12 33 43 64 72 74 76 85 86 92 97 108 116 118 143 168 174 175 180 182 188 
180 28
736 578 74 190 991 998 937 499 491 431 600 928 738 94 415 583 743 739 747 700 396 262 610 18 426 954 255 888 
22
1 4 5 7 24 26 27 36 38 50 63 76 85 108 112 121 142 148 167 177 179 198 
181 22
343 466 379 534 809 377 471 660 956 314 91 908 243 182 355 10 765 98 749 864 798 92 
20
6 18 25 31 35 45 66 69 75 77 81 90 118 140 143 144 170 171 186 194 
182 21
412 703 631 838 657 887 726 962 230 545 341 116 706 718 940 367 26 254 458 287 497 
23
0 8 12 24 36 45 47 49 54 58 73 78 101 110 120 121 129 133 145 168 170 179 193 
183 20
642 507 758 740 609 622 538 701 235 950 404 867 141 414 754 728 336 764 69 453 
12
3 12 42 61 87 89 109 113 123 126 153 154 
184 21
139 393 838 518 647 648 805 497 289 799 356 399 891 317 21 429 19 609 731 775 476 
20
2 3 6 67 68 70 109 117 119 121 126 130 150 152 158 171 176 190 193 199 
185 22
189 582 92 917 918 856 338 723 679 478 116 517 348 166 505 965 807 304 673 558 195 991 
22
23 47 64 66 73 86 91 92 107 130 131 136 145 156 159 161 173 176 177 178 187 196 
186 29
976 10 188 59 785 16 284 327 598 376 596 869 584 935 592 264 765 61 133 113 177 651 618 494 810 274 167 368 821 
17
19 23 27 31 49 69 88 91 96 102 107 116 121 138 144 150 181 
187 20
300 149 872 488 208 10 857 492 337 455 220 933 324 157 868 917 773 633 978 906 
13
0 18 28 31 41 50 53 73 74 124 138 153 185 
188 28
507 558 68 353 720 342 872 89 515 383 389 664 255 229 873 265 86 717 954 542 290 888 218 447 108 135 220 94 
20
1 9 41 47 67 74 78 84 92 99 135 137 139 141 148 151 155 157 179 198 
189 25
478 544 324 388 613 677 109 307 550 823 285 939 487 892 520 712 510 607 782 464 501 72 704 719 871 
15
6 8 23 28 34 49 69 70 74 79 112 133 136 144 170 
190 25
207 443 259 24 273 155 349 662 768 378 123 76 280 673 899 565 964 738 810 484 451 320 91 585 784 
21
0 13 17 20 24 27 49 62 67 70 103 118 126 131 136 149 152 155 164 184 197 
191 24
9 841 664 880 6 223 675 617 247 300 772 948 962 541 327 437 969 959 462 868 877 426 958 687 
16
13 29 31 36 61 73 91 103 104 108 111 116 145 165 178 198 
192 23
761 7 706 346 143 651 355 984 667 587 990 890 614 607 489 915 380 438 229 273 117 242 76 
13
0 19 30 35 48 86 118 132 140 160 176 193 196 
193 21
462 953 260 420 640 523 182 999 581 880 143 584 588 479 251 527 470 141 142 429 983 
24
5 12 21 31 33 41 51 57 58 80 101 104 111 148 154 157 162 166 174 176 182 184 192 198 
194 27
809 421 638 82 538 657 676 614 139 138 920 399 559 912 274 93 855 325 407 792 913 886 43 441 356 537 935 
14
12 47 49 56 61 96 97 100 126 145 146 165 167 181 
195 26
520 992 947 941 982 382 831 640 58 797 779 197 717 530 108 630 156 553 894 363 878 301 155 144 539 199 
19
6 35 47 51 58 68 90 108 116 117 119 121 137 142 150 152 166 172 173 
196 25
248 88 520 386 608 864 333 901 198 715 84 838 126 881 969 675 951 851 135 933 7 688 827 723 918 
21
12 15 28 35 36 49 68 76 79 81 100 101 123 129 149 154 162 172 176 185 192 
197 20
878 62 19 429 999 619 517 871 5 477 87 339 378 286 406 814 476 884 696 446 
23
7 21 43 48 51 56 70 73 81 89 93 106 108 110 119 122 127 132 140 165 167 190 198 
198 29
999 297 694 932 657 734 111 380 653 943 258 67 314 40 419 934 557 290 939 35 730 630 765 16 389 580 844 273 628 
29
2 9 23 24 31 42 54 55 63 69 85 86 92 93 95 110 117 121 134 145 151 163 167 169 180 188 191 193 197 
199 20
833 627 940 879 911 597 614 22 329 267 965 587 686 279 105 213 537 748 505 924 
24
0 16 19 20 29 39 42 46 48 53 56 62 68 70 71 104 124 127 134 135 166 170 173 184 
