200 1000
0 27
916 345 882 477 179 146 913 376 893 17 987 871 667 286 723 45 269 626 460 255 141 748 47 574 836 457 665 
18
42 50 58 66 76 81 92 117 120 128 133 136 145 158 161 169 178 186 
1 28
756 893 405 25 590 639 502 769 786 415 146 31 784 485 902 451 124 625 848 393 252 309 0 745 57 47 320 245 
16
57 66 68 72 77 82 92 93 99 102 166 167 176 185 195 196 
2 26
337 443 965 230 201 990 820 840 492 590 978 260 88 9 44 925 912 848 49 889 696 795 141 5 887 414 
22
13 24 45 60 70 94 95 102 115 117 122 123 125 126 130 136 137 142 155 181 192 197 
3 25
559 11 51 248 807 16 478 8 358 650 200 851 592 179 463 32 540 507 310 804 707 359 694 756 154 
24
19 25 26 36 44 50 55 60 69 80 95 116 118 125 129 144 147 150 160 167 170 180 190 192 
4 27
761 302 426 528 497 337 891 900 585 698 269 415 58 627 66 259 830 10 438 293 395 978 153 705 783 212 64 
21
5 16 28 35 48 57 72 73 87 90 114 127 128 137 151 157 169 171 177 189 192 
5 29
968 571 16 82 225 443 610 74 780 501 974 718 552 595 133 575 199 869 757 562 659 403 957 990 908 14 125 120 430 
17
4 21 48 64 79 87 88 91 96 97 103 113 118 119 127 141 166 
6 24
441 1 970 523 578 765 485 652 898 338 979 616 890 926 749 853 501 301 722 611 863 382 14 172 
17
10 15 20 33 60 64 70 90 102 106 110 147 149 154 167 176 193 
7 24
922 186 849 42 616 803 483 970 125 358 548 891 843 553 789 534 532 405 424 458 506 277 312 807 
22
20 48 50 58 75 82 87 88 90 102 106 136 140 141 144 146 151 156 158 164 167 194 
8 22
923 22 86 289 546 810 211 732 659 605 701 462 441 23 587 799 830 995 476 619 529 360 
15
10 48 62 91 100 101 110 111 113 116 144 162 183 184 189 
9 26
305 819 235 935 483 42 287 758 417 373 47 963 535 258 48 194 215 749 8 656 124 947 808 778 155 876 
21
28 45 52 55 66 67 68 75 100 104 118 123 126 139 147 157 162 163 187 196 197 
10 29
36 236 478 341 407 713 628 890 107 915 648 524 640 695 488 527 305 536 73 521 637 81 529 761 381 689 808 511 844 
16
6 8 16 29 40 57 63 80 88 103 106 111 125 148 185 189 
11 26
612 232 273 90 574 680 155 202 923 263 470 571 139 462 619 627 990 276 515 63 149 152 497 31 913 878 
18
13 25 36 42 46 52 53 56 63 105 112 113 118 125 130 152 172 179 
12 20
74 741 917 110 353 149 735 796 75 416 951 630 691 566 452 262 706 914 233 685 
22
38 44 46 51 52 73 86 91 95 99 105 107 117 119 121 129 149 164 165 167 169 185 
13 26
510 201 672 11 353 169 42 619 399 763 45 140 32 507 493 181 243 641 609 593 239 702 159 43 316 217 
25
2 11 14 19 20 34 40 44 51 59 64 65 66 69 70 83 88 89 98 102 109 113 138 174 176 
14 29
902 903 566 764 456 238 775 809 759 818 780 158 933 177 650 965 37 495 498 280 137 107 643 730 698 697 241 93 13 
24
13 16 39 44 50 60 73 74 87 95 102 103 116 125 130 158 161 165 175 180 186 189 191 193 
15 21
403 267 714 969 31 170 559 807 331 318 977 464 476 910 993 478 227 30 973 725 662 
16
6 17 18 28 38 51 72 92 102 107 108 155 161 166 188 196 
16 20
185 305 192 235 2 786 329 368 597 84 635 311 53 19 833 612 826 516 282 803 
18
4 10 14 18 28 32 61 77 79 81 93 125 129 150 161 174 176 194 
17 20
758 65 974 588 292 356 561 369 19 24 554 324 216 142 679 2 823 399 599 907 
20
15 19 33 51 64 74 77 89 90 103 129 134 135 148 149 156 160 181 197 198 
18 26
262 960 405 447 924 231 964 206 386 296 316 451 622 904 95 979 817 465 998 841 371 674 410 513 705 764 
14
15 16 21 32 57 59 67 91 107 139 150 152 168 174 
19 28
104 716 595 843 978 907 248 778 831 832 94 389 570 390 57 22 365 313 469 696 131 934 46 324 658 720 86 523 
26
3 13 17 27 31 40 46 57 64 67 76 96 117 121 122 127 143 144 146 153 159 162 167 178 181 198 
20 28
851 212 234 567 807 77 897 715 326 675 898 158 769 640 728 512 697 102 877 363 924 925 846 210 971 170 868 43 
24
6 7 13 29 34 41 47 65 69 72 73 83 86 103 104 107 121 122 125 126 168 175 184 186 
21 27
392 821 108 604 56 27 763 133 924 478 811 952 729 321 721 369 50 585 418 504 814 781 780 739 627 991 710 
22
5 18 37 51 53 63 70 71 76 78 82 88 105 109 116 137 144 146 166 170 182 197 
22 20
859 106 407 603 927 867 559 335 894 323 821 170 153 632 122 882 954 196 356 781 
16
28 60 67 75 82 83 84 85 91 99 103 104 107 125 132 177 
23 22
212 596 155 993 687 135 984 750 285 195 856 44 799 263 358 471 157 681 644 679 187 276 
17
32 40 45 50 69 79 95 116 136 137 139 142 157 160 163 168 190 
24 22
69 230 998 25 938 131 399 151 79 554 144 767 689 480 517 326 675 725 370 826 860 633 
28
2 30 32 34 39 55 61 66 68 69 73 76 80 102 105 111 120 121 122 135 143 144 147 152 165 169 174 197 
25 25
683 142 218 327 822 405 956 976 827 538 326 852 477 457 603 980 889 157 124 656 199 525 631 602 896 
17
3 11 33 63 72 81 89 102 103 109 129 141 142 143 170 173 197 
26 28
814 881 995 498 24 565 177 846 323 133 174 502 500 706 501 309 481 198 466 957 206 17 265 83 543 896 685 791 
22
3 33 38 52 54 55 61 71 95 100 101 102 106 120 125 126 127 130 134 147 172 173 
27 26
500 672 53 350 48 619 879 246 294 365 420 796 389 272 502 242 582 811 75 132 629 384 339 647 649 422 
15
19 29 42 56 81 86 98 107 119 128 137 148 161 178 191 
28 22
545 460 685 604 312 709 9 14 758 628 893 4 274 258 777 70 999 49 572 241 631 383 
20
4 9 15 16 22 67 88 102 103 108 113 122 123 143 145 149 159 160 178 193 
29 26
116 365 700 455 12 701 229 906 247 41 591 203 353 652 212 367 410 193 613 767 467 871 544 538 223 593 
27
10 20 27 38 56 61 63 68 72 73 77 84 91 97 113 122 123 126 127 134 136 143 149 156 180 189 197 
30 22
816 577 198 133 693 563 185 500 927 887 81 486 123 776 41 476 780 253 196 191 798 809 
15
24 44 59 60 72 77 91 99 112 132 142 144 165 166 176 
31 28
266 32 854 156 255 447 618 72 376 816 557 421 731 94 921 658 333 3 843 171 126 971 212 954 752 818 502 295 
15
19 57 62 91 126 150 161 167 178 181 185 188 190 191 197 
32 28
311 605 234 696 459 742 303 258 713 375 987 881 284 408 613 731 682 623 416 37 819 588 163 142 152 469 246 322 
17
16 18 23 24 52 55 72 78 120 128 138 139 150 166 168 173 195 
33 24
893 291 635 498 525 683 957 620 987 568 333 714 555 214 999 315 179 82 997 155 34 974 86 549 
20
6 17 25 26 63 80 88 89 92 116 138 142 156 162 164 180 183 187 192 199 
34 28
591 371 715 913 695 608 204 682 459 82 366 768 702 353 336 387 67 243 953 418 559 133 852 908 288 351 943 614 
25
13 20 24 37 52 85 90 94 101 109 123 131 135 142 145 147 152 155 164 168 174 178 188 189 196 
35 29
844 82 380 215 149 294 262 110 850 945 569 932 311 337 634 16 26 373 435 621 327 206 532 460 58 441 100 761 736 
15
4 40 50 58 68 70 84 89 94 100 106 111 122 138 174 
36 24
551 580 796 283 148 298 929 410 408 780 707 977 712 18 666 699 386 44 72 822 399 380 198 211 
26
3 11 46 49 50 65 71 73 76 79 96 107 108 110 125 131 134 145 168 172 176 180 181 187 196 199 
37 20
991 311 552 727 377 455 660 174 90 160 824 20 570 232 152 278 561 864 648 579 
21
21 34 39 47 67 68 72 73 76 79 107 117 124 129 136 147 160 165 174 175 193 
38 25
35 624 340 209 642 91 941 192 303 731 184 966 635 263 344 90 923 870 181 83 694 553 6 278 705 
21
12 15 26 29 46 49 58 69 81 89 107 114 118 120 136 141 150 157 163 169 193 
39 26
191 921 284 770 189 671 746 529 232 388 972 525 581 627 257 117 594 244 380 290 335 656 512 868 739 558 
22
14 24 37 44 47 62 64 65 82 83 84 90 97 103 104 132 133 149 154 162 186 194 
40 21
97 836 478 733 27 399 370 797 588 41 544 469 626 284 442 151 217 69 760 334 15 
20
10 13 19 23 35 49 59 75 77 82 97 135 166 171 172 173 179 190 191 194 
41 25
715 305 692 723 817 560 814 375 333 912 563 163 997 590 562 367 740 503 761 636 324 387 272 766 890 
13
20 50 72 79 88 100 107 130 150 165 170 177 186 
42 20
188 651 824 203 8 891 861 700 614 30 612 429 758 297 341 321 460 338 264 22 
15
0 11 27 43 54 68 73 77 102 119 122 124 127 162 191 
43 28
356 877 819 344 202 558 616 320 448 106 508 451 931 64 811 174 925 511 789 307 475 570 65 772 911 387 232 601 
13
42 55 56 64 101 108 112 142 145 157 176 178 192 
44 23
607 659 359 484 830 703 38 388 319 189 426 219 640 709 283 452 235 560 315 24 868 791 594 
18
3 12 13 14 30 39 47 58 60 70 78 91 98 147 168 184 193 197 
45 23
563 857 672 796 811 675 403 822 34 239 653 89 278 393 761 989 582 539 208 223 248 492 27 
18
2 9 23 60 64 65 76 116 134 144 153 155 167 176 178 186 188 199 
46 25
404 694 860 272 485 806 558 401 16 230 549 179 906 304 1 292 543 6 734 173 400 495 162 982 34 
20
11 12 19 36 38 70 79 80 83 85 100 109 129 140 161 162 177 184 187 188 
47 21
557 634 215 936 469 619 631 681 244 468 488 802 869 856 384 770 35 642 74 388 935 
24
20 37 39 44 79 81 87 94 99 101 110 122 124 126 136 143 144 157 164 174 183 189 190 198 
48 20
395 21 495 795 516 658 129 550 381 39 536 948 975 5 919 606 687 515 427 527 
20
4 5 7 8 61 71 75 81 83 89 90 92 95 100 106 107 127 144 176 177 
49 27
648 735 702 419 770 344 845 510 631 815 905 652 311 52 520 321 534 422 54 573 958 354 548 316 273 507 3 
23
36 38 40 66 71 76 83 91 97 100 126 129 135 136 140 144 157 166 173 180 181 189 196 
50 29
934 882 458 582 969 512 353 739 209 199 601 840 366 507 845 29 911 717 702 445 140 756 18 450 110 919 766 736 426 
22
0 3 7 14 23 35 36 41 83 102 122 132 141 144 151 155 158 172 175 179 183 199 
51 21
525 712 355 335 646 324 848 352 415 57 551 17 249 269 876 446 651 787 516 353 585 
21
12 13 15 17 21 65 76 78 104 109 118 134 139 144 148 150 162 181 182 184 194 
52 26
462 955 106 572 874 225 660 652 346 537 716 702 873 363 378 73 67 794 482 970 811 83 239 687 530 890 
25
9 11 12 26 32 34 53 54 60 76 83 98 103 104 123 127 130 131 135 148 155 168 170 171 177 
53 24
46 596 411 54 58 367 512 982 241 737 643 246 436 180 962 490 405 677 868 478 744 662 312 714 
15
11 21 52 54 59 99 103 110 136 147 148 163 169 179 198 
54 23
396 306 512 278 548 339 676 144 750 82 554 117 594 537 711 684 532 309 472 64 271 962 470 
21
26 42 52 53 59 62 89 90 93 98 107 109 112 140 143 153 162 170 178 186 192 
55 21
830 300 45 845 965 112 670 361 418 183 639 966 874 667 111 624 749 665 94 343 554 
21
3 9 24 26 32 43 64 66 67 74 82 84 98 110 112 113 144 147 154 155 183 
56 27
379 86 466 851 503 737 813 325 38 996 625 436 193 942 548 863 303 966 398 294 932 272 961 395 249 62 61 
20
11 27 29 43 69 70 71 73 121 125 131 133 137 139 144 150 157 183 187 190 
57 23
758 967 500 137 54 966 989 557 55 154 234 94 502 859 530 695 430 911 457 396 309 104 680 
19
1 4 10 18 19 31 64 68 76 79 85 116 120 142 150 153 158 164 171 
58 24
417 76 183 480 489 526 238 456 378 375 862 344 716 771 399 223 5 845 725 217 727 773 371 157 
18
0 7 35 38 44 78 82 86 88 94 100 120 121 129 140 149 152 170 
59 26
180 905 697 284 586 631 702 662 166 182 503 692 420 959 70 147 174 766 216 945 439 951 363 516 520 91 
19
13 18 30 40 53 54 60 64 74 76 78 87 98 100 121 125 128 174 175 
60 21
891 248 677 71 154 727 708 92 358 410 106 877 944 609 569 716 920 992 215 94 110 
23
2 3 6 14 22 30 44 45 52 59 61 62 72 75 76 131 141 146 157 161 182 192 197 
61 21
40 628 870 343 992 739 215 83 380 106 683 410 529 189 137 237 281 847 999 387 724 
18
16 24 26 29 48 60 89 91 96 108 112 137 148 158 159 173 177 182 
62 25
348 646 363 269 990 579 100 10 755 729 233 450 73 972 665 156 352 123 191 762 5 381 251 594 14 
15
8 31 39 54 60 68 81 82 87 94 95 127 143 171 195 
63 29
946 754 823 241 102 469 957 371 459 536 87 912 898 194 641 131 997 714 455 14 222 160 490 765 274 495 498 526 441 
15
10 11 21 25 29 33 90 101 120 128 138 152 153 159 163 
64 23
625 387 619 800 981 721 622 938 445 81 826 884 993 724 430 986 208 779 52 663 794 626 175 
26
5 6 13 17 19 39 43 45 55 57 59 71 75 85 99 103 105 111 116 119 131 148 165 166 186 195 
65 26
744 450 483 242 976 924 107 953 664 726 105 997 448 727 287 245 809 113 481 154 837 911 493 397 691 897 
15
13 20 36 39 45 51 98 105 110 115 116 121 130 160 193 
66 23
837 524 588 825 268 38 308 510 366 584 970 671 248 696 777 597 496 504 884 741 665 997 574 
23
0 1 9 13 24 49 55 67 70 83 96 97 106 110 116 132 135 141 155 158 164 176 188 
67 20
187 486 665 584 529 562 997 718 86 586 543 706 976 851 569 343 787 539 366 36 
15
9 18 19 22 28 37 55 66 86 89 101 126 128 151 175 
68 27
143 985 84 0 870 177 665 867 752 837 406 590 502 991 471 417 340 189 855 926 562 255 935 483 950 74 22 
26
1 9 24 29 35 37 42 57 62 69 74 93 103 115 120 122 128 138 144 149 163 165 179 187 189 193 
69 26
110 609 812 448 45 318 223 477 537 327 667 944 917 521 935 740 938 275 929 794 554 13 708 809 300 191 
25
3 13 20 23 24 38 56 68 83 86 87 103 106 113 131 140 143 147 154 164 168 182 185 186 197 
70 29
374 565 427 837 526 239 285 572 51 955 147 881 492 474 548 436 743 69 371 483 360 999 412 154 553 777 214 714 429 
23
2 6 13 21 35 44 46 56 66 77 87 100 104 119 127 149 150 162 163 174 181 187 196 
71 25
825 155 970 252 344 848 492 981 420 543 936 567 776 429 41 324 865 784 746 589 267 458 588 31 964 
22
21 26 36 48 49 56 64 77 80 83 86 97 103 109 119 131 137 139 145 186 189 198 
72 23
160 178 559 589 583 384 97 905 636 441 105 480 423 526 376 359 93 152 140 487 829 6 623 
25
1 4 15 20 25 29 30 32 37 41 60 79 81 82 101 108 115 129 135 155 161 169 188 190 194 
73 25
947 243 33 887 274 349 732 787 527 291 728 462 27 825 719 663 267 824 496 690 350 872 49 796 24 
25
4 12 14 20 24 29 36 37 42 56 98 106 115 117 120 122 133 134 136 137 151 163 175 178 186 
74 20
635 853 548 258 780 495 501 165 734 128 514 466 915 41 757 643 855 136 469 574 
17
14 17 55 59 68 103 110 111 112 128 133 135 136 147 154 181 191 
75 21
88 399 647 778 101 519 179 897 896 721 532 749 621 143 882 468 644 47 202 124 914 
17
7 9 22 40 48 60 64 84 94 107 124 128 136 138 143 158 194 
76 28
391 955 777 35 163 913 856 737 65 944 488 64 74 590 584 253 839 832 975 724 581 948 867 815 417 863 619 988 
23
0 19 21 24 36 37 45 49 51 52 57 59 60 77 78 103 133 144 158 175 177 179 198 
77 29
288 379 84 417 766 247 683 974 337 100 270 825 164 344 767 598 607 932 925 331 866 873 550 681 290 413 896 262 753 
24
1 16 17 29 30 40 42 70 71 76 86 99 100 122 123 125 142 155 159 162 166 180 181 187 
78 25
902 133 462 319 251 61 2 226 750 454 496 576 619 841 343 71 791 302 4 68 633 222 293 183 255 
20
21 32 44 51 58 59 76 85 87 96 108 113 114 116 119 152 166 168 181 191 
79 26
949 152 198 702 529 100 187 343 771 439 405 126 17 507 580 513 83 199 706 779 271 849 81 627 269 715 
24
5 16 23 36 37 41 46 47 57 72 96 100 106 110 113 122 140 153 170 172 174 176 188 190 
80 21
563 250 456 851 551 608 49 606 490 501 793 833 272 584 590 398 601 98 979 467 533 
17
3 10 24 33 46 71 109 110 126 131 158 168 172 173 179 185 195 
81 20
173 312 153 375 394 132 644 461 333 559 63 790 410 967 750 811 573 240 366 426 
20
0 16 25 27 38 47 48 62 72 82 84 99 102 119 160 170 175 188 191 197 
82 25
951 368 335 904 818 314 371 352 845 897 16 350 272 762 483 268 223 816 180 639 606 942 357 754 531 
20
1 7 21 22 39 40 55 58 62 72 81 94 118 150 155 159 168 188 189 194 
83 29
418 249 375 3 200 96 339 105 914 5 828 618 202 725 635 553 349 397 36 973 204 150 612 811 92 570 520 846 453 
23
13 20 22 39 46 48 49 50 52 66 69 71 84 95 97 114 122 124 157 163 164 185 197 
84 29
265 702 197 620 255 293 311 712 559 317 540 178 519 266 813 424 615 562 812 585 535 17 735 499 180 828 421 700 26 
18
22 29 35 39 55 75 81 83 87 107 111 114 115 140 145 170 178 191 
85 24
521 643 929 718 264 184 363 927 896 275 244 436 453 116 54 618 892 22 532 705 607 420 722 343 
18
22 34 46 57 64 78 106 109 123 148 149 155 157 176 178 179 184 189 
86 29
902 523 693 954 901 919 475 545 848 546 161 384 261 440 280 536 37 69 341 153 311 397 497 844 102 105 264 176 800 
15
12 20 27 58 67 69 71 77 124 134 142 154 169 189 194 
87 25
430 675 228 384 928 500 860 825 700 406 986 85 667 427 717 556 464 138 897 969 614 209 718 463 405 
24
4 5 7 14 47 59 62 69 70 78 84 93 103 122 125 131 133 137 142 144 167 176 177 195 
88 21
568 21 997 720 556 428 747 137 164 676 637 24 501 337 782 840 774 802 619 492 358 
21
5 7 10 13 21 28 33 41 58 98 101 112 115 124 132 135 146 157 160 186 192 
89 25
630 607 756 596 168 474 60 573 295 980 594 645 701 503 425 800 992 589 828 629 966 330 318 748 522 
21
13 17 25 33 35 38 48 54 61 67 95 99 108 135 139 144 166 177 183 190 197 
90 25
902 141 937 260 576 919 220 684 516 388 158 962 806 908 803 961 763 228 762 755 169 590 736 135 272 
17
4 6 7 17 34 39 48 54 63 93 118 129 153 162 164 168 186 
91 27
236 794 852 138 287 789 751 215 60 971 899 576 711 58 504 25 216 413 286 19 374 49 599 488 805 768 79 
20
5 8 12 18 22 29 30 31 44 49 61 123 130 134 135 172 174 183 190 195 
92 23
256 703 300 492 498 152 982 785 293 85 353 354 56 252 282 120 662 787 145 878 552 431 249 
14
0 1 15 33 48 94 98 103 125 153 178 185 186 196 
93 28
481 848 767 638 617 198 531 873 901 832 717 751 336 699 889 630 785 242 193 494 618 665 509 757 811 387 661 989 
19
1 16 54 68 87 90 100 102 103 127 138 145 154 156 159 177 193 197 199 
94 20
75 837 707 65 806 257 597 31 510 781 748 262 117 800 151 99 937 745 787 482 
18
2 34 35 47 58 62 75 82 92 118 122 132 144 157 172 182 194 199 
95 29
758 148 100 515 311 488 177 905 829 469 981 666 528 46 825 785 995 856 295 128 957 909 598 109 412 49 398 157 837 
23
2 3 12 14 23 26 48 62 83 89 98 106 107 118 123 130 136 155 163 175 177 180 195 
96 20
749 595 380 849 462 691 689 639 597 518 460 930 537 988 328 362 125 676 218 773 
17
5 19 36 61 66 78 79 101 118 122 123 130 136 168 169 177 199 
97 24
527 682 402 636 95 452 34 252 641 267 1 236 999 851 698 691 892 690 640 411 150 922 948 491 
15
5 29 39 40 49 66 71 83 129 135 153 161 165 169 190 
98 22
310 616 278 880 389 435 760 424 189 396 519 641 783 123 282 402 477 870 401 680 569 444 
23
13 27 44 52 54 55 59 65 73 88 92 95 100 110 111 115 116 142 147 161 167 182 194 
99 22
611 436 983 113 710 931 604 313 593 573 943 826 314 378 586 738 568 334 257 561 469 381 
24
1 12 22 30 47 53 64 77 81 89 107 109 112 116 126 130 143 152 154 164 182 185 195 197 
100 26
871 858 66 625 538 987 69 462 598 446 712 568 729 668 233 323 241 177 149 556 907 87 646 827 421 904 
23
8 9 26 35 41 46 48 49 58 59 70 77 79 93 98 116 121 123 124 127 159 174 187 
101 29
891 637 585 114 847 3 739 737 991 161 199 941 371 997 5 939 727 674 173 402 267 350 903 175 609 990 822 437 763 
16
8 26 34 43 47 63 67 72 88 96 115 122 131 146 156 183 
102 28
826 654 67 763 121 266 118 212 3 109 373 554 403 744 904 408 36 631 434 209 385 54 911 288 581 520 630 755 
25
1 2 6 7 13 14 15 24 25 26 28 42 50 81 93 103 108 109 138 151 179 183 184 188 194 
103 27
393 833 135 400 252 250 873 518 369 85 830 811 428 233 907 684 994 943 315 504 52 834 415 692 416 288 322 
29
5 10 14 17 20 22 25 28 39 52 53 64 68 69 71 74 76 87 92 93 102 110 113 137 152 154 187 189 199 
104 21
597 67 5 85 819 609 335 692 128 56 130 1 887 941 781 472 848 465 466 144 132 
21
9 20 22 39 51 52 70 106 115 116 120 124 149 156 160 162 170 177 180 195 198 
105 25
648 184 81 416 876 497 704 550 669 301 970 26 386 141 635 74 834 763 130 316 117 369 257 250 842 
12
11 12 21 24 64 65 131 139 144 155 158 189 
106 27
716 308 601 200 555 602 737 637 18 965 134 722 516 155 375 838 181 114 979 169 188 165 284 670 481 753 40 
19
6 7 10 26 35 48 66 69 73 79 85 95 104 126 131 152 154 156 162 
107 20
4 234 548 72 542 501 272 450 103 9 87 121 975 573 195 843 729 571 681 262 
30
12 15 18 20 22 27 36 37 38 41 48 54 75 84 95 99 112 123 125 137 138 142 146 158 162 175 181 186 187 194 
108 25
660 783 225 826 68 247 659 821 639 750 825 873 650 249 768 151 522 218 607 883 657 80 858 582 276 
15
15 28 36 43 61 72 78 89 102 110 111 119 128 180 196 
109 23
663 199 734 926 884 747 709 461 925 129 60 584 303 52 334 480 336 730 45 488 252 615 447 
21
13 21 25 34 46 51 54 71 80 85 99 102 112 116 117 122 131 132 154 166 171 
110 25
272 527 346 855 155 751 518 354 486 796 590 585 858 51 510 339 464 446 642 516 133 123 793 469 853 
28
6 8 36 47 53 55 65 66 74 79 80 98 103 108 112 115 124 130 133 142 156 158 173 175 179 192 196 198 
111 21
309 457 806 756 944 431 636 642 638 791 394 156 146 232 305 736 817 515 140 679 854 
17
8 10 24 35 64 74 84 98 108 113 124 126 131 167 173 189 191 
112 24
125 849 472 258 972 617 80 177 808 389 986 615 146 930 398 134 573 36 925 967 544 71 199 368 
23
11 30 43 54 55 61 74 88 99 107 109 110 124 126 133 153 158 161 162 181 183 190 191 
113 26
300 47 923 256 524 772 728 135 96 697 215 273 506 604 611 473 102 541 871 236 466 259 162 785 803 585 
17
5 8 11 13 28 29 55 69 78 79 103 111 148 149 153 185 190 
114 24
5 745 704 721 45 103 644 301 628 416 381 763 864 79 330 489 585 286 100 410 389 642 633 977 
10
4 38 78 83 84 134 140 171 172 192 
115 20
892 139 246 695 77 230 52 822 287 774 868 390 770 169 18 539 551 133 403 982 
16
2 65 68 72 73 84 88 98 101 104 110 117 129 153 178 185 
116 25
893 919 102 993 329 491 987 314 468 448 206 960 694 253 37 276 658 211 915 432 79 306 554 601 676 
32
3 8 14 21 23 33 45 57 64 65 66 78 98 99 100 104 109 120 128 129 130 133 134 137 139 148 156 173 179 187 189 193 
117 23
504 810 497 486 625 742 405 79 735 86 922 75 400 391 875 958 703 921 563 92 197 221 303 
15
0 2 12 19 37 73 109 115 119 143 149 176 177 179 195 
118 25
5 735 771 560 688 447 192 609 502 30 587 244 787 666 332 873 589 759 625 634 935 387 555 850 479 
15
3 5 9 11 38 51 82 90 94 95 96 122 143 182 191 
119 24
424 134 569 781 221 692 341 909 140 347 453 749 201 483 688 798 270 355 482 143 296 241 120 628 
20
5 12 27 42 64 70 71 78 81 108 117 122 126 134 136 161 164 170 183 190 
120 27
407 15 134 258 846 238 682 332 160 463 554 852 157 815 992 856 269 94 409 752 559 375 489 393 518 137 986 
17
0 24 26 32 38 57 58 63 68 73 104 116 121 133 136 141 186 
121 21
765 213 398 132 347 8 330 938 690 15 98 506 921 950 736 295 223 5 741 984 110 
18
12 19 20 24 56 58 59 65 100 120 122 123 130 174 177 195 196 198 
122 25
544 485 717 937 355 854 924 698 972 489 97 104 837 105 787 127 148 802 225 6 723 527 373 459 174 
29
2 19 20 24 28 29 35 42 47 50 68 73 77 79 83 87 94 96 101 109 118 119 121 159 169 179 182 187 188 
123 28
817 915 932 279 143 828 764 212 766 471 66 42 170 38 531 619 495 720 76 282 199 576 436 424 934 159 304 307 
21
2 9 28 29 34 52 77 85 91 95 96 100 107 121 128 130 145 147 166 167 187 
124 20
478 255 787 746 540 418 241 368 534 453 486 6 871 528 910 412 499 757 484 575 
16
37 42 47 75 83 86 88 100 104 110 111 112 155 173 177 184 
125 29
36 152 475 460 438 986 116 746 956 947 353 96 45 245 514 638 614 401 91 100 407 962 981 287 224 745 786 581 713 
26
2 3 10 11 14 16 20 22 26 36 56 59 77 87 92 107 126 139 144 152 159 161 175 180 191 198 
126 22
617 865 199 430 304 185 546 402 494 845 107 590 890 353 456 528 319 857 971 771 616 934 
25
2 9 20 26 29 31 47 49 67 80 99 106 111 112 119 125 146 149 152 163 183 191 193 196 199 
127 22
255 510 849 41 492 431 755 864 48 972 64 830 628 601 377 382 95 574 842 685 817 195 
14
4 5 19 26 29 42 48 52 62 70 93 100 134 149 
128 24
697 866 703 669 637 320 955 742 575 465 591 969 309 22 76 174 423 48 590 605 29 191 334 411 
23
0 4 27 32 59 63 67 68 74 75 108 116 123 140 141 144 161 168 170 194 196 197 199 
129 29
909 605 676 726 800 170 423 18 874 444 656 546 399 398 473 217 989 794 526 364 870 52 139 271 994 744 300 538 79 
23
3 12 16 17 25 37 46 49 58 72 90 97 115 116 144 145 149 160 161 167 168 188 191 
130 23
177 340 669 853 66 821 376 841 840 602 286 848 500 685 246 973 254 587 768 781 303 990 833 
23
2 11 14 26 41 52 65 91 95 96 99 110 116 121 123 134 145 154 162 164 172 185 187 
131 24
261 828 891 913 366 970 329 895 662 350 748 728 171 124 921 363 78 207 211 578 245 809 552 499 
23
34 36 52 56 60 64 69 71 80 87 101 105 106 109 111 134 135 143 157 167 174 188 195 
132 27
672 280 52 662 466 847 276 646 738 189 12 60 870 907 722 220 7 802 392 484 723 107 562 283 319 141 528 
12
22 30 39 50 66 88 94 109 145 159 183 188 
133 20
45 379 877 717 12 282 731 478 129 359 124 219 901 488 279 771 747 1 992 106 
17
0 39 56 73 74 76 87 110 112 116 120 139 148 149 158 168 199 
134 25
736 590 878 843 153 161 514 646 41 995 691 773 224 760 785 858 491 615 987 203 91 206 104 931 837 
24
17 26 29 36 45 51 73 86 91 114 116 119 127 130 131 149 154 163 176 177 183 186 191 198 
135 25
678 190 219 136 345 955 727 576 151 232 89 17 878 131 364 921 904 941 681 41 799 524 656 139 747 
16
17 24 34 40 49 52 66 72 74 88 89 91 97 131 158 169 
136 25
831 678 535 707 708 725 278 844 423 234 923 999 737 155 440 754 385 571 119 658 827 60 339 220 859 
20
0 2 7 23 29 37 38 47 49 53 73 74 75 95 96 119 120 144 152 194 
137 24
876 998 591 623 696 423 653 583 482 361 660 760 206 83 346 481 434 989 875 838 374 798 309 33 
20
2 4 21 23 27 56 61 71 73 87 103 107 116 144 158 170 172 175 187 193 
138 28
369 724 198 580 588 75 931 180 50 979 955 704 562 789 65 222 901 623 658 600 457 92 683 446 967 873 820 766 
16
13 32 33 35 63 68 75 93 102 107 167 178 181 188 189 199 
139 24
205 744 903 930 942 836 870 369 767 402 420 98 709 476 660 498 893 234 752 869 892 352 326 985 
21
9 18 23 32 51 56 71 89 105 116 125 133 142 143 151 165 171 172 174 179 187 
140 27
772 952 261 944 70 795 502 166 51 784 461 239 654 830 358 409 602 456 118 78 116 969 324 702 721 193 595 
18
7 46 49 54 58 69 79 84 114 128 142 146 171 174 177 179 185 190 
141 23
519 580 460 643 884 73 587 307 221 89 473 272 873 286 511 880 117 289 71 677 407 502 145 
16
5 7 25 38 50 60 66 120 128 143 147 150 159 174 181 199 
142 26
826 847 449 19 442 874 890 374 335 533 611 760 120 918 981 562 743 605 435 30 468 667 499 689 956 570 
18
2 23 25 30 33 34 43 57 77 86 87 98 107 110 139 140 153 176 
143 26
364 424 863 92 250 711 894 621 505 768 511 232 455 396 843 216 869 113 197 431 208 155 218 238 623 886 
24
19 24 25 28 29 47 54 62 69 75 99 117 118 131 139 141 145 151 153 160 177 187 193 197 
144 29
313 842 12 31 558 436 895 3 39 958 897 660 463 665 524 47 121 920 890 689 789 355 238 572 564 393 791 154 17 
33
3 7 8 19 21 24 30 45 47 48 49 50 51 55 56 68 76 87 89 94 105 125 128 129 136 137 161 166 169 174 175 186 187 
145 27
244 682 871 608 65 782 44 960 785 83 918 34 96 734 51 620 781 524 540 24 213 379 804 254 943 197 397 
18
0 28 34 36 43 71 84 93 123 129 130 132 143 167 168 189 190 195 
146 20
566 426 694 248 298 654 314 432 698 626 569 134 897 603 582 631 6 202 764 531 
18
7 19 21 60 88 101 107 126 140 147 150 159 162 180 181 184 186 194 
147 24
788 96 128 520 900 735 815 450 132 265 16 559 311 617 209 965 283 641 909 210 502 158 165 84 
18
3 6 9 24 26 34 37 44 53 55 69 74 98 123 141 146 162 185 
148 21
523 286 906 54 732 46 503 861 918 755 596 734 205 80 999 574 639 663 191 200 628 
18
10 17 27 51 52 53 61 64 85 113 116 133 154 159 167 179 182 184 
149 26
193 996 87 755 498 246 920 582 387 444 220 645 850 305 44 705 518 962 461 466 696 18 546 48 592 538 
23
6 12 17 28 29 39 58 68 70 85 104 113 117 126 127 129 133 134 177 178 193 197 199 
150 23
135 738 691 961 284 40 49 39 538 295 312 473 34 108 45 32 310 702 76 16 220 38 829 
20
3 16 18 31 32 38 41 51 56 57 70 82 141 146 159 171 186 191 196 197 
151 26
87 847 585 487 792 123 550 927 213 593 241 497 633 290 889 524 937 201 349 323 661 394 355 971 449 783 
12
4 7 50 67 73 102 139 143 164 173 179 180 
152 29
669 174 520 708 613 368 293 100 512 416 2 791 981 947 32 479 933 674 720 809 963 921 158 639 934 904 346 257 353 
17
11 18 24 34 58 63 78 99 103 106 125 126 136 165 166 180 191 
153 20
597 375 304 117 83 917 837 376 369 701 792 723 493 125 670 877 604 955 904 324 
21
19 45 54 57 63 79 90 92 97 112 113 115 142 143 155 157 185 189 193 194 198 
154 24
219 597 274 858 883 179 557 141 884 687 738 259 991 207 342 260 45 718 981 746 862 704 591 988 
21
6 39 55 69 74 86 93 99 103 106 109 130 134 148 171 176 177 180 182 191 197 
155 26
469 944 682 725 621 798 218 73 155 454 604 712 595 488 399 333 748 742 540 90 354 937 161 335 36 23 
19
2 15 34 45 50 52 55 66 72 77 82 85 95 105 124 153 165 181 187 
156 29
627 363 117 448 308 799 173 929 950 470 499 23 625 953 979 689 548 467 440 233 215 534 126 658 888 63 819 575 451 
12
7 17 29 33 93 101 104 106 110 116 177 183 
157 24
966 79 558 83 527 218 235 53 499 185 523 350 560 500 304 539 189 204 358 981 790 574 515 268 
22
4 9 23 38 43 47 49 56 60 83 85 88 94 131 153 161 164 166 181 191 194 196 
158 24
755 683 330 135 949 296 214 859 731 93 77 966 146 928 503 669 279 63 521 935 954 62 491 313 
23
0 7 14 50 57 61 66 75 76 80 105 107 110 112 133 135 137 164 169 171 187 191 197 
159 23
281 239 910 549 823 665 233 930 347 368 879 995 934 739 727 27 168 693 174 97 197 195 376 
18
19 28 61 63 77 82 93 100 122 125 132 141 146 148 150 181 190 197 
160 22
69 311 567 131 802 232 527 436 823 437 337 646 455 922 928 642 807 798 576 898 877 956 
15
3 17 23 28 37 65 81 88 104 129 143 172 195 198 199 
161 27
570 482 516 119 677 244 732 98 907 651 230 61 883 109 497 706 546 187 704 353 632 508 752 791 658 680 690 
21
0 14 15 16 27 31 46 60 72 97 98 112 119 125 128 129 144 157 162 166 185 
162 25
636 109 105 118 625 577 148 221 309 246 128 960 828 189 195 289 39 253 188 226 957 541 335 941 49 
25
8 9 19 33 39 42 46 51 54 70 77 90 104 106 107 112 130 146 147 161 171 178 179 186 195 
163 29
732 707 472 774 594 108 883 700 579 860 629 79 81 938 325 209 250 506 751 445 795 790 698 983 16 7 877 703 948 
19
9 23 38 53 63 68 70 73 83 95 126 134 167 176 177 181 182 193 199 
164 28
495 32 338 967 807 932 427 690 984 358 903 613 437 551 115 546 801 973 649 598 768 439 648 104 655 333 510 955 
18
7 12 33 34 47 57 66 69 83 90 99 119 130 151 157 158 182 191 
165 21
357 988 949 676 147 882 456 837 866 814 92 480 252 77 383 719 975 537 692 624 487 
15
12 14 24 30 37 41 64 68 97 139 152 155 182 190 195 
166 22
415 136 916 222 143 601 84 451 565 442 791 514 470 938 748 926 127 967 741 220 799 345 
22
1 5 15 21 30 32 40 49 64 77 78 89 109 123 144 152 157 161 168 183 190 197 
167 29
182 64 624 71 756 600 559 568 367 47 837 589 190 438 25 993 3 819 784 870 290 722 618 216 850 937 309 70 736 
20
1 3 6 7 12 19 31 45 87 98 111 123 129 131 138 145 148 163 183 195 
168 24
719 271 718 695 342 474 647 901 395 14 948 232 603 491 22 980 484 378 800 269 248 90 343 218 
20
18 20 23 32 34 36 44 52 69 78 80 82 90 96 128 129 133 145 166 196 
169 28
193 508 968 263 244 622 334 515 341 29 858 167 28 111 914 42 412 498 997 903 521 978 739 251 778 8 851 220 
19
0 4 12 24 38 53 72 86 96 97 122 135 144 158 179 186 189 194 197 
170 22
421 878 897 929 846 513 174 469 847 41 162 229 251 681 257 363 596 300 775 94 649 30 
16
3 21 25 41 52 54 58 79 81 84 104 119 128 137 185 194 
171 27
627 769 218 757 130 69 977 834 491 856 731 420 54 244 946 523 444 340 37 25 591 71 282 954 667 934 81 
16
4 40 52 57 62 109 114 139 140 150 154 158 162 183 189 196 
172 23
936 111 81 563 233 651 673 363 721 650 197 564 858 280 336 913 525 283 788 321 623 178 346 
18
11 26 36 40 50 79 80 91 94 114 130 137 139 160 176 178 186 190 
173 26
249 980 521 268 267 954 381 203 66 814 118 299 466 791 662 187 442 211 103 652 491 439 917 368 74 58 
15
25 26 32 40 49 61 80 110 111 116 124 151 175 176 187 
174 29
49 236 387 616 837 720 489 105 987 443 486 542 509 301 660 160 119 452 174 306 246 385 409 250 229 200 168 597 275 
20
13 16 18 24 34 35 37 47 59 70 79 91 100 121 131 139 140 141 144 183 
175 26
639 676 814 378 292 3 98 781 108 437 225 946 979 86 599 640 247 718 444 421 24 690 159 785 388 338 
19
14 20 37 50 59 67 73 76 81 95 107 110 125 137 144 173 178 182 196 
176 20
337 613 38 328 289 204 707 934 207 805 715 315 243 292 614 222 379 213 214 978 
21
1 6 13 16 30 36 43 45 48 66 79 85 87 117 134 142 154 163 172 173 188 
177 22
658 751 308 700 262 446 993 2 784 805 340 749 196 668 390 400 375 324 960 533 392 627 
26
4 22 41 46 48 52 61 76 87 89 93 95 96 104 117 121 124 134 140 143 149 154 156 163 188 192 
178 26
36 241 350 767 455 917 745 387 575 849 695 628 111 141 973 466 277 130 806 26 326 826 417 79 554 93 
21
0 19 27 28 31 34 43 45 54 73 84 85 92 115 138 149 162 172 175 184 186 
179 29
439 485 666 215 522 260 917 289 715 834 387 102 762 588 149 742 699 643 67 165 920 197 323 947 876 502 364 307 408 
22
11 40 50 53 68 76 80 85 102 110 116 117 122 139 140 148 151 162 169 184 188 190 
180 27
698 847 295 716 414 169 976 331 810 691 518 549 145 632 137 374 189 938 793 706 858 342 30 805 218 884 521 
18
3 14 29 33 36 49 77 95 104 108 125 146 151 152 154 182 188 196 
181 27
292 331 575 139 978 553 147 268 236 309 312 106 859 457 738 996 752 464 537 42 257 244 901 952 626 58 170 
22
2 17 19 31 36 49 51 70 74 77 78 107 112 138 141 146 155 157 159 163 186 194 
182 20
932 400 154 615 975 293 593 619 198 92 888 786 401 552 893 612 9 983 961 114 
19
21 51 60 61 69 94 98 99 118 122 148 154 163 164 165 175 180 191 192 
183 20
498 156 409 742 361 368 820 884 230 752 284 384 719 259 29 664 879 579 756 119 
21
8 33 47 50 55 56 89 91 101 102 112 119 126 132 134 156 166 167 171 174 185 
184 26
509 23 611 122 32 946 83 146 746 581 655 156 676 64 517 396 236 401 627 340 37 11 59 297 393 723 
12
8 20 44 46 51 85 102 124 146 148 178 179 
185 28
972 831 999 690 341 22 301 815 406 248 250 905 346 183 560 502 859 976 372 256 213 125 883 553 163 246 613 812 
20
1 10 12 31 69 80 83 92 99 113 115 130 140 147 153 161 170 183 192 194 
186 21
688 692 964 520 691 654 213 65 308 28 823 908 278 728 254 461 288 109 673 617 833 
27
0 14 20 39 41 45 54 64 69 71 73 88 90 92 107 120 134 144 146 150 162 169 172 178 181 187 193 
187 29
830 958 164 735 121 762 700 285 754 389 977 70 261 20 76 474 437 736 502 644 132 989 251 945 630 360 618 599 545 
23
9 33 36 46 56 68 70 77 100 103 107 116 122 123 130 137 139 143 144 155 158 173 186 
188 27
429 503 63 164 977 826 865 262 932 606 592 354 867 612 430 341 50 167 195 663 163 679 4 414 624 634 126 
20
15 31 34 45 46 66 72 79 81 82 102 122 129 131 132 138 176 177 179 180 
189 23
585 671 142 14 527 206 531 504 384 748 118 316 354 710 670 573 675 452 266 77 971 461 740 
22
4 8 10 14 29 34 47 49 68 71 82 85 86 103 105 111 116 138 145 153 169 171 
190 25
140 744 901 764 731 28 359 316 51 502 683 578 708 214 434 92 314 905 760 20 615 782 593 642 234 
24
3 23 31 40 47 56 72 79 89 91 97 112 113 119 140 145 159 165 166 172 179 192 193 194 
191 29
719 206 672 811 693 812 556 594 928 287 622 288 603 26 790 286 604 850 852 391 942 518 296 702 538 263 484 131 906 
23
14 27 31 40 42 74 78 81 84 111 112 118 125 126 129 134 150 152 154 157 158 164 182 
192 20
342 977 628 14 789 321 178 345 916 107 984 890 747 939 537 578 521 387 430 912 
15
2 3 4 33 43 54 60 88 110 114 177 182 185 190 197 
193 21
301 208 735 839 823 571 323 729 641 665 707 270 680 848 591 210 193 859 317 529 750 
18
6 14 28 37 38 44 65 68 93 116 126 137 143 149 153 163 186 190 
194 24
468 666 953 46 539 692 829 803 373 130 363 108 969 187 679 644 916 673 310 975 295 342 823 886 
25
7 16 39 40 51 72 75 82 86 94 98 102 107 128 136 146 153 157 169 170 181 185 190 195 198 
195 22
368 98 222 897 848 638 366 514 592 764 406 636 593 209 10 75 573 470 397 112 502 41 
19
1 32 62 64 80 87 91 95 99 104 117 121 131 145 160 162 165 167 194 
196 28
175 703 356 470 45 531 708 950 900 806 524 149 6 162 867 521 106 632 279 743 577 488 105 5 413 575 402 525 
21
1 9 15 34 36 49 70 92 108 110 121 126 128 150 157 168 171 175 180 197 198 
197 29
795 906 604 499 262 426 896 145 487 198 45 293 722 547 300 237 414 173 695 398 452 438 328 292 895 333 706 823 87 
28
2 9 17 21 24 25 29 31 44 60 69 81 83 89 93 99 128 143 149 150 154 158 159 166 169 192 196 198 
198 21
252 882 137 209 733 751 635 982 897 122 180 294 768 255 193 420 492 960 945 187 358 
16
17 19 47 53 71 76 104 110 121 125 134 153 160 194 196 197 
199 29
978 38 41 225 723 99 48 162 683 653 397 820 862 130 924 849 112 173 324 645 467 444 900 13 864 744 973 161 283 
16
33 36 45 50 93 94 96 103 126 128 133 138 141 149 160 163 
