200 1000
0 22
302 431 901 483 954 275 182 533 425 902 743 809 894 87 60 686 996 261 967 372 129 113 
21
12 14 27 37 38 48 50 53 58 76 77 82 97 109 115 133 134 161 169 170 195 
1 25
512 584 289 0 173 433 559 306 87 342 922 296 187 104 181 612 358 924 421 252 363 482 291 712 95 
16
17 18 28 29 66 71 104 109 111 116 126 156 162 172 178 196 
2 28
84 576 724 171 88 308 460 440 482 245 351 140 685 694 699 607 342 886 712 524 850 70 800 272 675 516 106 966 
14
25 28 94 110 112 120 124 128 148 154 156 167 195 198 
3 28
553 576 664 129 300 187 569 609 0 361 443 597 712 583 282 758 634 890 453 873 954 977 723 376 347 51 645 369 
20
15 24 57 68 76 78 84 85 92 130 142 143 146 154 165 170 189 193 196 199 
4 25
358 946 241 839 246 429 760 207 121 650 378 186 585 661 296 572 903 749 445 857 78 520 233 208 868 
16
14 40 44 50 65 72 75 81 100 115 138 139 161 164 173 175 
5 27
205 673 6 783 32 952 24 871 551 805 984 110 586 105 113 965 643 698 626 940 270 881 689 67 738 768 588 
20
6 13 15 19 20 24 38 47 65 70 74 76 78 97 102 106 114 141 142 192 
6 23
328 456 960 533 129 967 668 513 271 693 737 822 850 721 933 437 826 46 402 470 96 380 410 
26
5 24 28 31 45 50 61 70 96 100 109 130 133 146 154 156 160 168 172 177 180 181 182 185 191 198 
7 29
261 451 138 351 219 726 674 547 534 635 433 664 954 101 529 225 146 266 400 997 987 685 434 166 83 188 988 179 568 
8
15 26 31 37 76 122 160 166 
8 20
250 181 201 389 532 421 467 558 320 2 545 753 18 499 207 547 77 705 814 477 
21
19 40 51 53 62 65 68 77 78 86 101 111 113 123 136 138 150 154 160 162 165 
9 22
153 514 488 319 597 28 307 128 948 409 379 129 611 120 13 384 587 924 704 589 469 810 
21
14 18 38 46 56 58 68 70 71 72 77 86 97 112 130 134 144 159 178 190 197 
10 29
969 369 507 46 74 673 875 129 178 389 617 498 986 998 157 466 946 919 845 76 530 317 441 914 905 365 970 846 187 
17
42 50 58 64 84 99 107 110 117 135 153 155 171 172 189 190 199 
11 20
806 156 149 665 554 576 690 781 705 868 170 674 718 508 672 876 974 619 795 172 
17
14 30 37 45 52 71 90 94 96 104 106 117 135 150 156 177 195 
12 27
677 489 488 943 746 206 913 593 393 46 751 901 547 416 807 123 106 588 828 974 758 503 693 618 175 921 592 
21
0 30 49 58 69 83 103 112 118 125 130 131 135 143 153 157 159 179 186 192 197 
13 24
68 116 841 97 606 682 40 352 240 953 297 985 351 48 886 899 464 693 22 922 281 203 249 391 
18
5 32 41 75 82 85 88 125 128 131 138 139 142 155 160 164 195 197 
14 26
942 9 233 215 953 380 283 422 221 732 255 772 847 77 382 832 429 430 718 328 247 411 702 521 44 905 
22
0 4 9 11 19 54 57 77 96 108 112 118 121 150 154 161 165 171 175 179 187 188 
15 20
787 611 64 796 197 279 102 577 914 524 150 646 904 406 418 988 253 496 722 438 
29
3 5 7 16 24 27 43 45 50 53 61 64 66 68 72 94 109 112 124 127 137 145 148 151 166 173 183 185 193 
16 27
505 156 605 752 920 307 625 316 565 396 104 528 460 252 725 92 354 302 6 230 453 5 486 211 775 827 816 
12
15 28 30 54 71 88 121 123 130 155 159 165 
17 23
549 254 900 54 763 505 158 683 165 784 351 730 532 455 258 344 708 336 436 414 638 795 997 
24
1 27 50 54 59 67 68 71 76 77 80 91 103 108 111 120 122 134 149 150 163 172 176 188 
18 23
800 835 6 927 662 823 551 564 429 451 970 192 309 481 227 826 617 579 908 149 386 166 493 
22
1 9 25 39 43 45 71 83 89 90 94 109 113 127 152 169 173 176 180 183 185 198 
19 24
502 930 861 493 77 858 288 877 45 295 804 60 470 707 624 899 159 946 444 820 427 671 646 396 
23
5 8 14 29 34 54 60 90 92 115 132 138 140 157 158 161 164 177 179 181 191 193 198 
20 22
554 545 989 72 391 435 927 673 296 772 750 506 60 979 552 355 135 612 825 843 588 77 
18
5 23 40 60 66 70 81 86 92 105 121 123 127 137 164 177 182 199 
21 24
534 521 174 314 544 172 710 147 78 608 488 502 351 923 429 24 572 553 774 614 105 630 321 240 
27
22 27 33 38 42 43 50 55 70 73 77 82 96 102 121 125 127 143 145 155 158 160 163 166 178 182 191 
22 24
499 435 182 576 789 69 449 315 735 993 487 797 492 917 757 980 420 108 904 201 132 828 755 258 
23
21 31 39 52 57 58 71 90 109 125 127 131 150 157 160 162 166 169 172 177 178 189 199 
23 26
721 715 889 42 956 483 893 391 18 821 533 439 270 848 174 264 688 323 756 605 81 89 25 189 345 579 
17
20 66 129 133 141 148 153 155 157 160 169 170 172 176 181 182 195 
24 24
173 334 284 79 55 0 320 449 308 804 343 51 174 164 584 613 787 433 139 121 462 159 726 895 
21
3 5 6 15 42 47 73 82 122 127 129 138 144 159 166 174 180 182 186 187 195 
25 20
104 437 945 35 463 470 369 99 902 776 222 577 759 378 920 811 552 395 517 576 
20
2 18 34 48 88 95 100 101 104 110 115 117 125 127 145 147 150 159 163 199 
26 28
8 979 301 823 490 380 718 91 836 507 388 871 970 859 240 70 761 368 521 983 945 281 714 218 92 266 7 839 
19
7 39 40 55 56 63 80 82 94 95 106 125 135 137 144 154 156 173 199 
27 26
583 20 144 562 321 967 52 701 38 143 537 545 884 760 868 743 0 938 856 720 811 191 666 444 905 536 
22
0 15 17 21 57 70 71 74 82 90 97 109 117 125 128 129 133 157 159 192 196 199 
28 22
891 728 660 826 748 804 388 421 772 440 123 810 936 12 707 820 773 575 915 125 865 771 
23
1 2 6 16 32 35 51 63 74 80 102 105 107 113 118 125 126 135 154 157 183 184 194 
29 26
677 962 864 121 868 748 10 392 991 90 52 817 838 856 557 259 980 997 734 142 285 99 850 105 224 777 
23
1 19 47 52 60 61 67 68 72 73 84 97 109 124 144 160 162 167 172 176 180 183 196 
30 22
701 643 143 899 672 106 763 145 326 511 155 718 854 597 770 671 435 978 580 47 311 578 
13
11 12 16 48 52 61 99 107 120 159 196 197 198 
31 23
453 215 232 655 321 808 433 693 510 428 189 409 452 647 173 597 973 36 105 43 891 702 165 
23
6 7 22 38 45 52 54 55 63 77 96 108 109 117 118 127 130 155 171 172 180 185 191 
32 24
490 143 495 537 454 425 670 260 640 255 915 313 63 700 359 573 480 548 335 932 195 508 882 520 
27
13 28 38 42 45 49 50 52 53 63 71 78 94 105 110 112 114 123 139 145 147 171 175 176 180 185 193 
33 26
987 563 139 41 728 54 531 223 901 68 30 678 91 290 318 346 557 984 409 610 343 335 442 243 22 375 
20
21 62 68 81 88 115 116 119 127 130 135 137 138 141 150 151 154 164 165 189 
34 20
882 609 310 778 596 873 918 637 953 324 169 176 577 589 558 255 680 200 925 378 
15
19 25 41 70 88 92 99 103 109 122 125 133 164 170 192 
35 20
909 140 720 252 475 514 495 497 241 285 379 850 947 509 446 172 427 436 125 103 
20
28 47 48 52 58 65 87 90 99 104 110 134 139 144 146 148 155 161 180 185 
36 27
654 680 898 564 935 579 765 213 309 875 122 449 947 727 924 461 574 773 703 212 504 553 159 366 352 332 793 
21
45 47 54 58 68 73 76 80 105 114 117 121 122 127 134 143 164 165 167 177 193 
37 20
809 249 97 815 929 995 380 217 926 497 430 236 724 904 37 671 631 962 484 206 
18
0 7 11 51 59 76 78 89 98 106 108 116 145 146 173 176 183 190 
38 27
187 418 944 93 577 310 797 261 455 937 423 704 386 590 986 733 322 555 660 819 337 248 543 241 285 214 873 
23
0 5 9 21 31 32 46 57 62 70 77 84 104 115 119 122 128 142 163 164 166 181 191 
39 29
51 431 39 238 849 983 683 778 645 480 392 452 417 815 509 803 757 495 537 80 402 549 899 739 149 795 332 786 361 
17
18 22 26 51 58 70 88 111 116 125 129 134 147 173 184 186 188 
40 25
386 412 988 777 651 837 112 686 968 757 167 360 561 936 527 70 92 284 565 981 364 319 882 616 58 
17
4 8 20 26 58 70 75 79 88 106 128 138 140 148 179 193 194 
41 21
411 743 169 772 948 907 185 289 684 188 126 796 874 94 905 393 806 467 682 333 537 
18
13 34 48 64 67 74 81 88 92 103 114 125 137 138 139 184 194 197 
42 24
970 455 107 334 774 989 950 185 372 361 928 541 486 228 449 671 517 485 859 996 282 85 442 539 
25
10 21 24 32 45 75 79 93 95 111 118 121 133 137 140 142 145 156 162 174 181 182 194 195 199 
43 21
249 6 513 934 896 639 904 703 746 591 477 87 541 14 811 255 942 352 93 523 153 
15
15 18 21 50 52 61 66 73 82 99 111 146 177 182 183 
44 24
40 639 975 36 273 412 479 812 243 80 171 756 14 419 395 919 122 493 510 951 580 403 966 391 
12
4 80 89 108 111 112 124 140 156 166 167 180 
45 20
908 96 103 783 601 219 824 240 546 212 865 959 43 30 202 123 553 311 138 972 
25
6 11 15 18 31 32 36 42 56 76 80 81 89 90 114 120 127 130 134 135 154 157 167 192 196 
46 28
409 446 552 271 397 484 26 363 228 37 624 324 492 407 277 64 583 870 610 796 735 921 839 765 476 963 670 787 
19
9 38 48 58 84 87 99 116 126 134 136 145 157 159 160 161 175 186 197 
47 23
642 197 862 440 101 133 838 586 511 201 166 548 177 842 393 585 119 809 168 989 771 316 725 
17
5 24 29 35 36 68 110 121 133 138 143 179 182 184 186 189 191 
48 23
156 842 169 471 513 308 924 507 505 786 948 607 271 138 545 782 339 711 683 869 553 428 806 
22
0 25 30 35 41 46 51 79 93 101 107 114 116 128 141 142 153 166 172 176 178 187 
49 24
237 974 14 8 643 91 53 799 933 222 270 798 882 546 658 388 332 606 347 955 744 244 89 435 
23
12 32 59 64 71 76 83 99 102 110 116 120 129 135 151 152 153 162 165 172 187 195 199 
50 27
772 656 212 552 462 236 141 789 250 502 432 693 555 583 627 130 853 777 12 399 435 752 83 393 451 390 489 
23
0 4 6 10 15 17 21 32 43 81 82 89 94 95 127 131 134 138 156 158 186 189 193 
51 25
479 277 2 604 933 214 156 396 803 298 537 405 800 969 99 707 552 78 837 757 855 202 508 643 954 
24
8 28 37 39 48 64 71 76 90 91 95 101 104 108 124 128 137 147 166 173 175 177 186 193 
52 21
388 406 333 878 453 812 507 808 416 440 374 925 188 177 575 77 583 727 46 34 434 
20
11 22 29 30 31 32 35 43 79 82 86 91 93 111 126 129 135 154 164 196 
53 20
112 624 707 319 826 567 962 780 158 703 538 843 581 344 656 88 152 424 880 878 
24
0 8 15 32 57 58 71 78 81 84 93 99 102 115 116 120 123 132 151 154 155 156 192 197 
54 29
421 408 924 498 343 651 897 377 438 847 841 62 907 160 888 474 475 20 985 178 911 828 111 255 836 551 759 261 783 
17
14 16 17 19 31 36 97 102 114 124 126 138 146 150 163 170 194 
55 29
610 204 397 887 55 740 890 952 117 328 799 958 742 58 471 630 533 946 3 870 476 914 698 587 521 535 138 632 148 
18
21 26 31 60 72 85 92 107 114 122 143 144 148 161 165 167 188 199 
56 21
621 110 478 371 997 533 111 240 485 581 920 636 539 663 695 10 645 580 308 648 450 
15
9 26 45 62 77 89 99 153 163 164 175 178 179 184 189 
57 24
914 148 723 787 35 213 771 183 135 393 294 965 116 643 498 227 235 335 808 156 971 700 171 18 
20
3 14 22 27 38 53 64 79 80 89 92 96 113 117 134 139 144 155 156 198 
58 22
816 598 371 817 48 507 83 549 231 871 584 444 642 120 931 387 766 896 503 761 746 997 
22
0 9 10 12 22 35 36 39 40 46 53 64 65 74 81 87 92 108 109 112 164 183 
59 21
243 153 405 943 676 423 6 844 22 729 13 422 236 97 971 819 320 908 264 314 380 
19
17 37 49 69 75 110 128 129 134 135 157 158 173 175 177 180 183 192 197 
60 25
54 146 444 909 907 542 992 904 624 588 409 381 531 85 156 889 282 530 618 295 953 207 744 276 26 
11
19 20 29 55 77 117 121 131 160 180 184 
61 24
184 642 379 564 190 785 62 634 694 970 176 39 226 152 627 636 885 158 73 42 400 355 572 370 
22
6 15 29 30 43 67 74 77 78 80 87 89 93 95 96 116 125 128 164 167 172 193 
62 23
877 577 747 154 956 812 690 598 543 607 788 680 669 774 374 991 951 765 218 455 392 206 693 
13
8 33 38 56 77 83 103 121 148 158 184 187 195 
63 23
631 735 303 987 659 673 342 537 603 89 43 559 253 85 157 796 692 298 476 362 72 203 705 
19
26 28 31 32 72 83 85 90 92 99 124 132 144 146 158 168 171 175 190 
64 23
968 923 831 713 481 524 616 113 611 271 452 270 944 794 159 899 883 554 458 137 640 285 684 
18
10 15 41 49 51 57 58 72 81 84 92 124 159 168 170 173 175 199 
65 26
114 398 338 669 104 714 637 27 897 350 509 421 318 974 384 589 426 654 886 220 166 785 103 72 596 592 
13
4 5 8 35 58 82 96 104 136 151 167 182 191 
66 22
564 230 749 830 344 147 520 13 251 234 2 631 131 705 492 904 23 466 288 613 892 295 
15
1 15 20 23 43 76 85 97 108 113 122 155 166 182 194 
67 21
112 461 636 567 885 232 512 950 148 742 699 330 438 846 851 451 98 85 805 81 217 
17
17 29 41 61 84 99 110 116 117 133 146 150 163 176 178 190 198 
68 20
573 121 534 39 762 499 283 57 350 747 518 338 314 755 923 826 705 71 920 404 
19
3 8 9 15 17 29 33 36 47 81 100 113 118 120 155 162 165 191 198 
69 22
358 251 253 161 701 690 967 782 259 829 355 381 715 746 143 214 29 552 916 776 422 607 
16
12 59 70 74 87 93 110 116 137 141 143 147 171 175 178 180 
70 22
177 530 621 883 953 541 287 707 900 890 960 61 591 3 380 725 262 210 432 995 925 178 
24
5 6 9 20 21 27 34 38 39 40 69 84 125 127 130 133 135 141 159 165 176 189 194 199 
71 20
492 559 42 760 687 464 367 482 642 249 103 525 203 996 164 910 896 55 223 310 
29
1 9 11 16 17 18 22 27 32 49 51 53 76 77 82 91 95 96 100 140 155 171 172 185 186 188 189 196 199 
72 28
578 42 724 840 604 156 836 882 687 326 726 246 369 486 286 833 206 768 827 455 223 352 10 219 517 273 468 924 
16
4 9 15 29 55 63 64 99 113 121 124 128 148 179 185 198 
73 28
130 922 426 172 998 266 129 155 454 11 842 781 737 440 502 575 78 687 846 515 589 421 867 599 641 736 224 461 
18
21 24 29 36 43 74 98 99 128 135 153 157 159 164 168 173 182 194 
74 22
72 591 935 850 115 933 469 244 440 923 255 634 56 344 427 558 920 505 246 701 704 761 
24
5 27 28 41 58 61 69 73 75 76 78 100 113 127 146 156 157 162 164 174 177 186 198 199 
75 22
125 980 594 118 69 818 579 81 243 522 16 445 638 302 914 234 94 838 842 246 186 508 
18
4 13 40 42 59 74 92 100 105 132 135 150 159 167 179 186 189 196 
76 25
106 13 403 160 717 516 802 195 496 748 313 565 567 245 999 162 767 367 607 405 669 522 992 116 712 
22
0 3 5 7 17 36 37 45 49 51 66 71 74 110 153 163 165 180 183 188 190 192 
77 24
197 310 20 705 467 479 70 870 991 140 738 145 335 235 894 0 152 813 245 151 327 13 519 934 
26
0 8 9 14 17 21 31 38 56 60 61 62 71 88 99 101 118 119 154 157 160 163 164 178 181 183 
78 20
540 808 762 8 872 596 205 183 969 262 650 800 333 873 791 473 611 288 160 198 
19
3 5 8 32 37 53 61 74 99 117 128 153 164 170 179 185 190 196 198 
79 24
512 703 347 758 206 674 123 725 961 893 618 121 656 626 994 604 184 529 925 446 531 131 404 868 
17
40 42 48 52 57 86 99 101 105 112 114 138 147 179 184 193 199 
80 26
368 157 468 566 43 981 621 743 739 828 417 862 905 730 107 523 852 763 502 198 720 38 727 645 484 258 
24
17 26 28 36 44 45 57 61 85 110 112 117 120 133 146 148 151 154 158 162 166 181 192 193 
81 23
968 15 591 924 735 100 393 653 144 374 275 887 465 103 656 327 8 739 434 884 550 738 789 
20
4 20 33 41 45 50 53 58 64 68 107 108 118 119 125 146 149 186 187 198 
82 22
776 868 267 612 126 990 580 493 934 505 228 34 250 882 530 624 157 769 89 426 768 972 
18
0 13 21 24 26 27 43 50 52 65 71 104 110 114 119 159 189 193 
83 27
554 856 108 456 594 249 78 722 117 698 335 595 40 267 441 974 772 669 361 22 903 891 998 412 661 439 24 
20
12 18 49 62 63 91 96 107 113 114 121 127 129 140 142 146 156 162 165 188 
84 29
559 997 956 114 205 416 922 152 17 1 874 134 51 561 81 91 829 522 66 953 544 427 328 447 670 326 860 683 118 
25
3 10 29 38 46 53 64 67 70 90 95 107 114 115 118 124 141 163 179 180 187 190 195 196 197 
85 26
122 677 233 430 143 791 198 66 943 215 67 817 701 118 731 783 561 560 657 627 513 201 406 841 1 429 
15
3 13 55 63 66 80 94 95 96 135 140 154 158 190 194 
86 20
213 112 638 449 587 315 35 369 459 826 568 877 769 135 296 938 837 414 669 972 
13
8 9 20 52 79 108 109 149 152 154 155 165 175 
87 27
581 981 307 95 183 65 288 536 494 808 749 959 798 198 546 114 585 267 925 411 835 802 532 323 98 823 160 
19
35 46 58 61 69 95 96 101 102 109 113 121 123 126 127 131 135 154 185 
88 24
492 484 543 426 465 850 521 0 916 161 536 762 970 637 721 768 836 619 234 421 887 511 185 74 
13
13 16 25 33 34 39 40 41 77 95 102 152 191 
89 25
717 749 115 540 909 331 385 745 875 811 211 725 684 563 993 845 452 756 167 89 829 936 277 449 522 
20
18 37 44 45 50 56 57 61 94 97 98 102 114 121 133 143 148 174 183 188 
90 21
688 34 236 114 51 305 864 167 198 125 498 583 871 373 746 434 451 782 997 444 627 
18
11 18 19 22 27 35 45 51 63 84 114 116 126 145 147 156 158 175 
91 29
552 147 891 382 435 168 183 957 219 223 343 807 337 395 113 553 562 311 679 412 246 902 786 344 336 589 126 685 385 
13
17 51 52 71 83 94 105 130 131 139 157 165 185 
92 25
487 290 252 378 672 687 546 207 997 118 430 340 925 119 735 38 673 649 701 352 62 299 606 200 643 
23
3 19 20 34 41 55 57 58 63 64 75 93 95 124 134 138 140 150 159 161 171 173 179 
93 22
789 121 627 526 227 114 816 831 492 840 519 391 47 516 509 829 208 434 949 296 825 974 
21
42 48 52 53 61 69 92 98 100 101 102 107 113 119 136 149 154 164 179 193 195 
94 25
878 326 359 178 284 559 173 226 700 295 205 227 522 672 395 353 164 236 224 907 635 92 416 465 301 
15
2 11 15 18 26 32 50 85 89 91 127 128 153 172 186 
95 23
414 597 380 388 894 258 66 254 436 350 165 610 928 866 905 133 445 779 805 840 484 322 76 
24
25 26 42 50 51 61 71 84 85 87 88 92 96 103 104 108 118 125 130 147 163 167 196 197 
96 29
581 712 801 350 529 454 553 295 51 933 35 298 543 101 552 980 803 717 942 83 583 199 568 380 978 726 221 462 48 
24
6 11 14 21 31 57 61 65 71 83 85 87 95 105 107 114 124 140 148 158 172 181 186 198 
97 29
523 981 713 677 331 242 131 236 537 535 521 572 833 65 25 385 45 180 454 339 263 390 538 832 770 516 910 991 330 
15
0 5 9 27 29 54 66 89 115 117 125 135 137 174 179 
98 20
993 206 291 706 883 623 949 366 859 486 901 733 411 734 798 436 471 195 617 278 
13
37 73 89 93 114 119 140 154 161 171 172 180 197 
99 24
232 668 72 416 438 940 326 782 270 636 775 828 928 481 711 903 78 114 269 331 847 680 418 645 
24
10 30 34 35 43 46 49 53 56 63 67 72 73 77 78 79 110 140 143 168 182 186 192 194 
100 28
889 840 437 519 726 670 187 798 438 626 90 117 760 713 753 887 541 33 368 253 288 151 683 403 772 14 602 804 
17
4 6 25 68 71 74 75 93 110 112 116 127 135 148 169 171 193 
101 22
600 624 674 792 62 193 519 84 733 669 522 711 760 639 471 473 745 358 366 130 78 619 
17
8 25 48 51 77 79 87 93 109 111 124 126 130 132 148 173 181 
102 21
581 654 526 705 21 128 509 805 728 134 831 521 548 377 392 632 110 61 506 821 498 
18
5 21 28 49 53 54 87 88 89 93 118 123 140 141 148 153 167 190 
103 22
646 595 2 13 725 80 984 848 14 991 374 719 12 503 581 817 583 715 649 104 615 26 
17
12 17 34 41 62 95 141 147 152 155 162 177 178 182 193 196 197 
104 28
599 488 910 105 309 83 603 953 82 550 307 95 628 739 431 476 753 422 851 473 786 706 54 604 289 121 605 746 
22
1 11 25 35 38 51 65 82 95 109 114 118 131 137 168 172 175 177 181 193 196 199 
105 28
983 594 687 823 504 792 132 940 748 437 22 298 744 469 926 483 900 755 589 675 606 62 461 312 468 417 601 941 
13
20 28 32 36 75 79 91 96 128 131 139 190 195 
106 24
699 29 709 294 716 532 150 508 16 90 608 453 112 259 549 933 537 385 186 292 974 861 250 36 
10
5 11 26 37 40 122 135 145 158 187 
107 24
914 856 444 868 797 818 567 178 880 861 894 412 12 754 781 102 363 234 974 136 500 511 521 686 
19
10 28 30 48 55 81 83 84 93 96 112 116 117 121 132 143 163 177 179 
108 26
495 899 406 883 574 321 739 370 189 888 188 756 66 420 970 312 833 982 966 436 781 200 355 755 336 208 
22
14 17 31 37 44 51 58 66 81 86 95 114 117 126 138 141 164 168 170 177 183 199 
109 27
209 246 423 704 146 181 587 72 502 678 442 43 918 982 152 984 403 122 296 588 456 715 554 244 496 106 952 
21
0 1 6 15 18 22 27 29 31 34 58 86 87 101 104 111 128 136 139 164 192 
110 24
795 160 223 4 406 646 709 904 179 648 976 34 679 770 77 597 105 581 934 508 703 230 448 511 
27
2 10 25 32 35 47 49 59 67 69 76 80 82 99 100 112 123 127 131 141 166 171 173 174 178 190 192 
111 27
2 108 794 60 398 255 572 621 260 330 619 321 235 798 563 184 0 686 262 598 791 843 884 299 899 466 747 
19
1 8 17 39 42 43 44 52 101 109 146 148 158 164 181 188 195 197 199 
112 22
764 101 870 558 561 282 308 817 854 281 429 185 900 750 772 50 71 335 235 424 21 849 
21
2 9 12 14 15 32 44 58 79 80 100 107 110 113 118 123 146 155 169 176 189 
113 24
812 44 258 463 943 724 562 58 488 15 280 398 577 563 706 746 769 987 175 306 239 277 430 290 
21
8 18 28 57 66 68 72 74 83 87 93 112 128 133 136 148 164 172 173 178 199 
114 20
766 877 124 139 726 498 304 122 108 119 66 833 682 476 673 697 756 72 626 671 
28
5 32 36 41 45 48 54 55 79 82 83 84 89 90 96 98 104 108 116 119 132 153 166 171 184 193 194 197 
115 20
372 793 118 547 99 709 176 882 351 877 648 228 1 139 306 852 443 429 312 915 
15
0 4 19 25 33 38 53 84 97 118 134 140 164 172 194 
116 27
145 597 323 171 646 431 243 273 103 725 645 896 195 545 347 905 73 229 256 950 837 304 721 495 508 516 924 
22
1 33 37 39 46 48 49 53 61 67 69 90 100 107 114 126 128 136 145 157 162 172 
117 20
431 123 318 380 798 489 27 230 84 300 685 809 297 933 5 194 632 262 268 214 
25
10 11 25 27 31 36 57 60 67 78 80 97 107 108 124 127 139 140 141 146 158 167 183 184 193 
118 28
570 795 707 874 516 203 382 33 479 555 816 955 873 197 753 714 224 335 798 876 372 959 525 305 316 72 938 930 
22
12 14 28 31 42 68 77 81 84 95 102 104 112 115 120 129 136 141 147 156 185 199 
119 20
152 801 910 947 508 137 816 711 519 201 543 74 17 498 299 214 251 13 790 939 
13
33 38 77 81 82 93 98 114 120 125 139 143 149 
120 23
18 311 475 544 617 791 616 907 722 308 411 875 570 358 383 707 526 447 579 727 990 5 745 
22
2 17 30 45 49 53 68 80 118 119 125 135 159 162 168 176 182 185 186 190 191 193 
121 28
305 311 91 670 454 30 186 824 342 661 368 804 336 218 878 996 629 753 567 339 137 626 866 584 205 945 926 563 
18
14 16 20 21 36 42 47 60 62 72 83 87 89 107 129 145 147 195 
122 22
414 220 706 857 242 160 888 428 984 582 89 705 893 894 393 463 772 742 444 878 309 135 
14
7 17 24 34 36 38 55 66 106 125 128 161 175 179 
123 25
287 1 951 845 299 877 408 341 643 980 47 500 222 559 740 651 544 322 601 567 986 346 30 111 88 
18
8 16 20 32 53 87 102 110 112 134 137 148 153 154 158 159 162 187 
124 26
989 749 962 356 37 315 659 234 614 536 642 956 531 974 355 383 196 915 124 847 811 798 940 412 366 278 
27
2 15 29 44 51 54 63 64 72 84 92 96 101 117 127 132 135 138 143 152 164 176 177 179 181 189 190 
125 28
748 389 199 575 730 948 537 438 337 852 97 571 819 985 565 775 868 539 130 252 88 397 376 287 208 174 227 620 
29
12 13 21 22 25 26 27 28 34 39 41 61 70 81 95 97 119 120 122 126 127 136 144 152 153 154 157 163 192 
126 22
858 731 641 599 282 568 682 230 105 120 920 309 218 843 128 555 409 255 424 300 738 676 
25
1 28 46 52 54 87 90 101 108 116 125 127 132 144 146 148 157 165 173 183 185 188 194 195 198 
127 20
135 404 28 344 930 607 316 823 465 47 816 65 329 384 747 912 841 867 184 150 
30
15 18 20 21 22 24 25 31 33 36 45 50 70 74 83 87 94 100 110 117 124 125 126 138 149 159 175 176 186 199 
128 27
27 631 345 788 886 769 441 976 797 181 112 553 209 808 483 817 124 306 282 524 474 699 205 858 446 469 666 
22
2 13 27 38 40 48 51 59 61 72 73 78 94 105 109 113 116 122 137 138 145 154 
129 23
202 455 681 833 152 469 71 921 910 48 70 444 160 623 653 968 107 822 765 105 240 156 174 
15
23 24 27 39 49 52 59 83 118 121 141 149 175 176 179 
130 20
955 643 150 621 297 704 428 330 537 581 151 608 854 414 656 925 858 168 900 511 
21
3 6 9 12 16 31 33 45 70 91 95 101 135 136 151 156 161 172 178 185 193 
131 28
359 686 933 125 143 901 717 299 75 167 254 71 669 227 720 373 8 50 262 589 201 871 795 615 879 72 825 400 
17
12 13 22 50 60 87 91 104 105 110 141 152 166 174 186 188 191 
132 23
689 888 332 375 821 809 518 75 878 817 502 398 72 573 67 651 293 793 659 343 55 600 897 
17
19 53 63 75 101 107 114 124 126 133 143 145 154 176 179 186 191 
133 28
396 864 510 820 690 910 145 379 798 830 754 972 639 272 47 870 441 549 268 865 123 335 517 768 480 528 464 536 
21
0 6 23 27 34 42 47 67 70 80 89 113 132 144 152 153 161 163 164 165 185 
134 29
361 166 877 225 676 697 267 586 195 646 737 25 400 61 16 24 108 886 466 9 154 683 484 842 200 253 322 729 69 
21
0 9 17 35 36 39 45 46 50 57 59 92 115 123 140 158 171 174 182 193 198 
135 20
210 430 729 439 7 405 488 275 344 683 273 433 708 26 494 725 50 954 611 868 
32
10 11 12 26 28 33 45 49 52 59 70 73 75 85 87 97 100 106 120 124 130 136 138 140 141 147 156 188 190 192 196 197 
136 23
118 552 448 960 104 53 634 185 122 197 747 904 926 186 263 683 675 890 379 358 164 812 419 
17
8 46 65 93 109 113 116 118 125 130 135 149 158 167 172 187 197 
137 20
658 496 592 612 459 813 928 577 365 728 889 821 133 524 7 607 721 754 511 999 
17
15 20 26 33 41 42 51 69 97 104 123 128 141 148 173 184 197 
138 21
126 682 968 17 62 678 533 226 449 75 885 945 667 849 405 480 777 982 197 857 872 
26
4 8 13 19 24 33 40 41 47 50 54 79 92 108 124 127 128 135 146 147 148 155 160 173 193 199 
139 29
990 748 378 597 821 132 460 820 425 587 502 745 956 916 424 489 143 873 380 171 583 229 576 416 359 910 965 568 134 
18
4 13 32 35 41 57 91 105 109 117 119 145 149 154 159 173 179 180 
140 24
559 882 714 156 703 847 969 875 624 556 730 370 864 646 146 705 141 371 621 873 542 455 470 324 
18
19 40 42 44 71 83 85 92 96 98 99 102 115 117 134 135 188 197 
141 24
381 290 382 867 626 293 750 341 802 805 540 771 681 164 679 763 886 543 409 32 248 903 756 221 
21
5 23 33 48 69 70 84 102 103 108 110 117 118 129 131 135 137 164 171 179 193 
142 26
650 777 231 121 454 397 854 744 132 73 722 425 823 63 579 981 955 350 14 120 29 358 924 538 743 524 
13
3 5 13 38 42 48 83 152 157 165 185 187 192 
143 21
499 745 570 149 875 153 622 329 551 828 425 35 902 147 812 77 563 392 410 518 94 
19
3 12 21 36 47 55 69 89 99 107 119 124 132 154 163 167 181 191 193 
144 24
990 476 553 349 400 92 925 885 943 22 807 444 249 961 67 930 864 247 355 899 149 855 63 579 
18
9 24 26 29 35 55 57 63 125 126 133 147 149 156 181 183 186 190 
145 28
455 989 288 550 414 279 378 319 628 778 411 72 55 649 15 430 456 459 679 417 878 610 281 478 317 532 627 172 
19
15 21 25 32 37 42 46 90 106 116 121 128 132 139 152 166 181 184 193 
146 26
206 942 403 196 231 305 962 510 683 281 490 814 45 562 869 694 929 651 150 740 331 920 971 293 553 449 
20
3 6 35 37 43 54 63 67 74 80 81 83 111 112 117 126 138 155 176 179 
147 22
438 428 135 34 635 77 789 183 660 447 497 170 130 12 296 175 574 518 221 855 169 372 
20
25 32 39 51 69 79 90 95 103 118 121 135 138 144 170 177 182 189 191 197 
148 26
852 644 567 497 197 368 460 635 796 595 21 431 24 163 966 685 610 815 207 92 946 220 389 121 794 907 
25
2 15 23 35 40 55 62 72 80 89 96 100 101 102 111 113 123 126 137 138 153 154 166 176 199 
149 23
2 76 67 598 929 711 517 426 260 237 886 248 33 833 621 817 858 784 783 895 394 599 102 
14
17 81 86 93 119 127 129 136 139 144 171 174 183 184 
150 27
545 322 876 18 469 783 361 471 211 780 421 492 491 290 271 104 527 509 704 560 343 325 377 553 110 513 448 
17
8 11 14 17 22 25 33 54 67 75 92 163 169 170 176 185 198 
151 26
464 902 343 361 225 571 731 46 706 93 517 918 290 410 69 580 33 173 459 543 877 19 238 202 749 791 
14
15 33 49 53 65 80 130 154 155 157 164 172 181 192 
152 24
614 591 521 430 845 864 143 422 788 874 468 494 319 337 412 545 627 175 559 208 139 18 103 16 
14
18 49 86 88 103 124 125 131 133 142 145 160 166 179 
153 20
341 570 491 484 235 457 427 108 887 273 324 30 695 112 256 164 607 576 853 371 
29
10 12 23 48 49 56 73 76 78 94 102 114 123 125 133 148 161 165 170 175 177 179 181 183 185 187 188 197 199 
154 21
481 898 87 392 459 226 411 562 242 153 904 164 644 740 751 101 168 859 340 441 184 
27
2 3 6 8 14 26 28 33 45 52 53 77 80 85 86 87 93 98 123 125 128 132 139 143 148 151 184 
155 22
488 648 978 4 255 554 858 627 27 691 525 114 83 984 340 846 899 934 999 155 99 995 
23
10 13 16 21 23 31 35 53 57 66 68 71 86 103 112 138 146 151 156 171 177 183 194 
156 25
202 448 415 414 788 208 598 862 697 841 701 854 747 911 833 775 602 710 889 686 47 230 532 946 516 
20
1 2 6 11 26 42 44 50 53 57 74 83 90 118 130 135 144 155 183 186 
157 22
453 967 879 348 170 328 116 584 468 324 534 331 21 132 172 75 338 919 986 171 46 589 
20
12 19 22 23 27 28 45 46 59 73 74 77 91 116 125 126 142 151 159 184 
158 22
936 275 281 518 159 227 386 43 680 354 923 380 524 251 496 460 71 821 994 402 194 478 
20
19 21 50 59 62 63 80 85 90 96 106 111 117 123 134 136 160 163 167 174 
159 26
621 817 198 960 340 244 549 222 532 176 503 402 687 82 789 731 114 143 654 847 19 257 343 831 328 516 
24
9 12 16 24 25 27 30 46 64 70 73 75 82 92 120 123 127 139 157 177 182 188 193 196 
160 27
731 63 655 9 36 824 207 996 165 804 897 739 336 425 595 113 677 880 844 144 375 498 991 394 755 686 225 
18
6 7 8 13 21 22 23 29 46 60 77 138 152 158 166 169 177 191 
161 25
555 402 166 970 409 176 6 234 735 355 399 539 252 138 876 678 733 967 791 763 847 987 259 222 837 
14
0 4 14 19 35 46 55 92 98 122 130 133 153 197 
162 20
968 944 288 545 379 843 299 898 165 708 74 172 294 161 879 45 701 131 536 929 
16
1 8 22 29 42 49 68 74 80 83 103 116 120 123 187 199 
163 21
621 896 952 384 95 291 995 669 128 245 637 72 886 534 452 81 833 350 247 893 776 
23
17 21 25 38 54 56 67 76 77 84 95 107 125 133 143 150 158 170 172 183 184 188 192 
164 21
540 937 650 585 990 133 121 919 295 95 815 599 479 262 891 475 931 19 72 920 444 
29
4 13 19 20 33 34 36 38 52 56 58 61 73 74 77 78 93 108 109 111 113 115 124 133 141 151 165 177 187 
165 28
454 248 392 639 598 885 726 762 425 15 412 362 6 545 836 925 192 931 93 792 355 35 589 406 14 559 850 324 
22
3 8 14 16 33 36 49 55 68 70 76 83 86 91 126 133 142 153 164 173 174 178 
166 26
98 716 357 48 355 594 126 469 371 142 881 734 500 779 922 777 323 853 870 115 615 578 150 557 217 571 
21
7 15 21 22 24 38 44 48 51 66 80 110 114 131 145 148 152 160 176 180 181 
167 28
759 895 846 858 612 204 258 319 798 385 789 170 879 22 256 379 153 178 156 477 31 592 998 309 95 555 526 4 
20
2 29 36 44 45 55 61 65 75 95 102 117 136 143 158 172 184 187 190 198 
168 28
6 763 374 853 973 338 57 232 657 207 969 446 729 848 821 985 579 974 163 87 451 546 818 396 897 127 491 804 
11
6 63 64 73 99 104 108 120 184 191 196 
169 23
495 283 660 610 657 865 584 995 274 168 4 481 489 803 211 689 624 548 620 598 712 707 50 
13
0 18 22 23 100 112 150 160 174 179 180 182 187 
170 20
526 446 507 653 289 312 659 136 947 671 746 604 536 682 951 810 202 307 643 691 
14
0 3 23 34 54 64 78 108 147 150 153 163 178 199 
171 20
206 732 734 755 352 685 819 60 87 429 938 533 289 943 174 601 602 310 548 625 
18
10 14 31 32 63 69 71 92 98 100 110 114 134 141 149 155 190 196 
172 28
504 513 91 807 323 645 466 319 689 577 525 421 663 280 774 700 451 186 787 881 476 672 522 419 846 123 374 508 
29
1 6 10 17 22 23 29 31 48 49 61 71 94 96 98 104 113 115 116 130 136 151 163 167 176 189 196 197 198 
173 23
999 917 879 513 360 38 188 5 504 507 46 433 385 468 97 665 594 149 117 780 937 350 256 
22
4 15 18 26 37 39 51 59 64 73 92 101 110 113 126 137 138 139 165 174 180 181 
174 29
872 27 456 347 401 964 722 753 233 953 266 593 991 454 951 847 314 997 281 699 465 730 716 411 879 185 191 168 887 
14
24 42 74 89 97 110 131 134 149 158 165 169 173 189 
175 29
778 759 179 586 458 580 902 532 333 136 485 951 81 828 758 32 28 72 30 309 123 847 391 839 259 622 377 802 791 
19
4 14 32 46 51 56 59 63 64 69 86 90 104 122 127 129 153 176 197 
176 24
954 921 376 133 507 186 65 409 719 751 897 556 702 979 385 460 363 765 884 745 426 7 945 817 
23
17 18 23 29 32 37 48 67 70 112 120 124 127 129 132 146 148 150 166 172 175 184 188 
177 29
204 791 928 358 582 192 312 503 920 797 362 107 863 124 826 614 21 734 668 352 471 481 68 236 365 165 662 725 110 
23
6 11 19 20 22 36 43 51 59 74 103 104 107 108 124 147 153 155 159 160 164 195 198 
178 21
276 666 623 204 25 557 748 689 61 669 839 775 776 702 899 954 668 273 40 688 977 
15
1 9 21 22 48 56 67 69 77 103 110 113 130 165 170 
179 22
169 45 748 887 211 411 612 321 242 240 340 217 444 365 775 192 406 188 213 245 963 341 
26
12 14 19 40 47 56 72 75 78 79 84 92 93 97 107 122 124 129 132 139 141 146 152 153 169 185 
180 29
863 647 319 136 688 8 113 200 529 511 300 416 74 711 28 747 306 268 87 523 64 452 650 609 211 838 822 456 802 
20
6 18 24 29 31 32 35 44 59 60 69 76 84 98 139 166 169 173 183 193 
181 26
756 665 163 75 153 203 435 618 403 965 129 56 381 555 767 762 303 425 30 390 301 447 195 951 406 142 
21
6 19 23 38 42 77 80 96 101 104 111 124 143 144 145 151 153 166 173 184 197 
182 20
862 944 746 970 961 262 46 466 465 481 84 221 798 566 277 180 121 396 942 424 
20
6 20 21 23 24 42 43 47 65 66 73 99 103 120 134 147 159 169 187 199 
183 24
324 167 827 771 362 130 179 120 272 762 982 216 860 953 529 122 351 995 940 184 80 513 983 998 
23
15 18 28 29 37 43 58 59 76 77 89 108 117 126 144 149 153 155 156 163 180 186 193 
184 22
515 119 538 457 896 64 133 415 891 905 129 22 436 249 294 198 231 863 411 536 392 533 
20
28 39 41 47 56 60 62 79 114 117 137 145 149 154 157 163 167 168 176 181 
185 29
740 825 424 172 690 759 170 832 274 641 371 731 889 435 216 304 679 473 433 701 910 34 347 460 618 210 871 154 955 
21
6 15 18 31 32 35 71 72 78 87 91 118 120 126 130 133 142 150 153 179 199 
186 27
746 695 934 522 867 625 281 389 457 555 382 180 638 272 968 854 928 647 328 714 348 590 748 402 366 258 274 
22
12 24 39 46 47 50 51 71 74 75 81 94 96 99 120 127 131 132 144 156 183 191 
187 23
213 383 619 260 317 141 479 942 774 220 752 681 602 932 319 874 900 525 155 547 205 869 247 
21
14 24 48 49 62 81 84 106 123 136 142 153 162 164 167 169 182 190 192 194 195 
188 27
969 295 550 336 553 176 561 118 559 532 378 876 25 209 171 799 429 923 480 31 207 151 258 108 28 413 7 
18
14 17 39 55 71 76 83 89 111 126 131 135 140 153 159 163 176 193 
189 24
282 255 381 251 550 283 939 455 459 500 573 18 384 303 247 409 512 770 208 293 45 40 324 252 
17
3 10 22 33 47 50 56 70 71 75 82 112 124 147 172 174 193 
190 21
582 712 220 347 720 806 629 975 539 233 877 823 524 332 634 377 257 5 761 560 604 
19
9 10 37 63 67 76 78 84 85 102 105 110 120 124 135 144 167 171 187 
191 21
424 374 731 717 771 124 393 23 315 328 736 887 675 456 693 657 783 585 890 12 760 
17
6 19 21 31 38 47 65 68 88 120 131 132 143 147 160 168 186 
192 24
344 394 791 601 399 905 513 355 76 937 729 159 6 500 283 876 951 79 964 838 755 772 884 412 
19
5 12 27 34 45 53 59 76 80 99 109 110 125 135 142 151 163 187 196 
193 27
821 654 919 581 68 263 327 212 216 79 117 729 434 545 18 516 56 24 16 340 775 244 643 855 208 833 962 
30
3 15 19 32 36 40 50 51 61 79 80 82 93 100 103 104 114 117 120 130 134 138 141 143 145 159 180 183 188 189 
194 22
717 374 239 890 28 158 471 448 773 151 12 989 230 481 70 664 26 440 180 83 816 549 
16
28 40 41 42 54 66 70 73 85 99 114 115 126 155 187 199 
195 25
592 145 418 799 706 251 761 38 321 487 278 211 867 788 35 667 914 186 680 255 768 161 326 432 540 
18
0 2 11 13 23 24 42 49 62 84 93 105 111 121 126 177 187 199 
196 28
965 975 935 514 102 527 659 520 678 365 123 791 756 796 278 386 360 145 174 395 812 440 933 844 696 701 358 22 
20
1 3 27 29 30 45 52 71 75 78 84 95 103 104 135 159 168 171 172 192 
197 25
250 140 450 225 427 316 327 954 976 199 984 693 674 775 449 471 53 187 183 550 714 930 715 154 863 
24
9 12 13 30 41 46 53 59 84 95 98 103 111 114 135 136 137 140 147 153 161 172 175 181 
198 29
850 916 269 872 401 519 365 204 744 792 520 423 99 848 974 435 542 649 211 343 472 616 531 655 167 245 585 234 751 
19
2 6 18 19 30 57 67 68 72 74 78 81 96 126 134 150 167 172 177 
199 20
145 602 68 415 826 469 934 191 25 31 336 546 806 787 394 781 222 288 782 785 
30
3 10 20 22 25 26 27 42 49 55 64 70 71 74 79 104 108 111 113 118 127 138 148 153 162 170 182 185 194 195 
